Pagel's Directional Test for FSSB and SDT
--------------------
Both Independent or Dependent

Pagel's binary character correlation test:

Assumes "ARD" substitution model for both characters

Independent model rate matrix:
          0|0       0|1       1|0       1|1
0|0 -0.043246  0.020218  0.023028  0.000000
0|1  0.020721 -0.043748  0.000000  0.023028
1|0  0.077834  0.000000 -0.098052  0.020218
1|1  0.000000  0.077834  0.020721 -0.098555

Dependent (x & y) model rate matrix:
          0|0       0|1       1|0       1|1
0|0 -0.031141  0.006284  0.024857  0.000000
0|1  0.022106 -0.069166  0.000000  0.047060
1|0  0.018725  0.000000 -0.067172  0.048447
1|1  0.000000  0.293770  0.000000 -0.293770

Model fit:
            log-likelihood      AIC
independent      -402.4861 812.9722
dependent        -387.9766 791.9533

Hypothesis test result:
  likelihood-ratio:  29.019 
  p-value:  7.74829e-06 

Model fitting method used was fitMk 

R thinks both model optimizations converged.

--------------------
Dependent FSSB

Pagel's binary character correlation test:

Assumes "ARD" substitution model for both characters

Independent model rate matrix:
          0|0       0|1       1|0       1|1
0|0 -0.043246  0.020218  0.023028  0.000000
0|1  0.020721 -0.043748  0.000000  0.023028
1|0  0.077834  0.000000 -0.098052  0.020218
1|1  0.000000  0.077834  0.020721 -0.098555

Dependent (x only) model rate matrix:
          0|0       0|1       1|0       1|1
0|0 -0.042724  0.020626  0.022098  0.000000
0|1  0.019982 -0.053616  0.000000  0.033634
1|0  0.041450  0.000000 -0.062076  0.020626
1|1  0.000000  0.202012  0.019982 -0.221994

Model fit:
            log-likelihood      AIC
independent      -402.4861 812.9722
dependent        -396.1447 804.2894

Hypothesis test result:
  likelihood-ratio:  12.6828 
  p-value:  0.00176179 

Model fitting method used was fitMk 

R thinks both model optimizations converged.

--------------------
Dependent SDT

Pagel's binary character correlation test:

Assumes "ARD" substitution model for both characters

Independent model rate matrix:
          0|0       0|1       1|0       1|1
0|0 -0.043246  0.020218  0.023028  0.000000
0|1  0.020721 -0.043748  0.000000  0.023028
1|0  0.077834  0.000000 -0.098052  0.020218
1|1  0.000000  0.077834  0.020721 -0.098555

Dependent (y only) model rate matrix:
          0|0       0|1       1|0       1|1
0|0 -0.038600  0.016935  0.021665  0.000000
0|1  0.015461 -0.037126  0.000000  0.021665
1|0  0.074705  0.000000 -0.106905  0.032200
1|1  0.000000  0.074705  0.060055 -0.134761

Model fit:
            log-likelihood      AIC
independent      -402.4861 812.9722
dependent        -400.7750 813.5500

Hypothesis test result:
  likelihood-ratio:  3.42221 
  p-value:  0.180666 

Model fitting method used was fitMk 

R thinks both model optimizations converged.

--------------------
AIC
        independent       dependent SSB       dependent SDT dependent SSB & SDT 
           812.9722            804.2894            813.5500            791.9533 
Weights
        independent       dependent SSB       dependent SDT dependent SSB & SDT 
         0.00002722          0.00209080          0.00002039          0.99786159 
