Pagel's Directional Test for FSSB and SDT
--------------------
Both Independent or Dependent

Pagel's binary character correlation test:

Assumes "ARD" substitution model for both characters

Independent model rate matrix:
          0|0       0|1       1|0       1|1
0|0 -0.042771  0.020835  0.021937  0.000000
0|1  0.022223 -0.044159  0.000000  0.021937
1|0  0.072940  0.000000 -0.093775  0.020835
1|1  0.000000  0.072940  0.022223 -0.095163

Dependent (x & y) model rate matrix:
          0|0       0|1       1|0       1|1
0|0 -0.031642  0.005284  0.026358  0.000000
0|1  0.023165 -0.066069  0.000000  0.042904
1|0  0.018996  0.000000 -0.070193  0.051197
1|1  0.000000  0.270602  0.000000 -0.270602

Model fit:
            log-likelihood      AIC
independent      -404.4860 816.9720
dependent        -390.4203 796.8405

Hypothesis test result:
  likelihood-ratio:  28.1315 
  p-value:  1.17303e-05 

Model fitting method used was fitMk 

R thinks both model optimizations converged.

--------------------
Dependent FSSB

Pagel's binary character correlation test:

Assumes "ARD" substitution model for both characters

Independent model rate matrix:
          0|0       0|1       1|0       1|1
0|0 -0.042771  0.020835  0.021937  0.000000
0|1  0.022223 -0.044159  0.000000  0.021937
1|0  0.072940  0.000000 -0.093775  0.020835
1|1  0.000000  0.072940  0.022223 -0.095163

Dependent (x only) model rate matrix:
          0|0       0|1       1|0       1|1
0|0 -0.043731  0.021390  0.022342  0.000000
0|1  0.020863 -0.048692  0.000000  0.027829
1|0  0.041218  0.000000 -0.062607  0.021390
1|1  0.000000  0.165566  0.020863 -0.186429

Model fit:
            log-likelihood      AIC
independent      -404.4860 816.9720
dependent        -399.3176 810.6352

Hypothesis test result:
  likelihood-ratio:  10.3368 
  p-value:  0.0056936 

Model fitting method used was fitMk 

R thinks both model optimizations converged.

--------------------
Dependent SDT

Pagel's binary character correlation test:

Assumes "ARD" substitution model for both characters

Independent model rate matrix:
          0|0       0|1       1|0       1|1
0|0 -0.042771  0.020835  0.021937  0.000000
0|1  0.022223 -0.044159  0.000000  0.021937
1|0  0.072940  0.000000 -0.093775  0.020835
1|1  0.000000  0.072940  0.022223 -0.095163

Dependent (y only) model rate matrix:
          0|0       0|1       1|0       1|1
0|0 -0.038406  0.017446  0.020959  0.000000
0|1  0.016766 -0.037725  0.000000  0.020959
1|0  0.070802  0.000000 -0.101324  0.030522
1|1  0.000000  0.070802  0.052924 -0.123726

Model fit:
            log-likelihood      AIC
independent      -404.4860 816.9720
dependent        -402.7714 817.5428

Hypothesis test result:
  likelihood-ratio:  3.42921 
  p-value:  0.180035 

Model fitting method used was fitMk 

R thinks both model optimizations converged.

--------------------
AIC
        independent       dependent SSB       dependent SDT dependent SSB & SDT 
           816.9720            810.6352            817.5428            796.8405 
Weights
        independent       dependent SSB       dependent SDT dependent SSB & SDT 
         0.00004246          0.00100937          0.00003192          0.99891625 
