Pagel's Directional Test for FSSB and SDT
--------------------
Both Independent or Dependent

Pagel's binary character correlation test:

Assumes "ARD" substitution model for both characters

Independent model rate matrix:
          0|0       0|1       1|0       1|1
0|0 -0.044638  0.021525  0.023113  0.000000
0|1  0.022506 -0.045619  0.000000  0.023113
1|0  0.079196  0.000000 -0.100722  0.021525
1|1  0.000000  0.079196  0.022506 -0.101702

Dependent (x & y) model rate matrix:
          0|0       0|1       1|0       1|1
0|0 -0.032660  0.007113  0.025547  0.000000
0|1  0.023944 -0.082978  0.000000  0.059034
1|0  0.019682  0.000000 -0.070533  0.050850
1|1  0.000000  0.349964  0.000000 -0.349964

Model fit:
            log-likelihood      AIC
independent      -407.7502 823.5004
dependent        -395.4561 806.9121

Hypothesis test result:
  likelihood-ratio:  24.5883 
  p-value:  6.0866e-05 

Model fitting method used was fitMk 

R thinks both model optimizations converged.

--------------------
Dependent FSSB

Pagel's binary character correlation test:

Assumes "ARD" substitution model for both characters

Independent model rate matrix:
          0|0       0|1       1|0       1|1
0|0 -0.044638  0.021525  0.023113  0.000000
0|1  0.022506 -0.045619  0.000000  0.023113
1|0  0.079196  0.000000 -0.100722  0.021525
1|1  0.000000  0.079196  0.022506 -0.101702

Dependent (x only) model rate matrix:
          0|0       0|1       1|0       1|1
0|0 -0.044262  0.021750  0.022511  0.000000
0|1  0.021295 -0.052638  0.000000  0.031344
1|0  0.045566  0.000000 -0.067316  0.021750
1|1  0.000000  0.183445  0.021295 -0.204739

Model fit:
            log-likelihood      AIC
independent      -407.7502 823.5004
dependent        -402.9928 817.9857

Hypothesis test result:
  likelihood-ratio:  9.51478 
  p-value:  0.00858798 

Model fitting method used was fitMk 

R thinks both model optimizations converged.

--------------------
Dependent SDT

Pagel's binary character correlation test:

Assumes "ARD" substitution model for both characters

Independent model rate matrix:
          0|0       0|1       1|0       1|1
0|0 -0.044638  0.021525  0.023113  0.000000
0|1  0.022506 -0.045619  0.000000  0.023113
1|0  0.079196  0.000000 -0.100722  0.021525
1|1  0.000000  0.079196  0.022506 -0.101702

Dependent (y only) model rate matrix:
          0|0       0|1       1|0       1|1
0|0 -0.041561  0.019211  0.022350  0.000000
0|1  0.017029 -0.039379  0.000000  0.022350
1|0  0.077966  0.000000 -0.107443  0.029477
1|1  0.000000  0.077966  0.056104 -0.134069

Model fit:
            log-likelihood      AIC
independent      -407.7502 823.5004
dependent        -406.1871 824.3742

Hypothesis test result:
  likelihood-ratio:  3.12626 
  p-value:  0.20948 

Model fitting method used was fitMk 

R thinks both model optimizations converged.

--------------------
AIC
        independent       dependent SSB       dependent SDT dependent SSB & SDT 
           823.5004            817.9857            824.3742            806.9121 
Weights
        independent       dependent SSB       dependent SDT dependent SSB & SDT 
         0.00024889          0.00392217          0.00016080          0.99566815 
