Pagel's Directional Test for FSSB and SDT
--------------------
Both Independent or Dependent

Pagel's binary character correlation test:

Assumes "ARD" substitution model for both characters

Independent model rate matrix:
          0|0       0|1       1|0       1|1
0|0 -0.043557  0.020235  0.023322  0.000000
0|1  0.020405 -0.043727  0.000000  0.023322
1|0  0.078451  0.000000 -0.098686  0.020235
1|1  0.000000  0.078451  0.020405 -0.098856

Dependent (x & y) model rate matrix:
          0|0       0|1       1|0       1|1
0|0 -0.031926  0.006420  0.025506  0.000000
0|1  0.021430 -0.073796  0.000000  0.052366
1|0  0.021567  0.000000 -0.070101  0.048534
1|1  0.000000  0.309126  0.000000 -0.309126

Model fit:
            log-likelihood      AIC
independent      -407.7374 823.4748
dependent        -393.9269 803.8538

Hypothesis test result:
  likelihood-ratio:  27.6209 
  p-value:  1.48853e-05 

Model fitting method used was fitMk 

R thinks both model optimizations converged.

--------------------
Dependent FSSB

Pagel's binary character correlation test:

Assumes "ARD" substitution model for both characters

Independent model rate matrix:
          0|0       0|1       1|0       1|1
0|0 -0.043557  0.020235  0.023322  0.000000
0|1  0.020405 -0.043727  0.000000  0.023322
1|0  0.078451  0.000000 -0.098686  0.020235
1|1  0.000000  0.078451  0.020405 -0.098856

Dependent (x only) model rate matrix:
          0|0       0|1       1|0       1|1
0|0 -0.045074  0.020492  0.024582  0.000000
0|1  0.019012 -0.064005  0.000000  0.044993
1|0  0.048359  0.000000 -0.068851  0.020492
1|1  0.000000  0.246984  0.019012 -0.265997

Model fit:
            log-likelihood      AIC
independent      -407.7374 823.4748
dependent        -402.7624 817.5248

Hypothesis test result:
  likelihood-ratio:  9.94994 
  p-value:  0.00690871 

Model fitting method used was fitMk 

R thinks both model optimizations converged.

--------------------
Dependent SDT

Pagel's binary character correlation test:

Assumes "ARD" substitution model for both characters

Independent model rate matrix:
          0|0       0|1       1|0       1|1
0|0 -0.043557  0.020235  0.023322  0.000000
0|1  0.020405 -0.043727  0.000000  0.023322
1|0  0.078451  0.000000 -0.098686  0.020235
1|1  0.000000  0.078451  0.020405 -0.098856

Dependent (y only) model rate matrix:
          0|0       0|1       1|0       1|1
0|0 -0.037997  0.015952  0.022045  0.000000
0|1  0.015027 -0.037072  0.000000  0.022045
1|0  0.075866  0.000000 -0.108560  0.032695
1|1  0.000000  0.075866  0.054581 -0.130446

Model fit:
            log-likelihood      AIC
independent      -407.7374 823.4748
dependent        -405.8155 823.6310

Hypothesis test result:
  likelihood-ratio:  3.84372 
  p-value:  0.146335 

Model fitting method used was fitMk 

R thinks both model optimizations converged.

--------------------
AIC
        independent       dependent SSB       dependent SDT dependent SSB & SDT 
           823.4748            817.5248            823.6310            803.8538 
Weights
        independent       dependent SSB       dependent SDT dependent SSB & SDT 
         0.00005481          0.00107366          0.00005069          0.99882084 
