Pagel's Directional Test for FSSB and SDT
--------------------
Both Independent or Dependent

Pagel's binary character correlation test:

Assumes "ARD" substitution model for both characters

Independent model rate matrix:
          0|0       0|1       1|0       1|1
0|0 -0.046766  0.022324  0.024441  0.000000
0|1  0.024163 -0.048604  0.000000  0.024441
1|0  0.075286  0.000000 -0.097610  0.022324
1|1  0.000000  0.075286  0.024163 -0.099449

Dependent (x & y) model rate matrix:
          0|0       0|1       1|0       1|1
0|0 -0.033390  0.006447  0.026943  0.000000
0|1  0.025452 -0.106089  0.000000  0.080637
1|0  0.017406  0.000000 -0.069360  0.051954
1|1  0.000000  0.452775  0.000000 -0.452775

Model fit:
            log-likelihood      AIC
independent      -403.4456 814.8911
dependent        -388.7487 793.4973

Hypothesis test result:
  likelihood-ratio:  29.3938 
  p-value:  6.50178e-06 

Model fitting method used was fitMk 

R thinks both model optimizations converged.

--------------------
Dependent FSSB

Pagel's binary character correlation test:

Assumes "ARD" substitution model for both characters

Independent model rate matrix:
          0|0       0|1       1|0       1|1
0|0 -0.046766  0.022324  0.024441  0.000000
0|1  0.024163 -0.048604  0.000000  0.024441
1|0  0.075286  0.000000 -0.097610  0.022324
1|1  0.000000  0.075286  0.024163 -0.099449

Dependent (x only) model rate matrix:
          0|0       0|1       1|0       1|1
0|0 -0.046569  0.023078  0.023491  0.000000
0|1  0.023282 -0.074146  0.000000  0.050864
1|0  0.041355  0.000000 -0.064433  0.023078
1|1  0.000000  0.279211  0.023282 -0.302493

Model fit:
            log-likelihood      AIC
independent      -403.4456 814.8911
dependent        -397.4715 806.9431

Hypothesis test result:
  likelihood-ratio:  11.948 
  p-value:  0.00254399 

Model fitting method used was fitMk 

R thinks one or both likelihood optimizations did not converge.

--------------------
Dependent SDT

Pagel's binary character correlation test:

Assumes "ARD" substitution model for both characters

Independent model rate matrix:
          0|0       0|1       1|0       1|1
0|0 -0.046766  0.022324  0.024441  0.000000
0|1  0.024163 -0.048604  0.000000  0.024441
1|0  0.075286  0.000000 -0.097610  0.022324
1|1  0.000000  0.075286  0.024163 -0.099449

Dependent (y only) model rate matrix:
          0|0       0|1       1|0       1|1
0|0 -0.042531  0.019537  0.022994  0.000000
0|1  0.019253 -0.042247  0.000000  0.022994
1|0  0.072613  0.000000 -0.104529  0.031916
1|1  0.000000  0.072613  0.055032 -0.127645

Model fit:
            log-likelihood      AIC
independent      -403.4456 814.8911
dependent        -402.3246 816.6493

Hypothesis test result:
  likelihood-ratio:  2.24186 
  p-value:  0.325977 

Model fitting method used was fitMk 

R thinks both model optimizations converged.

--------------------
AIC
        independent       dependent SSB       dependent SDT dependent SSB & SDT 
           814.8911            806.9431            816.6493            793.4973 
Weights
        independent       dependent SSB       dependent SDT dependent SSB & SDT 
         0.00002259          0.00120159          0.00000938          0.99876645 
