Pagel's Directional Test for FSSB and TSP
--------------------
Both Independent or Dependent

Pagel's binary character correlation test:

Assumes "ARD" substitution model for both characters

Independent model rate matrix:
          0|0       0|1       1|0       1|1
0|0 -0.029461  0.003553  0.025908  0.000000
0|1  0.007345 -0.033253  0.000000  0.025908
1|0  0.085410  0.000000 -0.088963  0.003553
1|1  0.000000  0.085410  0.007345 -0.092755

Dependent (x & y) model rate matrix:
          0|0       0|1       1|0       1|1
0|0 -0.095345  0.004366  0.090979  0.000000
0|1  0.000000 -0.041138  0.000000  0.041138
1|0  0.522604  0.000000 -0.522604  0.000000
1|1  0.000000  0.073918  0.020520 -0.094438

Model fit:
            log-likelihood      AIC
independent      -313.0542 634.1084
dependent        -304.5840 625.1680

Hypothesis test result:
  likelihood-ratio:  16.9404 
  p-value:  0.00198515 

Model fitting method used was fitMk 

R thinks both model optimizations converged.

--------------------
Dependent FSSB

Pagel's binary character correlation test:

Assumes "ARD" substitution model for both characters

Independent model rate matrix:
          0|0       0|1       1|0       1|1
0|0 -0.029461  0.003553  0.025908  0.000000
0|1  0.007345 -0.033253  0.000000  0.025908
1|0  0.085410  0.000000 -0.088963  0.003553
1|1  0.000000  0.085410  0.007345 -0.092755

Dependent (x only) model rate matrix:
          0|0       0|1       1|0       1|1
0|0 -0.100753  0.003638  0.097115  0.000000
0|1  0.007341 -0.048125  0.000000  0.040784
1|0  0.541068  0.000000 -0.544706  0.003638
1|1  0.000000  0.082516  0.007341 -0.089857

Model fit:
            log-likelihood      AIC
independent      -313.0542 634.1084
dependent        -306.5347 625.0695

Hypothesis test result:
  likelihood-ratio:  13.0389 
  p-value:  0.00147447 

Model fitting method used was fitMk 

R thinks both model optimizations converged.

--------------------
Dependent TSP

Pagel's binary character correlation test:

Assumes "ARD" substitution model for both characters

Independent model rate matrix:
          0|0       0|1       1|0       1|1
0|0 -0.029461  0.003553  0.025908  0.000000
0|1  0.007345 -0.033253  0.000000  0.025908
1|0  0.085410  0.000000 -0.088963  0.003553
1|1  0.000000  0.085410  0.007345 -0.092755

Dependent (y only) model rate matrix:
          0|0       0|1       1|0       1|1
0|0 -0.029968  0.004325  0.025643  0.000000
0|1  0.006453 -0.032096  0.000000  0.025643
1|0  0.084478  0.000000 -0.084478  0.000000
1|1  0.000000  0.084478  0.009035 -0.093513

Model fit:
            log-likelihood      AIC
independent      -313.0542 634.1084
dependent        -312.7168 637.4336

Hypothesis test result:
  likelihood-ratio:  0.674824 
  p-value:  0.713615 

Model fitting method used was fitMk 

R thinks both model optimizations converged.

--------------------
AIC
        independent       dependent SSB       dependent TSP dependent SSB & TSP 
           634.1084            625.0695            637.4336            625.1680 
Weights
        independent       dependent SSB       dependent TSP dependent SSB & TSP 
         0.00554475          0.50892950          0.00105155          0.48447420 
