Pagel's Directional Test for FSSB and TSP
--------------------
Both Independent or Dependent

Pagel's binary character correlation test:

Assumes "ARD" substitution model for both characters

Independent model rate matrix:
          0|0       0|1       1|0       1|1
0|0 -0.029285  0.003670  0.025616  0.000000
0|1  0.007361 -0.032977  0.000000  0.025616
1|0  0.086949  0.000000 -0.090618  0.003670
1|1  0.000000  0.086949  0.007361 -0.094310

Dependent (x & y) model rate matrix:
          0|0       0|1       1|0       1|1
0|0 -0.031312  0.004286  0.027025  0.000000
0|1  0.004090 -0.046677  0.000000  0.042587
1|0  0.163028  0.000000 -0.163028  0.000000
1|1  0.000000  0.081578  0.014012 -0.095590

Model fit:
            log-likelihood      AIC
independent      -322.0509 652.1018
dependent        -315.8963 647.7926

Hypothesis test result:
  likelihood-ratio:  12.3092 
  p-value:  0.0151942 

Model fitting method used was fitMk 

R thinks both model optimizations converged.

--------------------
Dependent FSSB

Pagel's binary character correlation test:

Assumes "ARD" substitution model for both characters

Independent model rate matrix:
          0|0       0|1       1|0       1|1
0|0 -0.029285  0.003670  0.025616  0.000000
0|1  0.007361 -0.032977  0.000000  0.025616
1|0  0.086949  0.000000 -0.090618  0.003670
1|1  0.000000  0.086949  0.007361 -0.094310

Dependent (x only) model rate matrix:
          0|0       0|1       1|0       1|1
0|0 -0.021980  0.003761  0.018219  0.000000
0|1  0.007406 -0.047620  0.000000  0.040214
1|0  0.102336  0.000000 -0.106097  0.003761
1|1  0.000000  0.083228  0.007406 -0.090635

Model fit:
            log-likelihood      AIC
independent      -322.0509 652.1018
dependent        -317.2147 646.4294

Hypothesis test result:
  likelihood-ratio:  9.67233 
  p-value:  0.00793744 

Model fitting method used was fitMk 

R thinks one or both likelihood optimizations did not converge.

--------------------
Dependent TSP

Pagel's binary character correlation test:

Assumes "ARD" substitution model for both characters

Independent model rate matrix:
          0|0       0|1       1|0       1|1
0|0 -0.029285  0.003670  0.025616  0.000000
0|1  0.007361 -0.032977  0.000000  0.025616
1|0  0.086949  0.000000 -0.090618  0.003670
1|1  0.000000  0.086949  0.007361 -0.094310

Dependent (y only) model rate matrix:
          0|0       0|1       1|0       1|1
0|0 -0.029703  0.004096  0.025607  0.000000
0|1  0.006581 -0.032188  0.000000  0.025607
1|0  0.086605  0.000000 -0.087827  0.001222
1|1  0.000000  0.086605  0.009096 -0.095701

Model fit:
            log-likelihood      AIC
independent      -322.0509 652.1018
dependent        -321.9348 655.8696

Hypothesis test result:
  likelihood-ratio:  0.232157 
  p-value:  0.890405 

Model fitting method used was fitMk 

R thinks both model optimizations converged.

--------------------
AIC
        independent       dependent SSB       dependent TSP dependent SSB & TSP 
           652.1018            646.4294            655.8696            647.7926 
Weights
        independent       dependent SSB       dependent TSP dependent SSB & TSP 
         0.03727639          0.63557171          0.00566575          0.32148615 
