(Intercept),NAC1,PC,SPI1,GP,FWA,MR,TSP1
-113.734632133761,157.095952743257,-35.7021215674176,-176.015334889162,1.18506539755617,2.74760879513633,413.791617285475,27.1424020032864
-132.352971310444,91.0787981806861,-43.3242188054428,-120.52072564156,-0.0770605996949598,8.51278872856346,427.326433831069,12.4332001710936
-33.2992229769879,136.826952549847,-65.9173973896832,-47.5081789744727,-5.5629556698841,2.51099255855661,735.611005712373,9.42411369060574
-48.9671724965519,98.4823644583848,-44.343290931025,-229.923795700466,-6.17177358283152,9.84502476554553,774.711382131965,-33.026866721746
-177.120928328364,95.4880815859942,-27.5581724884687,-74.6033535649331,-2.8396359599792,5.06829743913841,923.560295208648,113.708128046492
-141.695080629226,179.475121828233,-32.5957825378755,-222.04215388876,-11.4793249355571,7.72955548661412,704.746469601756,97.4677260339522
-81.6444043577139,116.971986373625,-71.6300448889051,-69.8314739963716,3.82168879001256,4.98699542456598,334.675426723341,-12.3965297629456
-85.0526477384847,162.104024466302,-29.6673468316003,-175.597362280761,-11.5837819482913,5.67853485886008,308.358776822774,70.5876333752458
1.89255649159895,12.3277795168106,-64.9392905770947,-39.9683727729462,-8.91729831992961,5.71838030757499,680.748519461151,-33.4878980585345
-127.942488421744,151.642576179845,-33.8039611367567,-171.955829090133,-6.76696226935019,2.7413319942134,874.69369869135,79.6443130030239
-108.937104242446,109.842742980421,-36.3828104909626,-8.90533542343474,4.55665766478342,0.321667299991532,315.808400402922,81.3159765524324
-80.4678413776855,142.960127421116,-33.6748047394358,-123.956506073117,-5.80709626132739,4.51968323133769,451.096162695365,37.3958639917255
38.7474388578848,90.7113964126147,-71.9592416125233,-82.3999482689105,-0.0906202838395984,3.52471931874607,109.212201028218,-29.083643182239
14.3910581284872,89.6442744905216,-49.8756048283249,-61.2695929284528,-3.41354742154363,3.6654003931144,-99.2520589874075,-0.862237420369638
43.3108174043591,16.9573955570813,-72.7523578424662,-76.5450869994675,-3.18111121151014,6.02211492615606,1037.89476432354,-139.379633121476
-26.3995741969566,160.483879860058,-60.3240696424036,-133.80804879748,-4.59004727291176,4.594928076418,526.676549004671,-14.0257210468862
-76.4989485354236,97.6649624115089,-26.0439339154254,-141.430055412202,-4.0830599108449,5.01362796885951,850.008506011625,29.8886803431678
-64.6598777201434,122.594718632317,-46.4020708344469,-212.089576870829,-9.48189879112761,4.80773813549968,438.494284549204,42.457507830055
46.5848026704907,73.0987937593745,-70.29091722463,-54.0065216966977,-2.99280210232246,3.50595803488977,440.774072199325,-71.0725310607813
26.1101788529777,205.857232079419,-81.5554766608402,-131.624512774855,-12.0243618652166,4.74527480345569,833.540968278963,-27.8239276834629
78.0991464101535,155.954664740682,-87.1917172864196,-108.322735884882,0.627231022946944,6.00245125432775,861.000189607435,-55.9709810962959
111.71438396307,165.803447340161,-79.6633588844852,-177.561727014327,-5.55065736244433,3.57828246153076,-281.22068506608,-46.439943592748
73.3751058686466,89.6194898189715,-91.8976130618394,-107.712216565502,-4.62456982846197,6.06235017201107,955.748042994252,-95.5171218071173
-40.4012379426058,131.625722966266,-35.567815487826,-138.326921272484,-4.71922652197827,7.04250083960869,383.325705283476,24.3763275907841
-4.68269371619681,117.9756960745,-49.075036498718,-148.535856218514,-1.15731581275759,2.96098438967601,781.888145694684,-52.2697645400767
-26.0873658505589,109.167121927167,-61.4906204247382,-139.864047959438,-9.25957171016489,7.21526082922355,396.525709662063,-26.9436832969659
-127.211787387365,75.9826005893992,-59.2214794226704,-136.496494215346,-13.3087415731425,8.46289617014554,441.01323703154,-93.2869920332996
-162.697468784434,100.398467550775,-60.5325113903382,-67.2749624826683,5.09141490104957,5.81885590762249,990.06776903986,-123.750034872457
-167.061712145922,124.718349240662,-42.9933339344425,-126.5561901869,1.05512471417387,4.81415763330006,923.428972242822,80.8865435487387
-237.326558815432,28.3294869085439,-40.745176979457,-133.925351909536,19.4044766051811,2.32907598683596,-273.321590038584,-33.2834950789402
-212.982635409455,90.8210010470211,-63.4240614063892,-159.961114619895,13.7196292503359,2.85397959389957,423.414609619678,-78.6677436856553
-95.8693207669712,64.9317231287314,-34.3802537000884,-150.57052672479,16.989692190662,2.14979371073969,148.524121168266,-25.0643502382736
-76.8001915349305,50.3063329950164,-64.927279801399,-109.075679415982,6.24707466369728,6.92371869010094,1231.84352924681,-126.929079876236
-11.4119722675387,44.7785712261102,-68.073886724771,-122.464759048234,1.60831156827044,7.28743555524852,557.797765799973,-142.241478792641
-307.931710309378,82.6204323481361,-26.3125810142956,-65.5637549987587,6.12555147681633,3.46321626020654,1195.30421302463,87.7339920325758
61.8040808838123,146.975324766201,-41.5245727373399,-118.595915051352,3.60304179828381,2.2667240476585,282.487261835355,-40.6012650575722
-188.447294319798,142.018669344805,-64.5945578603714,-70.5967052337655,-1.14382457459578,3.6110430323024,638.659767472156,-48.1796782813781
-293.255905036633,81.3467791679577,-18.0550632883387,-43.0325441990572,0.514666345756268,5.35926943061349,374.715799229445,-44.1749818426324
-302.770993767597,123.044876927888,2.71930967265507,-111.970625756061,12.0237904553142,3.75530101321056,668.689166722193,-11.1050566127815
-137.344340378506,207.638689478979,-46.7637695791564,-181.385107342096,-7.95182186776947,5.47252648895483,1049.30673466081,72.931859420336
-50.9110420437646,96.6194709409392,-58.3515949565553,-86.2201592201163,5.74157032746007,3.09984790251474,424.329549233284,-49.0333806228682
-173.829386480094,60.8477251336499,-14.287990507175,-43.0917197489835,3.87550022829964,5.09231374463707,694.814776447514,34.8943121302727
-193.757507437469,52.2978000123258,-2.85431661523762,-53.9030387717357,4.15411215159838,5.9608812804945,416.14461789193,58.5069660732815
97.4030664241509,110.57451439646,-42.8985407023574,-156.967658949055,-5.41546920681139,3.30419110291405,219.801942732011,-29.490613759277
44.4398087920708,35.3841753860179,-84.2556369135782,-98.9710643109011,-5.17951674651704,6.43382037780248,800.50942188222,-146.712818977059
-3.48054947488708,110.815858224611,-35.0352412753273,-57.1252431612302,5.84860203700373,3.87178837199099,143.980629330123,24.8737286547257
-380.169591974045,71.9507531329073,13.6736149172411,12.2500380827405,1.25627697920572,2.02096214646372,-592.102369300206,125.478791439115
43.9366844690812,65.304087787692,-45.0674563498978,-68.9778907288182,11.760820579424,5.40415491307795,125.680375951983,-94.2872312985382
327.563129548005,48.8517240757137,-93.6013983350567,-95.8803875709928,-1.28547716233152,4.64072302488785,12.6726169949179,-189.5272565427
7.02570722122255,233.035918703841,-35.8586814835762,-144.112114462623,3.10581653210829,1.01245624704461,-621.821116782667,-15.2749673541421
-194.7309048756,65.9266212974617,-30.5130685830663,-59.0430633663818,-5.78606527464581,6.19928671756497,88.3573227283574,47.0991183200167
-5.3343489531253,102.486853520088,-29.0802692003272,-145.896710805377,3.53961808109307,7.59498094288574,209.229609440954,13.731577440456
-163.906254468791,60.6733875162899,-18.4814288902926,-127.004051899552,12.1277376038488,4.06012039477355,758.256002759663,-0.216944200787111
-96.5333455750078,84.6896156437433,-33.2303161182062,-215.783143108609,1.92331786340219,4.26428358083649,864.517792948594,-85.8415680432372
-296.330763926278,160.24422710829,-59.290215991874,-99.3893940138369,4.85100916952706,-0.243160044512479,-844.753182902488,30.355469511218
-591.532271119184,120.458089420717,-61.518428272786,-182.606458065704,17.2604575088189,2.05471971082443,311.72679180358,-74.2685881622092
-68.2809076366684,79.3476927038282,-128.28771755269,-76.7689392594693,7.31323622206401,7.62040971210808,393.130392071529,3.02674878944526
-365.465411905105,42.9424692038447,-9.468140402063,-86.8705722152663,13.5858783353033,8.47941816723323,381.385713108597,-117.357247023305
43.2669522457472,45.3833197135391,-76.3847420879465,16.8863751594617,26.6540286891104,2.05692384612485,577.762891326223,-166.407516560503
-250.941580107425,57.3289075283465,-11.3748336423159,-8.54250829179364,14.3726620290399,6.25144911858661,761.981639306672,-6.31375939512509
-14.2316188317782,131.059104950022,-76.833336015552,-197.32685940282,-7.99221715049498,3.94032060747486,63.109507155561,14.4317205353145
234.923224619241,279.231220187174,-105.340177392674,-216.187236696569,-15.002693079623,4.19695206524921,149.770526890497,-18.8185215509402
-91.5654432653391,91.0673108713527,-49.0612486680548,-206.865907261688,-1.49820918815385,2.70945467561251,719.697590978991,5.31631632443168
53.5314399618946,73.0684206277074,-40.7024608361971,-90.7820496003969,3.52209168185072,4.30587425481281,698.845805783174,-61.9933192869648
-94.0893400325931,19.5102863216816,-39.9847957712482,-32.0111654429056,-6.97371590834518,8.3207395063655,433.485438233765,20.7518815804688
-13.7010001623057,126.451978308913,-58.3107498720492,-73.0176769258687,-9.20347499299896,3.95512856447749,-23.3947536716078,56.8395316721326
-36.0165222705691,71.2472448291373,-52.620211530193,-42.5956593173032,-6.60602184715208,9.56102087169347,280.232297867682,-34.0741330118617
44.9250487645459,48.2247962784313,-70.3505020930315,-84.6543405258162,-11.4931037471688,10.0131906512397,551.44749140917,-47.6979799163273
-119.403296180881,147.220477314841,-44.1708405914469,-131.284851572498,-2.20080734659132,3.3803589762656,135.033367174663,37.6940701828644
29.8752674823409,143.548039372623,-109.59283274255,-149.397361807249,-5.80718544646516,5.61468056622834,789.235073048389,-20.209422199678
-118.877850393415,176.082744942974,-36.3884655884831,-156.179853694397,-7.67992835366749,6.20100956804527,45.1703785581485,98.2512115480204
-125.512849703075,76.4950353250897,-36.3312302361883,-72.3837000943313,-0.80859434127342,6.57259969116421,890.569802197861,-22.5223909482302
29.2134390655847,38.0095137700127,-34.6374341911578,-28.8292682379033,-2.64601038574983,3.844443429276,42.7208353536116,8.5421312500257
-62.9779432650248,108.855230568268,-43.8536462823176,-93.8336082040332,-4.23257203793037,5.17810595232731,739.451106827051,-69.0074434408089
-56.0710081160141,66.0729091033136,-30.2569344484364,-61.7872082089743,15.6043405813398,4.87534627466084,1115.41528665832,-120.066537793231
-180.771495411784,-2.55909390373563,-37.5904128255879,-48.2121322881085,7.50851793200127,5.39396103625768,1053.51017228818,35.1129321575863
6.37987367096866,91.3850207898213,-59.846375991805,-109.320677422103,3.7387824953621,8.61388401025033,617.154284525255,-42.1394506303768
98.0158764215739,142.831839698425,-82.1232197399659,-169.542132244685,-6.33461629650265,8.64083678530005,918.376212417393,-192.826387289402
-44.6184894455655,195.671392335236,-43.7642562216988,-159.261192750026,0.38449040838168,1.23640778198023,278.344211809614,28.2564974566776
-38.7819580397118,183.670914639653,-61.8388652744907,-182.354082855862,13.0640998633608,5.74365760921501,1138.97417513597,-174.839757767841
-10.9431770774245,62.739504516423,-61.1705961427651,-82.0023473674082,8.96804311938467,1.92828423324318,225.912644977412,-21.799259574851
-120.108624341025,120.875298121115,-70.1285573710265,-152.82247154276,11.3262944298767,-0.654637367886608,486.609342758449,-154.069063766934
-71.2712827359064,171.94474278811,-62.5454595936462,-137.163072694573,6.98548408257193,7.62885165919943,86.9095836360939,-37.9390947828651
-159.901803024899,106.503345886478,-78.9495803863683,-71.6587819269334,2.31820655330375,2.77286294796068,765.951149628672,-83.739814463006
18.7377709044231,79.6980529833781,-43.7501284351019,-99.9279953559671,4.32474047543656,2.96453641683183,-34.1854542586589,-85.058764517431
-110.414850409172,147.390844773923,-49.2528030527028,-82.7518081146736,6.4503275538591,3.49566024381784,944.785513947078,-73.7206708131926
18.3396214334207,148.070981469682,-97.4236822505227,-106.880065527046,5.20159798102395,4.25975444833784,1059.94206743018,-118.681714427541
71.7623148979683,179.599223980185,-120.288982404949,-252.538706049238,4.19154739072474,-0.202059264047421,872.896126052947,-182.992462411494
-262.172343927596,109.866510422871,-24.7615353342262,-192.080809883228,34.2644079816055,-4.92314722463198,1030.71494677263,-105.1557164763
-32.2796751545829,36.759344183607,-6.94704077516508,-39.998626318993,15.4836500937527,10.3786747748804,411.741285180982,-65.6260581634415
-554.443800786772,108.881882119284,4.23243224692851,-105.029715878758,-0.956518124512513,2.54915956218611,-690.469456727515,143.936823859432
-28.9832009908368,148.813948719282,-0.280479191189443,-252.843303216301,-1.23939997667912,2.47466885886388,-1045.66818630128,166.770116298096
-87.7812266760684,145.782302066014,-28.3195951480739,-168.127980102028,11.5914608463827,3.90535920593538,944.313608649252,-62.8497162584245
-283.182880246604,65.3327330591865,-44.7426168936363,-140.515052363917,12.7937316199386,2.66892783461662,789.812834258541,-4.22760912413651
55.9415643977045,139.272349073235,-79.8401766621973,-234.648752859131,6.28160918562207,-1.72138014159282,-758.164600016695,-102.359920022296
72.6586553092784,9.15834208019805,-83.6874664998031,-78.5089817567532,12.1802008219529,4.24616025542491,313.178076551849,-83.5780413719185
-323.694653544706,61.1897285748564,-38.844464822876,-43.6741029152181,10.1483933931595,3.96556234991294,256.879356629855,-93.5306368130705
-216.0728165935,95.1068306651068,-38.0823564568418,-216.202655232286,12.1312024744548,4.80648931906035,641.451395138254,34.2802697049483
16.3524264437438,140.287046243582,-89.1594569989102,-51.2941083201731,-5.68582782100566,1.82323285868188,356.050910912643,-45.1764962545567
-95.4657691917819,96.1429159685576,-47.572652205039,-50.3050850359723,-11.0583179298119,6.44658645192976,1701.27615150184,46.0003936334688
-299.663805734002,76.5161206045086,-26.4734492020434,-99.4673758156168,23.3808286812709,7.13152647123206,975.429829523833,-87.0536832101643
-26.1626192208205,75.1799259558952,-39.6764339234651,-264.659795553423,-1.99245531344786,2.59144824781106,287.001939886075,41.0095654468169
-210.890315671561,173.11383258368,-13.7298815090035,-198.368704984576,5.05725366788101,0.274542408518755,61.0982508958259,14.6677824034587
-329.706197601161,137.777623014801,4.88089988097272,-158.732206637767,26.2523180545541,5.45562355118454,1697.96177013128,-81.6566247153969
28.368162547662,103.462556791128,-42.8021766990059,-157.822876590973,-7.01035814041461,5.72477579402766,-54.788096065542,-34.7618451162325
-250.180714215705,55.4794168327935,-28.0955232025881,-122.72888243285,1.82170568230868,8.04970084541128,-31.0170484968548,-12.1118638239859
-36.6310313230351,107.788713236616,-43.5585733108965,-117.832606270313,5.15019725543209,2.10482951244921,1207.64124456546,-3.79799291984818
-278.032177512579,77.7928685514198,-64.3458877537923,-121.749119965229,3.21527559121751,1.75721316378355,634.813336721326,-87.2649746816896
65.2132197091196,93.0103395749647,-54.2933879172342,-189.000575808604,-0.855787433290971,2.42221857982804,-33.7998928072921,-118.749970599449
53.6844976559514,112.898257689056,-66.7990965893259,-113.084761715261,5.42394283277099,3.66060288158769,255.941060168043,-18.3267214010084
-79.1468218928167,180.602005955259,-54.5755243562962,-256.058609412554,1.70204520065454,5.5880034785514,590.671151733754,-56.7944305172423
-201.101387391507,69.1448640420422,-14.6756656079087,-72.3071402661881,-1.69338919097208,5.11198233111645,612.407880925562,23.0016534169263
-316.193682825692,21.8817063213537,-23.4829279938222,-5.72991546319099,2.20640785412797,8.72034907218767,-148.628854500974,71.3716572161647
8.00722497064271,68.7588595159614,-50.6043906696796,-116.808238283997,4.27085589126091,0.435077779948188,-5.60564297925885,-84.704050198161
-66.7354171462066,112.158813205642,-41.9964353632677,-146.365672494314,13.7618036831846,1.96879118639845,-669.696959219407,-28.8997920649999
-698.213961044996,164.08911259452,-10.8965988360469,-217.077240724699,9.77994183445117,10.3394826516451,797.278346454194,91.7245236445888
-276.396056380472,37.7291585964122,-75.0595241484698,-75.2610915255791,14.8421253315901,7.47096830052033,213.026256637938,-14.6745007070131
-164.131955933113,120.907744133146,-53.376794497839,-139.413220297887,15.5442719895509,3.82560878674849,867.794997130884,-254.029013104999
-128.317927533717,-5.04627655747754,-30.4375825497409,-56.9721603043974,-7.19534573052078,5.81477391219232,6.03177339653485,60.6328375720332
163.971549338101,78.2438711163122,-73.7668767220521,-112.52905764358,-10.9104507709417,3.73889889023849,668.756595330589,-19.2203654328387
-58.1456726386823,68.8674594738295,-57.4813672609616,-70.5479091963061,-8.675830688313,5.18999830061512,459.321026470443,45.8850308606779
-60.6790920635685,124.994347990316,-55.4647804155975,-77.4029142883664,-2.28959430829855,4.3507277476383,74.979137252958,16.6814697761438
-99.519175274123,135.380526182082,-56.4389965656592,-81.6806773561693,-4.33917222420132,6.07280151449959,604.785713537025,4.53020824525811
79.2791934856505,77.0836713319513,-61.7804873884561,-73.3682877831452,0.469139571592677,5.13032359629869,193.467280931291,-71.1575731571938
-67.1588781979663,33.0745588583726,-48.3962110868872,-170.832601594208,11.7885682386841,3.33244764264964,-21.5660890279105,-21.2671714786993
-128.664496752152,129.567912828265,-27.1240537414378,-135.499469643924,7.57774520805833,4.01966444667778,801.228271541644,44.6188177278964
-24.8717644807602,100.761659409312,-57.2152343566777,-162.075302681518,3.04184263655168,1.84453458846838,1074.36752137201,-124.97786708593
-227.156269949846,53.2909624929598,-39.6233569437391,-97.1704415330023,17.5887916724168,3.66966399362718,-245.54172765468,30.6548197743541
-51.8543410781022,112.003654974571,-56.6000626104869,-36.5974959492396,-6.13375628372887,8.37265830195975,515.119066895986,-98.4794386351423
-192.667625510483,16.0731214204716,-18.0238343076053,-32.8410938556808,12.3944571517422,3.12774024574924,168.981708188207,36.9327156850486
-205.942573318142,119.049701961616,-14.3481919081823,-91.3715386740987,-14.3172487961492,9.33960512465273,-163.150683222586,107.604993032983
-19.7549240691005,88.9893749656476,-33.7473708355683,-113.027865378492,4.04087207099656,0.420267275490914,-528.347488679719,-27.5473577789962
-123.494250786927,61.0993287281017,-4.64012544386787,-12.8699248105841,5.30971681067604,5.04579227336944,249.502814389649,76.4496838916457
-32.2361996738327,71.0487995097938,-48.7347644556867,-114.127801354953,-1.1320144633064,7.79926672353031,737.943203463459,20.4069641485949
-234.905223756068,100.955319226719,-41.8971131187354,-166.952919282406,8.97089047922054,4.4096464508475,298.701071758202,6.17664708352822
-0.16608568196898,106.681475538775,-61.4499613165153,-107.721113521606,2.33649992686696,4.39898095051467,525.001373862615,-111.897052718763
-122.19688646229,54.1148425874308,-38.4637425129185,-195.646348360289,22.8463826928055,1.93684441357618,314.670100787393,-46.5704432516613
-183.536627996611,217.686204934515,-47.6409025137327,-138.812086644029,-5.5224938604515,1.51232496921148,444.138563360175,215.648319826898
-369.623757145328,150.304586244223,-24.3649367140315,-215.094820241404,-0.242707504279679,4.62773045232461,919.969737410283,148.980142819317
-356.81022355592,110.767608378286,-11.1669119090075,-139.375885793563,12.6832228483545,3.85549792158781,1090.46603489516,33.3766357341374
-40.9386696845322,85.5708409345534,-70.4626618604816,-154.650667028414,4.0073459148407,7.09071709153886,827.18104131725,-26.8857367382934
-140.037293498099,128.509416110013,-35.0473470559155,-149.73205666391,29.5603925796313,1.62436268248712,-187.433496938582,-44.7622557803916
-133.019803268748,206.467377342342,-39.9335914041294,-160.483821519272,8.94860313841491,4.1155641094083,277.238273710202,49.3844558374112
64.8234908176928,94.463788947789,-61.4171912633174,-160.353367709904,8.11756479711039,7.17816105927341,168.994820594191,-66.579623435653
-187.317266399987,44.5247786607379,-63.4412075385917,-26.6776792500204,5.94255466604955,4.79866680502892,688.241070757223,-47.7389091944788
152.275765677652,84.5635802362958,-95.5359677134184,-114.759329270748,-13.146387422501,12.1342169096461,308.576129903726,-34.0334740863418
-339.487634752513,140.009266021574,-34.4826265261509,-128.690592873765,1.75805454966758,3.32599970568481,267.569634049694,57.2763086666528
-99.8823822531267,62.3433756824234,-6.9680104830768,-30.0587398997741,2.9991743866558,3.76807887693349,937.739993322095,-10.3267569528834
25.4243500809389,91.7882435426072,-51.6369365268911,-78.6565641726947,-3.78204364743578,5.42331067014311,-35.3023231792904,30.1616878084751
39.0125698621559,161.357212056966,-69.8442876062763,-195.4623369165,3.70233374973759,-0.199349853894091,212.997882158788,-71.1291898559082
-259.413910591655,127.293664888777,-21.1158125558286,-189.138919979026,14.6122894516093,1.90671372032102,711.198113233313,-50.2801424949357
-224.992927026888,150.471272569179,-40.5899547684676,-207.175687106603,1.60724241967546,5.70327181017456,1005.92276218705,-57.501340201663
-154.159169836959,112.026786330825,-37.4508062746754,-58.2166565266089,14.4161223672272,0.915449037129292,335.401326921419,-50.2030311039671
57.4621338704092,114.439317320299,-42.37403601599,-153.095446654464,15.3721916948125,4.56979703900288,1206.85344660182,-101.751947783778
-106.758790170374,119.898226341586,-45.7448713072863,-113.046821156197,6.24191386452003,4.55153925187187,377.549758765264,-36.0230050114624
44.8342707034026,128.147773168661,-43.0849619293695,-189.331071181414,9.54029510528198,5.60219845628308,663.844357362934,-151.82279483969
34.7634323893872,116.536883805078,-49.1386915366456,-159.201660149352,1.74501130339922,1.11396600912849,149.366833795793,-57.0346957204601
-46.4029200674267,95.4354646573192,-8.4038987245076,-110.983948746085,2.35179105885254,4.21826751410845,180.25765971205,38.773919341591
209.600719576032,81.3227063508966,-52.5510034449981,-45.9050312576001,-0.528236448131793,7.15702831086674,1258.20911715981,-112.914753037389
-49.2589195354522,135.147436774816,-38.7018681833069,-206.294336752595,-0.952337446698948,3.58026814358891,158.978991603683,4.37554864105186
-153.235636515499,167.595377412013,-23.9347057820742,-291.799611994527,8.52155527991636,0.705372850352433,699.31573073256,43.2593536742061
-139.455177601298,89.38408085009,-9.1467846869491,-131.656801409246,4.40385369255091,7.14595606626244,895.187001574073,-3.11569831037195
-6.3746178835645,88.9973024437004,-27.8981876194412,-173.232834562717,4.80615128432146,5.22730633452011,-880.687373324457,34.3205152309019
135.08118338052,110.080302619725,-95.9446396979183,-252.235686296583,-1.61125989828724,3.82198355384753,907.528882110084,-77.1978497651271
-386.1493030821,180.561254212356,-50.9855185922497,-97.6382046745066,6.20525464116236,9.10067651775898,-523.159235237224,-24.8332941953249
-90.3406784417057,184.722694519245,-41.1938108339236,-89.0677978891035,10.6964118377655,2.99622514826478,286.039384910953,136.760492006881
-87.6923256810551,177.756068536124,-69.0521279538225,-187.376072614075,-4.92221752160549,5.03091469293577,137.648656783533,30.8637284335273
-538.562278228438,111.413535955493,-20.3478163787804,-25.2568768618366,-2.40603933591046,5.72540772603634,736.363239826751,8.08853493181232
-255.55910111501,103.6981709682,-49.8906659563872,-140.855095119594,5.37358651961404,3.84417445675354,-538.045650117099,-22.781524212638
-61.8853087522366,99.4584640331886,-51.8055166737831,-113.06431909684,7.88642014865763,6.21139818882875,378.423270702508,-130.731150300257
-49.8582177115022,106.084198377714,-12.2195401292047,-113.022047174454,3.58388233954611,3.46518506469874,518.589587926894,-8.9876292936242
-177.833781618523,111.350634094691,-58.439171931037,-40.0838291953187,-4.31951778172515,4.91200390835002,-1.75061651068972,-65.8393805568703
-65.3848733996856,39.8684051477758,-20.2957611892198,-62.1528735030588,-3.08066759067879,6.84023519328912,-550.313114715769,-16.2817407005787
-193.162321039388,74.4321523076742,-0.670895342016593,-125.893011998152,0.921832398773404,5.16164045053301,339.694097836487,-32.4323139102198
-83.1139608155354,131.23208229951,-50.050292174863,-184.483953783209,-5.99069028520535,7.97978092742051,454.549999606432,-30.2626731550408
-278.298849068728,97.049121058968,-40.4124177058529,-184.217947373749,11.1776772891826,0.399382214294747,37.5441095348215,-4.5174542881432
-98.141295451569,107.451279009161,-70.7020439479966,-76.3778955660964,-6.58644213411026,6.9453402934887,1022.84796361341,-76.9057146567939
-211.768107567841,16.1902569183148,-44.4782004270673,-126.018254338211,-1.70731222165341,6.30453164194478,337.537201094237,-49.879688684392
140.630263772488,85.5248883656168,-61.864147062297,-82.1147612390669,25.1292950691495,2.40102044577361,20.8315607887262,-215.183328933133
-271.826449213469,99.1738095518376,-47.7709822640754,-138.569952330698,-4.87002176119859,6.01618837089245,1071.59874237057,69.474903833283
-179.867336503899,110.985824699659,-29.6337157806556,-110.890594112396,4.77010774234077,4.4285972273974,390.03074589702,20.6710447965897
-175.811323844682,60.5314513089179,-1.26742214283877,-106.84579980011,8.83010794162692,-0.481003223576408,-268.438877231034,19.7852591659248
139.541082740659,38.9480949602439,4.09929920251307,-158.736669218019,18.610462796205,4.38164056332607,357.590764885375,-46.2989923451969
-116.191951480127,147.873701530756,-65.8400967369671,-88.2278384532983,-2.45612684514344,1.71584654554317,-427.793944597419,33.6393782031955
-260.851786028579,92.5550395284081,-17.2211626574302,-98.5642818338529,7.67781800207013,3.41225285008841,672.012210256242,-1.15508524468351
-398.389813072601,79.4125351963971,-72.8544295273132,-169.324568715267,14.9806581866869,4.56691771931946,-647.482961852147,-2.96711235074326
3.16489243372052,76.8430456575989,-33.8423714643577,-186.614429774556,19.3861745392205,4.13302178692538,1500.7840368118,-141.961253432499
-143.467475898069,145.735469486426,-20.866503422425,-106.112217013506,29.4684660564435,1.68470562133007,690.595476203918,-152.620750264832
-108.961059037625,99.4934489838724,-65.5081021714723,-179.232314794703,9.63829303072998,4.77626610719017,564.130612342595,-128.520569047148
-441.442153471377,62.8531741908373,-45.9102693768509,-44.8107663447445,12.724166953034,5.85175449958479,1072.90536144266,-123.646846204792
-108.386152889041,-0.619763311129645,-13.1015375070856,-177.772525790738,19.4643197356781,4.25007278911653,822.43066536996,-141.912835883501
-152.370453560485,116.265338920959,-31.7505488827301,-159.065466027616,-4.03916672072955,9.63462492591498,539.237581344933,24.0213560131961
-83.2034560005122,127.030116185182,-36.6388568006369,-116.879342663906,-0.723528983668075,4.51613994772197,-703.34749103739,36.8941285241817
54.5696667472439,166.378825763852,-19.2229881275489,-180.167853021841,7.05642792835715,5.03707461278827,100.556184237998,-67.8388739865622
-137.240680822259,201.335788328186,-83.5992758953653,-183.477414703797,-8.07994641993719,5.3645304117963,296.114703421976,-69.6421903315641
9.70679373305757,124.123654365132,-48.0806350993807,-101.270806118846,-10.6398108720168,3.82467797488061,-836.53668469064,-4.72749044470402
-465.600124493751,98.0797684333811,-0.381441099867516,-122.950186369864,13.6334793589485,7.18269192245134,1520.48223325399,-16.0210893721232
-80.3447580102365,67.1324477806629,-30.4668486803712,-12.2614907971874,9.58825827778492,3.59851373638958,977.896351305331,1.56074400422222
-145.971246973437,179.572363368425,-22.5026420234208,-249.562811116804,4.87852631375426,7.2864111443414,749.528296308476,-137.0029247536
-2.95679863177429,38.1719870150846,-30.1531538302806,-37.1747857027221,6.37988805079658,3.81848410378734,379.062888900524,-17.3877584178044
-164.447011279073,161.926942387137,-1.40745689009054,-156.491668545415,13.8894892593526,5.73457255783433,1098.58913699657,-22.1914172318793
-263.880327144463,19.0204584328312,-24.6420314098068,-31.9887075429142,12.2732374967454,2.2098920836288,253.560306186962,69.8689922525336
-176.002842663813,26.7002174202644,-20.0121820283894,-79.9867343850783,13.8214362358995,1.22575457781204,568.663799170994,-48.3793841246224
-411.460153708962,106.954859195554,-4.56130286350526,-169.608371715509,14.4073588926694,3.94337684390484,295.312436371929,8.87577863491606
-146.212186567864,76.8802816058742,-51.0076622663037,-150.142371613503,-2.14579046903236,1.7884112384927,404.311477213516,-33.4437123090902
-143.33314296147,132.067055525258,-40.2882784255198,-93.0357845415856,5.8678397929616,3.35973479475069,869.764525323299,-69.2539879581309
-522.952713116094,61.8670555154549,-16.3988398691472,-83.3309803667798,-11.1298876065848,8.05761508920114,-977.061591459176,65.3750234641047
-483.48520014403,160.014894722292,17.9197043308086,-119.672063026315,37.7052268179541,4.60516776009172,1992.96834606038,-148.102902624698
-125.841659525089,32.2525109762646,-54.0907841364242,-47.4011317203622,14.1962663578452,1.917648365692,-19.0263567579586,-21.5171552762476
-200.172954483431,110.535923446121,-31.3229197021283,-59.2526959457609,11.4997449997172,4.4686878479115,1066.15851333419,-73.5031605326221
-234.088791941846,215.8111769432,-68.7517583623994,-112.357220125008,9.02753844923427,2.46851044928553,27.380978924979,-128.780290494367
-266.384962586866,175.468777845846,-30.9639401622626,-148.247972482156,8.82257753602607,3.86139102085144,302.340770699688,-41.331982186839
-164.766923578049,153.691232508681,-38.4378139769178,-161.07526323857,-9.69416072053718,4.84830263408367,1187.0522967784,38.2007122217065
-68.9130711286271,120.931730387179,-58.2005455027684,-139.200368746806,-7.8521716213636,3.94400602498354,503.881188527943,9.42418897181051
42.4595609120861,144.848456537009,-92.8794946144044,-186.513392521971,-8.01961735944496,1.62240969471168,562.315602995834,45.9692711601383
-55.5499185915833,103.87193719011,-50.3761089291038,-72.6873382097911,-1.5104669907746,6.16568450778141,656.167729867451,-51.9005204593414
-29.8318600230896,94.6290398976853,-39.423294145432,-132.535881088916,-0.333390215018881,4.50597490896325,456.361819726444,-40.2040269526769
19.4231555582883,100.360792594569,-33.7380195092119,-70.0077151117293,0.937779042171314,0.950985737814335,341.730548540581,-29.9629866614587
-116.224090898628,63.9670252017568,-15.1134161463306,-86.6935477053485,6.23203832886065,2.66767133877147,943.952566016502,-7.529620877056
-208.104906857545,98.8466234270163,-31.2714383381535,-114.007907101814,9.94645080543341,5.19813665433321,983.043576543758,-11.5792930049938
-84.6564910163979,90.0295443215,-55.1568450134364,-210.658898854119,4.88642102392623,-1.74673986773996,-270.936804110461,-28.9611385660573
-39.5475514180798,135.286718361152,-62.6310276031727,-153.881362068463,7.02076711099653,5.00694679842854,167.690737768804,-54.6815201513882
18.1680492134765,123.633470270426,-66.7014629114383,-146.572709204222,-5.358284435526,1.34343503622949,31.2432082521846,-6.46054670447484
-62.7163607073235,74.3716205675737,-34.6841079174046,-115.555133635993,5.7431134336075,4.89155275915982,785.419461392943,-53.8251213753756
-48.4392322115236,76.46464570854,-36.3105946111064,-54.0145482916907,3.25165976863354,3.15184332938952,-444.350885316817,36.1230321258481
-263.008109373364,84.4389018196016,-6.37384926201776,-139.454251031275,7.70427207407192,2.8577312027046,585.04675702157,12.6026038042619
-4.71632310627319,92.3871952312675,-93.8978487988861,-99.8184209165265,1.89740795764374,1.58235714934563,405.397255205869,-109.525617412378
-32.9455295981388,138.805992581973,-53.1223365010374,-154.839598119783,6.2148435642157,1.48249239564939,679.929272769194,-50.4251138940708
-182.88600728802,68.1980822730038,-6.84725842656189,-98.3527977173217,-3.74548406207941,5.43680606205089,1244.40861921826,75.3475672502354
-78.083583257765,34.0082589057565,-20.8125589516276,-40.0183658892638,-1.73936316196705,8.24027594689687,311.225546830152,-24.7821670322155
-31.3727816372266,62.8789490149866,-30.9909267264156,-105.937417745634,3.55002761961077,0.106903631589375,561.173666872754,-28.2224733598414
3.19266142234846,76.5488756835402,-27.0230390199104,-112.469040815675,-0.129274852341041,3.45881311543053,517.049502144764,-29.5983667960099
-26.4461263866456,99.966311658347,-37.9369238136715,-129.779789261651,3.8776119693066,4.56148484942969,8.02528300887207,-38.8477582942196
118.053050912087,22.8793969351827,-71.395785470766,-3.58564476574247,13.1178026344278,3.911825658608,422.683495407473,-90.5513581467094
-117.647878581745,162.046034252939,-69.1191975849724,-197.043060097207,-2.75082448590547,4.8734846072548,697.889828837962,-35.3486046336184
-336.282562955697,3.51815984453424,-6.83329921304539,-84.4189459915069,1.93413821935246,10.5273720676923,1192.29272621793,-6.99517508290592
-149.78243442197,46.6312639785756,-15.0362213224435,-24.2093790840154,3.24748111370718,6.06434101841296,631.945099428011,6.17260100968997
58.9311932548007,5.33874311411637,-77.029110759162,-104.015193146057,-7.57082621951122,6.88699199633265,-227.180770744468,-26.420166164884
76.4658056310582,70.762476242744,-51.2133376293859,-75.2843050017091,0.909447548172466,4.63600567518733,-19.6848573205352,2.94805214603548
-49.3755726612944,107.261349263761,-47.2306466386945,-80.3075310522108,0.183772055119334,7.60159521007881,211.534231362159,11.7815079489192
81.9359032155116,157.176366998523,-61.64344042433,-58.4949528742582,10.0607593286259,2.37156954934471,234.706112357555,-52.7410823448736
-51.3542911041513,17.8961189755209,-54.84207539825,-89.5524391737854,10.5047835007676,2.67784623827902,165.501632862986,-14.9773283633695
-173.196611577034,64.9735785988414,-18.8344133905484,-158.532456241082,1.21871430135798,4.29735736001749,-174.631900226872,146.275363693712
13.5775096190919,184.706720155722,-57.0552543544181,-130.49265698134,8.60060036362847,1.58173866515062,-183.977845540168,-95.8882825311157
4.72552727896255,106.129552765087,-54.5290919724412,-124.032684756597,3.57907450156927,3.82400760597739,9.8062716005079,-36.2885633313999
-9.33657303674408,26.2220958447797,-30.4676917823017,-146.850807018003,-4.46092135853178,7.91315945655515,488.628447270934,31.0036259258923
-1.79373541614041,74.8912399537148,-70.451924861045,-41.9450109954196,1.85026859522623,3.65631099358143,396.344398844434,-57.1589950832531
3.84470871638041,61.3556576929841,-58.0519985780134,-79.6807071124931,-0.809752181841759,5.24511498643551,216.410366751254,-39.3762523703172
-82.2343537222987,66.114461852776,-56.2701185559272,-159.072245037682,-6.1487075042387,7.92303291863936,223.642230008409,39.7090691263511
-76.8413284606577,64.2701558664503,-62.1677255472459,-112.144499554008,-13.0887819786149,7.91796959779822,-111.025887303011,80.5292677116377
-152.914872630026,91.8791890372813,-6.0082996145502,-107.1209547623,-8.23415167384519,11.4052003598772,970.836587451435,39.2696800433769
-131.535906678124,130.015301556727,-52.3739351997792,-122.352182374729,5.59932850842597,6.00190842422307,1260.75874146202,-47.049031319315
13.4272944505356,66.4541367528836,-65.662446487011,-148.180629030889,-4.01025719597237,6.45889985724352,320.520567118496,-52.6938378631603
-249.431610197835,37.5824441295663,-12.2667957119993,-92.5185458285996,-12.6424963431054,9.54643354125074,913.621212235073,57.8026478823595
-182.853266955412,165.430213894957,-30.7755818569276,-136.099297472829,13.4142882289379,2.13437305819389,-376.243185686355,22.0357545248044
-69.5559816746099,116.408420313157,-46.2462846234848,-118.363741828813,3.72923652863392,2.9378967959492,349.953761758108,-89.3951451127359
-150.37936981699,70.637387572322,-30.4917033293168,-180.800672523516,-5.96679799052981,3.6433272590366,214.541984453756,72.2427955125677
25.7267332690753,86.6527940849628,-43.9831931786612,-116.295478444896,2.80953363839217,6.55998478070251,637.767890326621,-103.465750483454
-10.8969677264613,103.541449151671,-42.2404744068626,-105.426750076251,-1.97279276994959,4.30235763611563,-90.4015314916542,-34.0733961138812
37.6102169937949,75.9822633348085,-71.4746289989125,-136.325989502053,-2.19478336722023,2.41509347672581,100.32870923989,11.0608367626701
-0.772345625242451,19.0794119690545,-58.7315465154679,-76.1989732673792,-0.98586455253826,0.943675108825119,274.232188585622,-69.3825564091458
89.9161042559135,6.7935618757474,-52.3059463470418,-42.4090362623883,14.2503359072798,3.40471617720323,88.4865618323092,-102.246799971394
-226.089173653367,110.20380097453,-36.4277797537434,-76.9453900865337,4.18688583813491,3.38219137515989,106.840222113911,0.287120708959264
14.902314896608,68.0715619596449,-40.1264121545391,-21.6419979137136,19.6112583643778,0.201060741933361,485.745332805767,-57.0419987598216
-241.633702285748,112.573343070297,-65.7122316981149,-92.9064469368313,21.1072922294843,1.94560496447957,769.353740155384,-87.6878195706813
-92.2248123604804,147.826637816672,-21.6232662495058,-187.530555304838,10.1199013300065,5.85362235429056,332.019371271919,-55.5614660374849
-488.836183186533,62.0524331335619,-0.384808190792683,-112.449984440314,23.2698010811655,2.0492966730817,450.857098295004,-175.35170882789
-250.551176254914,83.7720970887167,24.1682261675414,-22.2310935678834,10.140910091257,7.09262424524786,706.965161706103,56.0292397915036
-48.7547303587198,60.6614486419421,-62.3567461157199,-75.7002264170878,-5.74276795628248,7.38953595183557,-370.578588970442,42.2660548286294
-21.6079012176451,105.929777676196,-33.1489010735095,-99.387793916605,8.52763323255931,4.09492846418289,839.009926607285,-80.2861429987146
-43.0242446191596,67.669021089212,-35.2841129610169,-92.4386663872556,1.27305606591835,4.22292783911689,453.087002595137,6.49894448857231
-399.251525973419,66.9287442345594,6.38522643583565,-98.9810310950779,-1.61398554964762,4.63048675920436,288.470590397097,36.3950506260735
71.9199382160732,85.7831236524362,-30.0999212552415,-99.0788506689423,-0.309539073983615,1.30813745263731,170.555927483263,32.8002495632172
-66.0119704861718,51.2809250093305,-22.6763291815005,-120.278486634517,8.98799606187094,6.55336792084563,516.206775592244,-81.8157108771411
58.2493602755712,8.24226495925177,-75.4359150097007,49.7065190803114,0.971394799722475,4.68284145311918,-570.660480605133,-77.4702672870335
167.719356001891,74.3457305523825,-43.3332004069234,-144.543253148324,2.49225437313726,3.78118238013121,177.307472786939,-165.817800652672
-97.3973624467035,13.9571130833656,-22.009421262097,-67.3559687268134,4.45707413216587,2.49278791074175,144.15035621007,71.0623155313078
-281.445113088033,46.4125156009686,-30.6775726146152,0.810890052482137,1.21012053149752,6.07964622808504,-255.315013933068,48.2961607935722
-78.4023211321546,97.9582061270848,-32.7291932976223,-76.1137728156755,1.11136241873464,5.4543554456759,288.554700061723,-78.2111243707404
-68.0383065743954,159.217646354577,-22.7263356773765,-270.892508383215,3.52013675099442,2.19784438058559,349.837444411924,63.4686329445394
-76.9010479104618,132.61275304007,-12.6036650706264,-47.3099501813631,24.2356840122284,4.34602128092956,1407.68566117912,-77.3815060232737
43.1664361015801,49.7408248113352,-66.2914715441102,-93.3839038494043,1.10370097628038,-0.24659011791482,829.27956651173,-48.2648955350014
-184.099630934805,182.159338736266,-19.2848824987595,-124.279232646135,-4.06171478078886,6.91138653097732,1244.30839288555,-56.4012473384209
-29.601684737574,113.51838660083,-42.8934074660792,-186.00467012552,9.70135842273885,4.58378277608426,303.050329614358,-70.7803747275611
-299.998417373412,70.1146686116699,-86.9328650873795,-169.44278475234,8.1142646294029,3.97832452152761,168.932443349793,-104.960834005382
-176.15188458105,67.8394976741693,-24.0803990837267,-71.0578373022872,20.4489735489369,3.85515237378422,715.619372110785,7.44239018138614
-44.3895217686659,117.594238774109,-56.7280001381587,-94.5301505739699,14.7528677372684,0.156723496271297,-495.131013326973,-85.5351565524907
-469.487746069884,108.029627164826,16.7077188108233,-45.6318353975075,7.07852866650501,7.64706933195703,1217.45094093263,6.50829870934831
317.685797945451,116.103912565464,-88.0832672617689,-164.383393814365,-5.29208725657372,4.73178999442098,-273.677181828325,-119.762230460719
91.8290448090847,143.444543857986,-99.32342232886,-110.41559965146,-2.17927727832284,5.00487395761593,245.740718837032,-104.513546481641
-273.428507960925,10.6547139084432,-32.5031851045405,22.877061471896,1.8311694492586,6.62614971173753,1418.838994764,90.3319778874284
-308.008803450764,186.938579226902,-12.6772065580153,-119.31253534908,7.87226235104026,2.15062143580872,819.900002075323,70.7729485777963
-195.239880531179,15.5487380976556,-20.0117325209212,-59.33449646995,-10.0530586291425,6.36460728928796,628.617151230806,47.3415298419131
-169.948205744193,62.4067073059996,-82.800356744614,-25.8891637590859,7.97537964239018,6.13278609377448,-74.935590102119,-75.4668610951339
-25.5535267762461,109.979530722809,-56.8691126867488,37.7210966064304,8.6242722307652,3.61041354918416,-53.8779208216438,-52.0479876499448
-148.204344925354,77.4898397719808,-23.3283834214963,-99.0096340409,1.48684280822636,6.22395761440566,158.312070883127,-37.9312696155503
-127.245317225184,86.2996723862598,-40.1552611732186,-97.6802382437891,-5.66264341626083,4.29728689449985,348.78977121049,36.0731160204214
-104.056676072825,46.5628913959372,-35.8705989107548,-32.553207470075,6.04708108199884,6.90423665492563,1215.20417719503,30.5218510259001
-44.942056686632,110.451136482021,-47.8809521780131,-35.1443331246846,-4.40560513541277,0.625793028157204,65.7630492039389,26.8030158051988
-42.4706537299789,119.771133076312,-50.4486829885318,-85.5241025664418,-1.92988919197524,4.56317582403426,-237.210533730075,44.8724422218183
-122.751466306108,79.9944925588206,-56.9508591305857,-207.824167138348,7.76438455778407,5.12377580715111,644.95651797,-148.996576584395
52.1404634778537,156.624686278323,-46.8558849616602,-104.445116452469,-1.85766236163909,2.33311025518924,193.808701663314,-20.7547492696249
-169.575897138529,50.9564054842194,-39.9279658420128,-63.7753315297668,8.22325785011344,5.26253421040019,22.0134321002843,-19.0444189440859
-54.7377118005825,132.577784163441,-47.3196596752387,-186.835844781396,6.96490572264884,3.54637341399211,78.0179613897708,-82.864014195191
125.509764392948,-31.8568858773579,-63.2630705293341,-33.0658331006416,6.24679435230792,0.637925332717714,671.856652758433,-121.86846755087
173.61229555984,73.9451123451727,-66.8003628859296,-155.853703389163,0.155623651429778,7.33595234210952,687.004726902207,-76.5746823970985
-229.878087226327,150.087582757798,-32.0110459134739,-188.360569779616,3.72175735552446,5.25355517733988,493.652082654386,-67.2988017334137
-658.583374648064,139.18507052369,-9.29899251027382,-36.2121517543083,10.9740367413688,11.2521835525986,307.696939321817,-32.0968648945272
34.9617049059743,127.074765200036,-40.4909763535543,-138.986991362151,-5.44973869302339,3.08339607783273,759.096297086302,7.20294656573969
-47.8378527687455,80.5803353010939,-65.3659154483103,-160.792589004071,8.66486173431622,3.61516837612726,479.100338554141,-116.999745020354
-111.269641173312,90.9380879699238,-42.5148968632784,-104.320816616164,8.03935950926098,3.9206740714726,417.611076040848,-55.9365016850061
44.1564678863506,127.265613742069,-59.570220530295,-108.780470317433,1.98886735500855,3.5677203618543,-390.49301597076,-4.46586329711135
-69.0271002160152,73.8074377387529,-30.3007183344307,-65.600918357366,4.54106027444504,4.71904493044713,561.543536968718,-6.65211506685591
-178.657296105754,128.117726422308,-33.2721805349574,-89.8285459821782,7.94513353286311,2.63902698989841,608.311068828847,-39.1127778487571
-50.8884300178906,28.7487276652391,-26.7465649314545,-18.6391394933089,5.29877348898299,4.80426618794809,1003.47880382161,-151.705885470932
237.257085269921,128.952097317779,-89.3305748407729,-160.095421106763,-3.10627118345565,7.0750769671431,1290.46380448473,-105.027009434274
115.370322066272,168.660860544944,-73.7196244671577,-196.269184165067,9.74244652361085,4.14800192583061,758.166945286433,-65.9465240284771
13.2441805360359,193.605146766047,-59.2740215360245,-172.6424168349,-1.91206501032866,2.29948462566244,15.4502215658576,-68.8311284901138
-238.62825136265,138.043832421889,-9.11663456228325,-76.6706191487901,-11.4527652492034,9.53836366262112,911.500324712535,119.243190254445
-145.137024771364,98.2345207310864,-34.173459635058,-99.655792812031,16.6734280182136,6.33496242490946,-428.458538061132,-169.90136029405
-176.001091445127,65.8717212227493,9.7662743551773,-89.9030263754103,22.9300742026244,0.402069821895566,659.364359041429,-58.7650524426281
47.9200491419469,69.1057751680582,-45.3522734356229,-57.6451996639807,9.79930821291055,2.66643350543018,640.763547502822,-122.169327913944
-87.0538855185732,95.2003043652912,-29.8952368302707,-85.1497392954698,0.316863178726635,-0.804197203309741,-287.041832412491,49.8573664331889
-113.106340939426,161.285623896158,-14.8178980353696,-207.53887523634,1.98169329363736,0.922702135423606,634.119166599849,37.8673680897482
-152.556380857131,95.5994040115911,-45.3091079780497,-63.8837741428288,3.89497231054702,3.81342199858773,475.136446973986,19.1296258522489
-134.571617932699,72.8164296298928,-35.6773927416907,-140.384400044188,2.96907853844459,2.49889224683284,795.166456580921,-37.0763250237596
-268.56159163345,113.26652725719,-51.1034002645756,-127.008996231409,18.6188486404208,0.7525240208779,-667.831329867644,-17.6697286608105
-166.081753681603,188.374888659804,-41.9071461045387,-144.504175728518,4.96935699955793,5.30630057130475,516.695604639528,-60.1551319845821
-290.088306502104,143.194822377787,-49.7045782257319,-150.6791026637,-12.07512328343,7.31085857325525,1064.32167276628,141.475001435458
-187.332853917163,46.5908118523803,-62.5206927220861,-72.3741611689038,4.99032656900818,7.69353727568523,155.739145116022,-27.0840606820275
-69.3736288444197,111.753712948658,-36.88243738233,-150.107277609757,-13.1525110264047,2.19460613786941,737.250219417649,101.530917061958
-211.69912081174,80.2685299156255,-35.9479140371695,-135.643958769993,17.5678788299847,5.18719729562144,423.151165399959,-131.886116661306
-116.908415242078,9.76482520724676,-41.9732490584865,-40.403360813405,2.82125437783543,3.24070728159859,651.038224362943,-26.4062462172369
46.7071227554407,168.326846152078,-61.9197732813191,-80.1664040091564,1.68361391884355,3.21819755935576,53.4226655530656,-62.3919214213529
-131.716196147456,74.9923376036168,-61.2934151013469,-112.174480541697,-8.04148462356534,10.2594050942425,666.989034073937,13.6746963358528
-54.5720142664795,103.570980298857,-83.6967901754542,-129.246746386008,19.9809618584395,2.67302626301534,893.554079363588,-173.081259356197
45.9650143834297,155.732415556718,-63.729005933943,-106.618131535521,-11.1833718094567,4.36763575399709,631.828769019688,16.4367444701711
-128.276969914499,131.990827159367,-69.0641230310575,-139.76550741989,-2.34731646709406,4.3287707379568,1053.12982651347,-68.9381442736922
-283.752015530532,100.688312866241,4.54196665818745,-202.454436434236,21.6303772109386,1.07715115364408,755.321522598155,34.3504476970411
-92.7848029889974,32.0539536195283,-23.7961577902315,-184.029787956308,-4.71946453934652,5.1993333646642,213.208331692324,-37.7272186717746
-154.769923864224,41.3382115616441,-23.9465550017485,-92.7895669730206,-6.08988448508899,3.73624539055163,835.237737713305,39.1592202370178
106.875451759784,106.072661351016,-69.3798535332571,-53.2516533101953,-13.520678530811,2.80655820664833,261.577198127794,-6.68114179614349
-121.727967055289,136.068718361072,-47.7019404479506,-99.2907799619716,-3.98786436503815,7.10169926157687,701.371066527659,35.1986157265783
-86.0044770693057,140.576201393676,-50.9186998746591,-110.108521136646,-4.01554815316422,3.72479640464007,190.166226934844,73.3461910172837
-177.864565898017,104.87188083494,-61.9810150818084,-62.6372188241512,7.72639252696172,5.32629852136597,523.791560566695,-61.6328324177521
-389.335607880115,100.305290644756,-38.5582837168622,-104.661017916045,0.532240498141618,6.90540682052961,647.881835055472,-77.8317147393973
20.65874104861,96.9646251651866,-46.4176439712755,-138.344627716868,0.642679597563983,4.64284704581951,810.707461934282,-56.4822333204065
-89.6098122788298,104.332135342775,-21.9689030246955,-108.218708986616,10.0977256729493,1.09232869397965,336.126341130199,18.6701885068469
-487.879566365751,129.604122432494,-19.7399372841173,-261.761004824832,16.9464631521842,1.59432856336934,853.315323095288,4.02283702006389
15.4414904383011,28.8698651122104,-77.5549611136148,-64.5394214816042,19.3983456283022,7.77926634078904,-88.7041212867007,-203.891296100774
-537.728357850712,109.973540554842,-35.3769049201801,-190.569781721919,16.438923049689,6.26813808486622,-63.7626611891465,-112.429607657643
-109.537880978722,69.6583834813209,-44.0781549346502,-139.955702816886,3.90984201722313,2.24615651884233,829.13729895508,-79.4310972865969
-12.1633792026405,16.4814908684514,-80.1766958012777,-33.4977627073531,5.61364906534436,4.90269614468343,457.689730868224,-204.869881190545
-63.2299948039581,-0.208501348882692,-54.9871469500795,-88.7205374642799,18.5617449156998,3.76428840003791,-126.816619215853,-160.911820594389
-11.6139112797391,39.4066532644792,-37.3440263096873,-66.0908678837804,-3.27245777779899,3.96643479910563,-16.5970702695195,17.1337849903853
-169.243387053333,175.824640217004,-63.1207654605969,-220.828001571892,6.35197978683573,0.742816782643786,490.953532836334,-59.8163525545388
-297.294428205045,-10.5688812487642,-44.3674454351712,-27.9257448833523,7.61986537314078,4.59722381074243,1137.91899256912,-82.9153746488882
-243.816580863029,132.397238250938,-28.6469412773004,-178.975406698213,-11.445246463074,9.77669345044706,794.258699820926,49.0572686422965
-5.87121890111302,62.3943109539578,-62.3222892342528,-176.100676975941,8.19582702229673,4.41145412532205,12.3489525503392,-120.325628637627
53.262870482009,233.191336089198,-74.5973522085987,-230.745518194715,-0.757088190250215,0.766737008118071,163.875408085306,-81.5122439062397
109.944892466505,101.106900905652,-102.933527127927,-106.056077512389,-10.9604319324571,6.12824902927969,358.808723972266,-85.4978952826787
-150.131157556883,76.7978482500912,-29.458287153655,-114.877988233326,4.75942012412997,7.20488044036028,732.835282246771,-51.4868106773356
-49.3352205048359,69.9999557739284,-32.683541086677,-63.706186760799,1.5664692541759,3.83894437362324,506.234156050559,-88.3045123003831
-139.721886034546,108.502010620607,-42.2850140251248,-97.8873868143057,-3.30752197059337,7.48653870011913,992.843268282915,31.0364325283954
-20.3121087203035,42.4669463551108,-61.4958047991477,-34.8548520231416,-11.6272938292532,5.47007229411975,326.007231790544,12.7806258071214
-139.147378115351,161.623336069737,-13.4940301436,-227.385232447152,-0.567902685856097,3.26028055523057,613.876757792081,80.7073999169661
-287.266768332389,43.6706688370634,-14.051469935057,-85.0246276143589,15.2623561286891,5.06808981321956,395.993783026162,-68.1286905645684
-137.913443306003,125.200288610547,-35.1702513121418,-72.1685038270189,-2.5531169015303,3.41885258186812,221.802684180913,68.7874219894293
-146.910030233768,99.5975531141448,-38.6896970553644,-161.022147147771,4.10855756253295,8.09226501610829,605.303936118036,-18.7475201729394
25.4323273970658,57.605041391449,-75.5060715121035,10.2022915340303,-13.2724858781439,6.64186377434817,370.700752717792,25.3192138508166
3.29359618952367,146.896190178624,-66.4338946300632,-169.32828554936,-16.5686087186114,8.89946657071414,199.57272733502,2.04582249675877
-104.281465411827,53.1279627726872,-34.9724615117884,24.6252128153319,-0.675556529262394,5.15506059139443,328.51107997587,39.8388204189268
61.3897192851,135.85330624611,-86.9363255930512,-165.433682557341,0.988203911547316,5.60342441808461,-262.785192270152,-36.4499862621451
-70.8367293283954,57.2959625795193,-67.2692316376633,-175.320963824983,1.59711463045096,7.26020024851459,578.454911471008,-44.3819051428145
11.3237390682334,64.996481211756,-63.4732779374754,-185.544524124018,-4.11108803878597,6.89005422979972,157.493072184952,20.0496713235771
-74.1508702785359,131.039762021945,-42.6473028018881,-111.189459243236,-0.325462699576747,6.54092693490384,280.057146734762,-4.39422049773566
89.915710686153,136.271714724655,-72.7519664805841,-139.262005761411,-2.64917554345448,0.108601148851449,-662.846191515942,0.747377064224565
10.6219621851124,126.897812235198,-76.0617603129976,-118.266516888398,-12.0931244695676,10.599669906529,432.921646004281,-68.7351299904112
-22.2398332749326,137.91499961561,-76.217262683429,-119.748238894548,-5.58178046207468,9.02264040079899,-178.09146412558,40.0538558782719
-215.232593008586,81.8155898325058,-21.6811735816591,-95.3085898583886,3.25383795822563,5.54173006942256,943.73222366847,30.1769245404939
-91.0733971414047,118.41112365263,-72.570809959434,-45.6123159559411,3.59721040631121,5.42291081900476,477.245220410303,40.0158984908194
-85.0304834308481,98.9106682817728,-34.9088759066217,-126.845820425195,-5.07898320411186,6.81191277958169,252.499926359364,15.5767236008251
-143.177956470492,211.952869889705,-35.1477010442759,-130.973505105765,-7.08732002390025,4.9176657115604,542.996222752932,84.1292938270781
-206.721841186562,157.05804956019,-22.320923538442,-90.4795467704826,-2.69581314545576,5.00879202689612,302.778162197494,117.023488548381
-160.506141994658,150.634945464466,-38.3832443809515,-122.053793644212,-10.4556364782038,8.57744788506534,1020.48359377267,112.891145807422
-67.6532570952113,62.2990272866155,-60.1631252396037,-94.5989669801784,-2.96104122592078,8.69063709257171,422.101029565703,41.7720558790325
-100.460544425456,89.2935253832984,-62.2922933834925,-151.285188226087,-5.63575120967289,9.37490727852855,433.675052757061,27.3645378727451
-119.754461988166,39.8330177154276,-35.8065576365043,-8.66681379319562,3.8852575448509,3.17703018131579,749.896731488872,18.7649726635063
-51.9175398084481,164.679977886371,-58.9678879316998,-189.962068374574,-4.34398088125818,1.46611520607985,-45.1158256204653,80.0593960081897
100.894325191457,123.092101917297,-81.7326301198264,-159.858639298327,-15.1007213593402,7.36986270087073,554.899612961366,-35.3209289174702
-160.788249027188,232.628053132794,-33.1698566794221,-169.000522753042,-9.01884687240454,5.31621270209871,732.276336876679,89.2015783289971
-68.0923404527857,154.325011016044,-67.7151760403649,-148.984759518251,-16.9543873447401,5.65743303427007,1040.86287294695,62.5401186502568
-151.128794393429,105.041063707817,-40.4708005949979,-58.4933830217196,4.78688254352892,5.69660239095901,549.014827764098,-16.5004259734706
-32.9761678973737,183.058791701056,-44.856520871981,-147.999568821178,-9.85559663888125,4.13397174858255,183.361733355705,62.5100236009166
-94.7202998343564,164.381493494584,-41.4892699113043,-168.166635172223,-8.10231504370131,4.41464952043589,708.382189423101,49.7734730148331
-75.2418899324948,134.278948266823,-38.0596133140389,-132.463935647109,0.2237505253579,6.12658180241851,-165.817964233953,9.81784636739758
115.00022401326,108.895890064035,-111.071247200976,19.4178208595331,-9.64772491891927,1.52416496626392,-392.103068146156,65.0218502514472
45.396223683827,59.9625737321039,-50.0007990276717,-82.1132730697163,-6.82024192211975,2.84295620035846,152.714063345979,-9.38643414832768
-89.0554289515421,57.6490571758186,-46.0983842321475,-181.316207873781,-6.13305986831983,5.5154259554547,681.407361714824,109.712761467759
-90.6289739004787,199.488619674605,-80.8362838712928,-131.632962385105,-12.8978865555546,6.24183015103335,772.970003168013,14.1909720937401
-63.5666016877221,135.775515087269,-48.0461704335758,-122.782396349503,-16.4091265470779,7.44945119647309,478.183770056916,77.4507549592163
-155.614089626524,165.623958741926,-62.1289699550398,-55.6349009186524,-6.25346629381602,2.97938160394551,1147.46930040183,67.8580701103056
-76.8751907185215,168.022482246524,-36.2694455282799,-98.9696006785089,-10.954165396397,6.86373096833631,243.307392755476,46.0549111091095
-16.5743847500089,158.545200825582,-83.8721232671232,-76.6061364853231,0.746306588302105,10.1910198615356,835.115797049773,-163.400376969526
-112.808971101098,97.0030753999745,-36.1006103891377,-99.6676793691731,3.10358287219424,4.10407870411291,639.655190496997,26.3020409980963
85.6558037227369,77.367711707222,-81.7721707854653,-95.4960170845261,-6.67183814215878,3.61385215551491,622.526038586482,-85.3162424976763
-104.228979670821,95.5981911725212,-51.3759700439596,-171.669427414789,4.225536212929,4.04904001757677,909.605296592345,-28.3382182172791
-63.6953555620275,189.949448323256,-59.8548751558119,-86.9273272750377,-10.6109610129279,2.52368116288562,831.969121999748,19.020363330812
90.8045753206643,111.461543816258,-102.829611147812,-183.169519327777,-11.1827626849845,8.95955585742922,664.234765427478,-38.6124963467046
-81.3245483054779,107.121926077874,-36.7492493374448,-216.233308793133,-1.21729609197064,6.72475275986653,962.969424029507,-64.5621975559625
-62.2666326738981,173.443082915997,-60.348904324248,-84.5417067506351,-0.622499551958754,5.87185618792137,487.919275970293,-38.1419003799383
22.3809369957307,70.7211808471329,-76.9860647339374,-84.4979146337046,-2.92589225816482,4.31821620600385,241.970739581549,-19.3470143164886
-212.907853833953,143.301487116718,-30.5317147236492,-110.359669023237,-0.0883728309127036,6.70397364141536,898.651484005299,59.2224959775849
110.861290781355,83.0325851514935,-96.367272685442,-86.1346026811079,-3.19827543949941,3.88702525971166,455.227538665204,-91.1474783451704
-248.469569513167,108.894177378272,-36.6764777878707,-91.8544368145522,-12.1401640484646,11.121977445393,1208.08389044701,119.082476630181
-45.7818187153316,21.7554908747843,-76.2064085662714,-84.5760589034762,-0.0837684067155351,2.38521571875026,464.078118258156,39.6585818096646
-114.230565401195,132.903552607851,-36.0070736458583,-163.512425547518,-5.96754765551304,6.80423956279628,807.994523271424,56.8733469010185
-54.6778625315346,84.6921032862956,-56.5007368354709,-102.491971576863,-3.39737126151158,4.99128914042376,448.315793332586,21.4006337194587
-62.4647041855424,161.809949064365,-53.5385445999855,-136.769968179433,7.45663944813714,5.35867980052717,681.346362483444,-106.474779954478
8.36144308348594,156.06757739422,-77.4275020605928,-214.111455100258,-6.55313918646425,4.45787447002476,367.852465924858,17.4896688809022
-140.545728485653,194.87898484285,-67.1789677229535,-155.494959120173,-21.8240203853711,8.36544885864714,1590.69711583763,113.305720637087
-29.9754321260552,75.9828999317251,-83.5121377259493,-143.432844739653,-5.85777646735369,5.90517246254603,1161.3587338371,-15.833592139963
-134.782331009996,138.822467032354,-74.0954870700443,-53.2832862246869,2.3223062955949,4.92414452984667,305.988175079472,26.0929366748605
-64.1604722076881,119.154507372703,-68.9996607562043,-114.678783733787,-4.61175772404385,10.7120447694761,1033.37032198231,-94.4219055088033
115.117516063212,108.367017587647,-91.5388184514377,-96.3345259871567,-10.0212828590666,7.98235886385373,640.786965012427,-124.50482800855
-28.6961454149568,145.599989648093,-56.7121686928076,-170.939880122896,-4.3375686819054,6.10153505579365,173.838506440145,34.8400612503174
-77.8637913374841,100.746948528359,-39.6655427380756,-97.9057304400485,-1.0244455364882,5.80801769137315,352.476058384695,19.8638835331367
-136.578273957424,149.897007708787,-41.6235120388446,-128.632753444472,-6.28853102817811,3.81044643843779,607.945045484019,71.1824737421412
-103.156877111032,114.893388993747,-47.3861747470801,-92.2493678514438,-4.99710088228312,9.11799422459444,1039.53110822338,-35.8841199483704
-23.5434908151947,75.2371674355818,-36.5870535473223,-129.072669461399,-4.10765479612746,3.97434726908978,128.206731855396,19.2684748824104
26.7380220972118,125.207990600698,-88.4845969924354,-118.498974775386,-11.8560196132894,5.91028816543621,457.724909112527,16.8973019807672
-99.7736783513392,124.592011691617,-31.6228631862032,-120.096891660985,-7.20811378002691,4.3836545694212,297.326913009922,121.309749732542
-30.2217799919308,78.7541293834875,-60.427805883839,-41.0896782386517,-3.57581309627858,6.40856880536012,445.133762203128,-4.67255767213646
-89.2276637369941,151.277531631946,-33.9174113078843,-132.206787471514,-17.453082699154,5.09035713448247,708.723406951183,115.589215583139
-69.5412789240654,134.108714137961,-50.5477757191911,-67.6731627411864,-3.9946478535494,3.45845433915383,213.079479876353,65.2934402799292
-186.147384531501,193.916172020472,-26.5970174521353,-198.186072727229,1.2882155024854,3.02997002663369,987.437795235004,60.7095994667798
42.7919149392401,129.774184052679,-68.5909445217476,-148.67312877324,-13.9968459644842,4.37768335401779,97.1580920899723,40.5664084662603
-19.5560926897015,35.7478254614471,-44.7091356336896,-32.3170068608233,-5.46836604460987,6.30203858148161,395.001688095348,4.98467175472979
-93.4422340557794,103.956680817879,-25.1207514734269,-136.524136653461,-3.47684794233646,5.43388480285648,149.075561276848,39.5118049421071
-60.6003813077004,107.345621652086,-50.4907064339786,-266.80614657588,1.50630423575058,4.55006342630077,908.724468038447,-54.5761653963536
-95.833807871124,126.686956435326,-48.7678630862938,-121.240534415094,-0.32386105376645,4.58209532612818,293.988651107389,42.494886562632
14.6834029042802,190.888644825449,-78.1758776490824,-140.940162987765,-9.92310436203843,1.47712159807998,939.371458068716,-6.47205673828284
-59.2270490184019,74.6263110870495,-41.4162549424291,-31.1113469927222,-2.88067678405787,5.98853696995502,470.054370462894,-10.1144182759163
-197.572891397926,93.0261047707008,-17.0756114807591,-68.7081870522743,-6.09470675601915,6.79392664300394,874.523522597068,97.0519036299811
-64.1651557766018,136.919835119566,-66.0343513910484,-161.040988695575,5.08600128111721,1.82358939223923,665.400629031283,18.5122898429545
47.1407221993722,98.2280321084945,-66.9361599771946,-89.055516560562,-4.68008895815001,3.1946357220877,408.396134404029,-15.9233958213445
-15.6297947861312,24.1993070691242,-33.1808340617245,-70.4367574350181,-3.07069444151057,6.43457372153352,179.125098459277,10.2645660359776
45.9888329675305,110.419108534094,-56.2562593577022,-84.8115384654811,-11.9962326463428,5.15236605887185,181.407060969359,12.2937856391654
2.78045887826102,74.3471307694927,-45.4863487129915,-109.540424812963,-10.8892927579163,6.38286891167081,262.91581526502,28.3183889247739
-84.6812825644447,44.2844008750471,-40.4416206682654,-42.2494903488914,1.70864041306777,3.05000900106916,603.820614508601,29.9611445329501
-223.35032483418,49.4031679219734,-6.00499955040141,-56.9778350202687,-0.845473888373817,5.94580832141219,944.438116705402,82.1283959936409
24.1559626864182,27.5574550039601,-40.3213095832034,-147.376438736388,-9.39154200110352,6.68061747870524,461.404399093924,-16.9350481513975
-47.7794879528083,45.362923807872,-38.588727452865,-46.7700068509148,-10.1021039251809,8.02719785539375,491.248587107519,19.6717567356445
-73.4170181075606,48.5632163386963,-40.3171109278919,-83.0417509163562,0.318938538839575,4.43137238611234,618.625184965211,-5.33913119873614
8.85166623104305,119.910655527055,-55.5763713219494,-88.6344704786752,-16.7267565871589,8.17038869022508,557.874447432812,40.5656733859687
-53.8598557253426,169.913115461677,-51.726093464662,-241.524548587047,-14.0938519618358,3.3531058987719,777.294274761671,106.243154826312
-13.0390877925529,108.896819524241,-76.7123721599091,-100.901047354477,-1.97589192615123,6.20713920319395,830.296691860043,-46.288663703388
-52.3533216142314,163.636168031546,-56.3963434109464,-120.364715631753,-7.99956753845618,3.93148760403294,291.190744151711,47.4840131778783
-52.5157133609464,77.9290872626298,-49.1034119344113,-147.84814218784,-0.405122262163786,3.0908843328798,416.833221958004,-3.56796956521794
-26.2137852363667,25.0568250942142,-51.5522067745915,-117.834946766758,0.584860411647242,6.77441475191154,361.133446493157,-30.6045815198158
-221.647495597834,120.652901785024,-6.38407768826437,-146.65681228516,1.34991359740343,6.67892021012813,1094.97596295082,69.9388035288721
-42.7499583092285,120.642679929024,-49.9010465058127,-81.0150925363232,-5.89288135929382,6.76373387115746,112.942415041466,30.0130670316867
10.1543977927176,122.217262574552,-73.1438645999006,-133.359517729783,1.10313328233315,3.65946491519571,457.322515336185,-62.4966618420149
-9.50806940623443,190.917447735716,-45.6822912146235,-183.57954380459,-17.1210867623595,3.28695826791227,46.6552701760083,93.9026560396887
-45.659534844599,124.13321654126,-49.9710859794723,-117.588520123994,-9.74184752455039,6.77336853755332,-282.504263951918,100.139434841083
-115.286806147873,82.2274631401961,-61.6751457203645,-149.082944490889,5.16054162351065,4.34369305819473,-39.1103738804813,45.3105864061781
-12.6628675628453,118.55250609084,-72.4255426271993,-143.972146126001,-12.4902725089778,5.38476199841534,307.594298253101,61.8333055025723
-211.208156958921,102.73476305342,-23.043176684645,-92.2545862646948,7.57444254521397,6.30798282571777,1146.94811832212,0.802448046692007
-69.6610226266057,63.8412025197467,-40.673800268778,-63.7801350915979,-2.3882272915871,4.8735598953499,478.600637679629,10.8705536732159
-36.0661471113854,57.2633546062862,-40.270967719669,-59.3831000145947,-4.69173573080479,2.8264000872623,265.822219010966,46.4259905088766
-33.601712697855,103.874689561901,-24.3578878676635,-84.6728138874532,-6.94873091668705,7.24134442288778,492.90999167593,3.50090056147747
-98.6134741582646,82.5081025485706,-12.467603794641,-60.2555814255111,-1.42649702911149,2.55856830280391,437.64714084263,33.7826474806352
-11.0817506118037,43.6338565634069,-20.6220452094276,-66.5934640957566,-1.37696632094958,3.17872182225256,216.409262173638,2.68459927436197
-33.502239383728,16.1376455690479,-12.0281081784342,-65.5573254246883,7.63526801393891,1.78408958019281,-14.6995129980496,-37.3208980643758
18.4656677581152,52.1941558679027,-16.54034603131,-76.1225409245235,8.58084426929418,2.13364871942031,170.431786346511,-61.9808224934968
-105.505934290741,64.8822476535679,2.53654478690441,-98.3022605272054,-1.06562874010706,1.64504419307923,74.9073550817557,23.8333148798556
-94.5824589346012,125.384219110725,-60.1346263183586,-145.355016977337,-6.11247958654258,4.14844185126276,196.803427726259,18.9293456014857
78.9862725151906,60.1631364712084,-49.4938212742527,-145.643864640238,6.38269212871455,5.69564635587722,-216.25220936448,-90.0264434280107
-105.926332417337,112.855607752106,-52.8719104739812,-172.727111660599,-9.47580586514596,6.22917874251289,-412.652938624298,38.8357973607635
-16.902032861246,239.844551405084,-68.2959222715581,-208.810782355373,-5.64382646834747,7.62925169361438,404.973234520614,-74.5115903934202
-37.2401078516195,66.4263743995689,-12.7112393405114,-66.2990442947994,-0.521680371944967,6.9893027064245,920.214471287807,-75.6538713310583
-133.018867079518,-48.7617900158075,-29.338054044114,-40.4842258381523,1.72145220445236,7.2425240775392,79.6616150878544,-28.8485721674515
-275.115845164895,52.5776342176759,-50.0479571121832,-113.504844681593,-2.15593786930549,3.50977219143533,470.208093598405,-163.691808611446
62.0382328765918,119.168020253506,-51.1404314420215,-16.8259204482383,-10.4833183505398,2.947566816787,887.204490601172,-54.6168685298471
-126.842922251861,131.894247585602,-26.2583510356199,-197.869568651891,0.935461621789727,2.63407332097995,138.671905730618,11.2876518457197
-66.7764064816237,78.5379743294543,-22.6125775744295,-56.9410312454893,9.37588714400044,4.56239272352832,177.80798838583,-74.628152636782
-5.84061247860518,126.818597358651,-45.1800457222271,-224.57723427008,3.44461597707414,1.94186396757141,205.833071154775,-35.2671468887565
142.816952263762,129.866606418072,-77.8395947937097,-125.377233304411,1.54896081150218,4.47652747428219,896.519073854928,-58.1244566269925
-169.275459050667,101.321819506797,-61.0047244213492,-126.130645977149,18.1885378642401,1.38527780179447,815.615041969854,-113.450209157178
41.3131013447855,159.132255683922,-86.2410917581001,-248.296065202572,5.54834052690421,2.26452226213951,-427.877062693966,-88.5103928727185
-187.067073832179,72.0641507904511,-49.3311506967984,-55.8772729129996,3.26191177526198,6.59740843061445,1071.27570086745,-100.955526660233
-63.9521696059965,103.12955285341,-52.8941055499745,-173.29683674722,7.92147977051718,2.18574024814006,795.762397968821,-64.1759494048019
-36.6898121177874,136.867589838832,-69.5474275727865,-147.342638221016,-2.51684778356866,8.75453496276168,642.625641909046,-107.790778364171
-61.6032062403101,84.2621324196898,-25.8000303630251,-73.3780207811651,3.83596200018656,0.391610293474514,-93.711453400756,5.9384448265555
13.9386070671972,81.9305960270431,-21.8357909261176,-60.2539268795226,4.14716562343528,0.142149169114418,124.700335832974,0.428941490328725
30.7771321594191,110.476208660617,-38.0182980865939,-99.3590308152561,-1.08523648794107,3.19302670149773,588.426648282031,-76.2600224624657
-140.468105107218,43.1060460515,-25.2452220184205,-136.099300912183,-6.26284442866745,4.93839173633387,-12.1156070690777,37.2185019710232
-3.32377016567625,118.645385456301,-48.5227633681934,-169.564449524711,1.47998303041823,2.85773908966075,464.970608688222,-17.82065335878
-159.877444099606,33.213949422614,-35.1715930984865,-42.0560347970604,5.49094986611453,4.1547486162458,247.728528259904,-53.8862936713922
2.60235779389768,117.77113489277,-71.3690987448717,-42.9336505627725,9.79768774406693,2.95863329726853,1552.40759812837,-113.851966404676
-108.617276349365,87.3422200348505,-50.1035072749946,-88.7053335303644,-6.01420314230199,7.61883148548077,170.612011990073,-9.40010778798023
-66.9579326077874,58.1044567835415,-40.39691960645,-9.08959803806283,0.713573099492351,-0.29619580655708,1165.93886830879,87.7802726772952
-149.247666249736,153.213100724966,-61.5615212897246,-198.207955423517,4.00078104116255,3.39353414974175,691.5224485894,-24.0686348001109
-165.920211897959,45.0886744105082,-35.0204958505637,-145.584490756351,4.47155500356166,7.58097327596624,334.229001264444,-43.6039276918746
63.4406819564756,-12.6800167408801,-51.8487707121822,-28.8729348800916,-0.397110830526799,5.6117099521216,-9.47982221464918,-51.1140822064044
31.2528037545053,170.962563748151,-81.4733508751306,-252.24406892051,-11.2121340376762,4.37341110483976,44.4423076763014,-3.4413341852196
-113.971202841771,129.931737926323,-63.0815277115325,-131.369874945907,9.02703472992289,3.91911297057231,687.665274803527,14.1464459613744
-166.479190530008,134.68682182004,-63.4823753892269,-183.449889959673,-0.856414332887653,5.12661540762201,695.297318025696,-9.52974708493275
-49.7502252197737,124.71131482831,-19.1734110559919,-108.315377126419,-6.83399563572311,1.32644001163135,-335.36130976423,90.7717079705617
-142.762142762163,50.099585916556,-20.3159911818657,-149.544032199716,-5.15996869308583,3.77779463746992,676.417182507896,-46.589918774549
-68.6888825804635,160.505555626953,-83.6489247517093,-211.194670000059,21.4974243727629,3.20060151482176,104.486605346538,-179.077512799384
-97.2219343541656,55.4217618233088,-69.6940308764169,-136.917603436741,9.542901261525,-0.650607309746647,509.226332034872,-68.1783823762416
14.1086649774224,116.83439998547,-52.0774392484454,-68.7797626473111,2.63724986777379,4.14521292372956,556.671938124229,-11.635484852497
-209.757222113578,87.8478569544968,-27.5513485366828,-46.998691409899,9.56933697880595,3.6151190770579,799.162401578236,-73.7893608796294
127.210493838633,80.9745230721601,-75.4535633021296,-169.230939526518,4.61105987620249,1.11410534198512,-246.674271631324,-66.9989003851952
-157.255895605922,79.2074869190292,-62.3257715311993,-151.805675935073,3.37436751466657,5.88391755043995,186.49299108957,-83.9235147130639
-253.436853652616,50.6233128119784,-30.9110805316195,13.6637455244199,-5.89259438637237,8.3295357284951,-15.0837180758681,104.17666976164
-142.358296330109,21.143125448114,-35.2559841326001,-133.164439807122,13.8125237755717,3.61501245785257,345.252382219376,-91.6403681107913
-229.984308805372,92.9990668770042,-40.5959740599901,-186.289684379092,14.7534839283908,4.54169736120093,81.8731045051099,-84.3600899684752
-134.054985597182,91.3556901536358,-50.5058638522169,-129.787128062148,1.21388183016461,7.09473356929824,419.919302576222,-63.402791843313
-93.3691445332515,91.079903367673,-32.3278758504603,-84.044797035891,2.00801517159562,3.24554176874517,281.763131997694,5.9872433572491
-469.338192007726,73.2486849405395,-23.2654082490262,-84.9770933532818,-2.64357646312601,4.24128229675989,529.164744331734,24.2127482024662
-547.881917228893,96.4284268770425,5.53508051408426,-70.647228603033,11.3929139920201,2.37272074792418,-133.978067773947,-15.4400252179912
-57.3873918293975,7.16049258754356,-65.5881887448486,-88.5677892999338,7.44062828079041,5.2734449559066,310.699596778097,-150.527780449484
107.866700413257,98.9864181884332,-43.8014543386671,-154.034183801276,-3.35594297258649,5.42892425712489,273.694802530916,-19.4839608018592
32.3601189621259,137.487512879612,-38.9315916231571,-205.460098515759,4.5357216669363,2.92735291994904,378.541752278907,-63.2537145880633
-44.8380426337098,174.846180414665,-41.0371193181782,-170.155917816417,6.72984994555009,4.89343787601683,1016.0340609947,-64.4722596994943
-9.29404841802898,95.2630040561198,-47.9257780422558,-65.7191375810944,5.57156876426598,6.29527131491341,348.064851603631,-60.5932677253659
-47.0402127366033,97.6226435410499,-54.4011400830823,-155.83236866357,4.46903377768467,5.33072526499745,700.238105087701,-43.062767087762
-81.2494835391772,153.985619212311,-69.5213013833418,-219.308753216814,2.71524255085387,-0.259240366445738,62.7184304291295,59.4884123190568
-208.000160153286,96.9068443012802,-30.579580356949,-127.100170470105,10.986956806737,3.64885191757639,199.282600459672,18.3202143844755
38.853227801701,27.8696903373057,-25.8136614734103,-157.477571145588,8.38683295303781,8.28236075968016,472.995296023269,-11.2637640836747
-112.148637169958,100.157144146455,-34.1498164079676,-26.9462941477977,2.28507916233502,5.78073662382667,442.888525603223,54.2398715054296
-163.829775720227,105.865775661514,-23.7693570029437,-160.682145340441,11.1241698931408,2.69779275687688,916.165444813822,-101.702110788625
-157.05176246573,99.1951247330871,-24.9538467011098,-84.7678686040417,-0.574407060426893,4.50988470477751,-470.406198524316,87.5913935281351
-155.702223880973,109.097514666559,-21.1488827697758,-244.61035650596,2.17533383748378,2.71492346964078,131.183423626906,24.7898504572586
15.9452983269002,111.078102576459,-87.8811991233379,-119.514582240183,-6.93053487304132,8.88154181117716,23.6340502668463,-10.5048464518186
51.5130442304217,106.886335262519,-62.7054069314509,-100.943682444602,2.61053374756739,2.32894427065548,-366.178546642695,-15.4962783241463
-155.293655161006,76.3472842537813,-54.7413175083821,-79.7340731046752,0.42464011015818,7.23840609076433,792.854595239914,16.8425265297119
-265.285155847872,73.5219823393709,14.1299321332408,-77.5549237187515,5.87027163047605,2.08122216386255,798.858752589818,-9.7630382457719
109.469652092492,56.94400117849,-41.0207552880947,-85.570880998901,9.12709276459645,0.943253934619861,572.684776696704,-112.762954284852
81.946737542843,86.9734609298612,-39.4003990920373,-103.312514887628,-3.97343332436867,3.18808653088854,-31.3595991437905,-5.99464105613151
-42.8919242142874,38.5044648354524,-15.9959392788878,-43.701921472828,-0.821050944010494,0.787082169801579,-22.3990887767504,36.077621193188
-102.626149141692,36.6567930448364,-20.4994643170576,-56.4609232210496,0.675548260624055,3.06624300312251,209.766874337998,3.56147321651224
-37.5646886640025,81.4388819004307,-19.3544428864989,-62.670357669369,-0.0718153611232992,2.10070346441353,201.180010371318,3.2182425480496
-15.8512679468113,41.3448575767329,-26.0226047970427,-79.509666548387,1.60553370355046,2.74331572691153,273.754089394883,-40.5119202914793
-17.0285496090655,70.2383093453536,-27.7131612293015,-101.130094275693,-1.49894481139199,5.21354951129615,300.911609308925,-24.2056860943558
-151.468021324306,100.371984706013,-0.811768520239184,-120.905418326874,-0.855952381461975,5.00928027389455,680.765943988717,49.3843977512045
15.4090377067332,75.7823857379553,-96.3155190926336,-99.8945073185678,1.2613665526369,-0.00234659402849502,343.876851959139,-88.5835522010675
118.378401294671,129.034119322503,-64.6782714512301,-156.689582934079,-7.1402856643399,7.59810723784176,98.0612054589437,-43.3572876190519
-67.016718081315,101.057458476993,-33.0519118325756,-190.908263703372,3.92398153879913,10.0298719402199,762.933586990586,-89.1070449495528
138.160456392055,147.626143082693,-96.779112317221,-125.363319406366,1.51383856743632,6.58031221274723,661.592781461743,-67.36426120741
-164.026602637372,142.956563192887,-57.9388707173639,-177.178376817494,4.88938686791516,2.74831907024418,394.167704284479,-45.1389214235169
-260.209206213738,82.8251135910155,-44.9939043285995,-127.022180713175,8.83631655524368,7.73848434480897,960.041081644886,-17.4896625001693
-340.279457831228,111.483286923076,-16.4775578744811,-13.9736254320451,6.93937105977238,3.77182721285726,496.827641395445,-45.6491805483965
-181.231030692143,67.1275590567675,-18.080581888069,-101.381807323953,12.9845939992811,2.58718429024157,842.521035412096,-79.9917595432744
180.29569587583,66.0495983853471,-49.0689198822074,-111.560798002382,9.61233348833048,2.4297782775102,498.807210119325,-106.944292473403
-142.132541278559,111.392476393667,-35.6514068961551,-99.9632022857113,-3.59105420121705,0.764690617841552,933.744308806694,91.1324399040604
-469.692607346748,102.865035567553,-9.5458211209625,-85.5225148179597,-0.642549504816998,6.70783484043932,627.944153171604,71.5330963053329
-471.327396838868,203.072025258814,1.23200377075773,-119.624459696948,-7.18353318318623,-0.094581631856272,-706.306202511478,288.188234815345
-23.8625379564182,111.396215755791,-43.362865593037,-125.572243421488,18.1456615450588,2.835766993172,-496.232144617014,-68.8557585877006
-194.915570218989,145.663508255806,-8.5059207019076,-177.126747201633,-1.60058873590606,6.21713122109941,30.9611784887384,18.6164357175876
-466.561532108157,116.1483945484,-64.2202727527474,-120.585619724778,22.2404743990551,1.46995020048053,-11.4847349610844,-29.6844379436661
-249.887841750486,124.841844902287,-29.1556845053456,-283.742494170248,19.8159814489081,1.07282436602691,310.648297639284,-56.2051121254699
-684.590839174789,109.613041293778,-24.6912819118079,-131.155488512741,33.2678650885646,0.595956661345554,251.015835589918,-13.9595926606271
-51.5486579314129,82.4955004267358,2.71353071038175,-263.598166364289,-0.312057920893494,7.34297557098034,632.465156075908,-18.6873678771553
-111.159159294926,132.307876986779,-52.3003218225749,-89.5856429307023,4.62857825210085,-0.066242517408682,-293.353338336743,-54.9715437207924
132.402391754207,164.572654901167,-59.528373134679,-203.301957242662,-5.53069681007037,2.71251095840489,-111.4836393648,-47.1111234743948
-95.3400539426075,11.3333532422694,-15.0357758602768,21.6776596488344,12.4952819541504,5.05240709098871,1218.52321009735,-70.4514979398627
-23.6959491875023,105.319214074825,-53.7120607752295,-90.5916470959055,-5.31526982069772,6.57581819542975,55.8906807906133,25.7474229188956
-93.7516420481843,110.998645872285,-45.942234707938,-122.83189906089,-4.83259947600891,8.26272299603443,812.680351230651,-51.571300902011
83.4384865923348,114.979710706066,-60.2596168054442,-147.394242510403,-7.17249131151766,2.17988964963934,130.011933225396,4.44422655187373
25.8059938387805,69.6885469992121,-54.0175640145826,-72.2141601370677,-0.555628028647334,1.67876212803094,-272.288096207034,-5.59084208289278
-24.0425195150165,51.5610801198236,-53.4749563199584,-56.7217028890809,4.94486153507023,6.81915343166906,401.2446747793,-111.123203628755
-207.211016380112,142.424386452782,-28.2962169481689,-136.660448027018,2.3996267048642,8.3134704567492,883.332326971315,-28.1478471167065
78.5609581611207,91.3131090398037,-81.3075199543891,-112.485952071933,-3.14794301247457,2.819191029168,1013.71700763075,-75.5440935213992
66.4252473383895,105.659117868985,-80.8878780734012,-154.352471692013,-5.84324842178466,6.40418184531882,255.942581365409,-38.4418556197634
-138.02484279557,69.8110077560268,-33.6625331940159,-78.8269106630614,0.593096021611927,5.77209724004206,495.94982331022,-14.0655630097062
99.02409771167,110.784772466592,-42.8224040156347,-236.334897171822,-3.72306900838157,4.97327610737011,330.402399824427,-21.0759704086158
-78.0485088832211,117.382822025407,-90.9155654351052,-84.6106291591641,-0.380046820588177,6.08035853964975,1149.46371950771,-112.692213840463
-23.3778502799159,95.5536072867908,-63.9467713814083,-182.695407859239,9.24615730981168,4.4175305967774,624.46587892613,-156.658682240239
-4.0388779881614,55.292869859928,-46.0135099316831,-114.892156665239,1.31205334846163,3.0961700041662,-130.150256103552,-95.0620984593625
-109.470133195427,182.442666985153,-39.7166010248075,-183.074014946905,4.87167169811437,3.44635804346763,29.9200145700306,16.6542579018133
-164.19646155712,93.7343531552469,-42.0128910551139,-53.7102242487717,12.988953343618,1.10095294704661,-713.488459316897,107.001927484656
-74.5745563533892,170.292394979746,-26.4029239361189,-164.853749369126,19.9965655824781,4.87234150982113,4.79834173570271,-98.4212474541418
-59.0811657749,72.9895285763487,-52.0643300036318,-119.601238966774,-3.33890176005661,7.13165469196974,445.397570513713,-66.2999858235853
189.212192529711,30.5282862056702,-84.2243583895488,-115.518896763911,8.59285743455985,3.54560555584612,105.012680711472,-98.8642610597599
-139.258156382544,185.463967210846,-95.6856534040417,-172.326937186124,-9.29969909110514,5.26873747682839,1057.0285946183,-7.4532433784334
-257.710948485095,87.2626957550528,-58.9496298829345,-76.6536478172093,5.48273446592793,1.38463095407496,239.017655432035,12.9786868983938
-142.405328267916,138.22904067536,-65.9893707095325,-150.279667084556,-7.49816170427039,9.21785322650976,665.818769321282,-10.2156516127579
-99.069862425742,87.3915892108198,-26.0773529339058,-68.2416990325146,-5.10408009957246,1.61618852835272,-118.119500701752,69.52084236464
-14.4339854706341,75.7603124004163,-50.9727414292502,-37.1480140328495,-2.54245358451817,5.1103852841261,541.229721261581,3.80180787745485
-45.3284795299842,52.2519284370719,-25.7469526118221,-58.9287995988561,5.93089400395911,1.68136231923108,502.462036592391,-52.6391527265441
-84.5893658969162,118.757807956732,-15.7836073171784,-87.367312449438,-9.28891955234576,5.15425501884602,611.295491944737,103.722921446625
-193.348330882,154.695311191157,-32.6375914912351,-250.13201079375,-2.15204347952385,4.4836591592466,-37.1595071987249,75.776260261915
-169.736275740506,48.8510575278997,-53.7882164567418,-35.6499172276235,11.74336663133,2.1532827316405,1387.56450721714,-79.3761440020025
96.0791819835704,77.5967830301015,-78.5855105274022,-174.069016068766,7.8379023302914,4.25784231098078,-239.821463739034,-28.5672763695475
84.6050528195192,92.8815586707933,-93.1325002235571,-210.443993422596,-2.23400371690514,-0.471535535252769,-158.146616129516,4.11741396260913
95.3025977042489,3.0239415220276,-76.5721946856211,-89.0080986927169,-1.48481120012002,3.35518634251275,-163.77435064131,-99.2380506791669
77.8195617449246,112.859020136893,-71.5046494010312,-186.544142261191,-18.0530969744241,3.22419908945449,363.153332450107,-14.8153252891352
-196.041684456388,44.6330197475763,-7.57501799161878,-104.614327342715,4.7586388704367,5.32686512747387,767.136217772699,-19.1332029366167
138.642345870874,68.426579296327,-73.9471997313813,-141.149467050273,10.1871572630698,2.49131516170746,-68.9284608028684,-102.909284569585
-273.046608499317,146.39108541474,-0.758505195935868,-104.714546929725,1.04009921124089,1.78543456966872,334.33494429673,80.8636768103206
67.6583946173851,18.3254097796453,-60.76496355173,-73.9744691271335,-3.71247676560597,6.70162140202592,-80.4098673360277,-28.410911132436
-289.48387547415,51.6450336132493,3.71211578267685,-153.760151429364,14.5394039578105,3.77792350851814,571.659397809359,67.820219599249
-18.4274466750212,205.370892920459,-79.8708623426646,-128.06870934648,-16.2018582329911,9.73722561210161,787.954647343504,2.32023429543369
5.07305739749427,166.412334740242,-63.4367096812348,-208.200938943934,-22.2392992993337,7.84876374043597,-232.765283971443,83.7937288055546
118.845300281566,116.892320188985,-77.3850152373807,-67.9877767924118,-19.5933648145583,5.18921150418464,141.340951026155,22.694251169145
88.4909579243686,155.824589095762,-63.6743542536133,-71.9966250140278,-5.56327846728527,3.31899124404299,86.7602603423293,-36.3172353036352
-83.4494265211397,90.0855098483808,-22.092771733478,-69.6112622075088,-10.2146589357435,8.66510266551632,592.542266695724,88.0751651148748
105.106385091596,88.1041733983657,-49.6393022899865,-173.372965588322,23.1683467143384,1.49880403826683,253.326477864692,-144.186680695166
-227.817966482035,85.4414664725482,-11.186279345924,-187.40466836527,0.325225698856229,3.33363872382324,831.339060729097,-25.825886069746
-349.193009207913,45.3091311517564,-20.2514464419728,-120.870119906554,15.856616158615,3.16637490858557,277.169905138158,-100.937018529861
-166.524344506463,96.4205331216363,-36.8883521003154,-7.73644753613189,3.0665454222617,7.75124506074644,1239.70188778322,-123.500223991228
153.328561463946,123.186450478002,-73.2780645466846,-126.522346460872,5.0330587819044,0.154990855051437,588.812458327079,-93.3779036225751
-367.718431517118,89.700278416436,-15.1537672761551,-69.7977244876165,2.46587684548285,7.24216637889913,1362.00218651524,61.4088783526677
-7.57868391621741,34.1634889279376,-74.9416936828638,-120.752515312812,5.50677995436854,3.71052003156365,1052.71095736593,-107.016741635802
167.033328816062,69.3720185401035,-101.987016856147,-109.302402419242,0.603697503145668,6.22099400674051,627.692925045401,-101.154980761916
-59.6311818499526,44.0260481042715,-51.842530121794,-60.4738176969695,-0.735875582220615,6.0997478402569,748.7092519867,-59.5325349049062
-21.3206548286253,167.095264014395,-74.4597117458106,-138.643140010565,-3.210120128977,4.07623512925784,718.262680006796,-20.7473190707533
-159.320055577246,216.676616059936,-42.1782121448487,-199.347899440298,-5.00776120749651,7.58144219916721,566.512003218522,122.957475310428
-234.009119809263,149.410144852882,-56.9604921004793,-109.438966229274,13.5032853282755,6.65914769751544,963.685493357538,-41.6836269251471
-72.614704151245,43.2680587462382,-64.8928940558392,-107.475563899927,14.3451001613303,2.82363109959988,976.365466665728,-69.9322186934169
122.844221310326,70.62015971457,-37.8563787598687,-175.933737658532,0.974385751673253,6.93289337161696,863.123485706252,-115.972166573272
40.6781644937728,124.138844014095,-65.8917676203855,-110.754931011761,7.86106843499874,4.34772172252997,571.102633370858,-119.644127099775
36.933230828261,97.0883392579053,-61.0045801418601,-115.298976616526,8.84605118454783,3.14617204267415,525.814719389789,-167.279845995668
49.9334735733864,116.944831951725,-37.8583677800852,-104.65391593652,19.8863215148849,-0.912769821967231,527.068049548514,-102.208463237039
-309.339822173599,23.9670301765618,-16.5660058558806,10.7056137399777,5.51201158138429,2.8336273249879,830.532812296573,40.1737738158117
-86.4395588984189,146.113708817844,-6.72612898677471,-148.677103014234,1.42554406386625,4.28581691220461,527.134552982257,-49.0334108315983
7.31210225485847,63.237110267004,-58.8129912602999,-103.847128199108,11.0925086779316,8.39967159638763,1426.48025906565,-207.503978553836
-186.779988536691,35.1549444387711,-25.6255081942109,-156.758364070018,17.5953734390569,3.89571009034989,953.111722825721,-121.616536549955
-69.0855558169133,27.3850635801573,-31.3256538262212,-28.2989815464098,3.44269894341596,5.01677765480781,649.507536164461,-4.68966583565634
-245.65588329616,21.9668546240136,-41.0885718203863,-116.00053612201,10.9297901132013,1.95612925896421,120.734058345777,-63.6761519967258
-326.770497648042,50.7467667694727,-19.090687388496,-28.7920795631362,9.34133099482278,1.94577321259567,535.405106132399,20.9464474756387
-162.200225393608,36.4577108195226,-19.1855510654896,-71.3695991326531,-2.02955051881327,8.60579084939673,594.85469720533,0.647138152096886
-153.054659298708,150.174892687035,-40.5128858658136,-158.064908639077,-10.916517965703,1.36345963503118,311.366610393714,110.979066706786
31.0547637960408,165.342403861883,-80.1651088146173,-123.966587833609,-4.85262739754398,3.53720448494641,835.838145315967,-9.55561556052453
83.668987341618,147.996718538467,-70.5155097464594,-187.252760572825,-0.665433707632474,-0.879093800424016,-144.977505911906,-3.03833324278821
51.9130775324011,107.078954489087,-74.0647336094262,-77.8354798813489,-7.74843837111257,3.73626818201592,-153.230137382794,24.7110948325135
-79.0219406090037,85.5498833576567,-57.5546340749279,-97.730582845139,-6.24411764359684,6.44694130122662,579.721596548137,-59.5300653378636
-161.86248883084,38.357958204404,-43.6667757889445,-21.3789959431888,9.09580172858841,4.66335775847256,626.964886723275,-61.2432517253692
-259.519501251489,60.3798375507613,-30.8394238137989,-54.9243058669599,13.3499223889376,5.56617979417206,337.350755841879,-9.59154590805701
-132.550899921946,57.9897328673105,-29.5891887766775,-62.3429393333936,-1.39030753205589,5.12957232887129,541.505891640933,-85.5419652289711
-9.37655534088844,112.687802831031,-63.8214181772513,-193.624505157321,0.324569445823727,3.67851276353758,209.092179017884,-35.1729927198467
-105.447263335809,81.2998193004678,-71.093795086621,-115.664655786939,1.44510253575572,7.67192178884579,1088.67083554888,-102.9189688263
-124.42452157602,64.0030031278275,-55.2416348274273,-71.9227953046138,-2.51697693750612,3.35115309478715,328.418639668307,55.4725511155339
5.85537761557498,74.0449764724544,-45.167588488006,-130.153001662868,5.44240884145256,1.41067634891078,339.51520140763,-89.7746050850237
-219.75104706797,97.1203285447555,-3.52387425582856,-67.8770543114224,-0.498988247170928,2.67249501353945,622.343257265187,145.82355129502
33.4602079197975,73.9768997017236,-65.6220671977972,-67.9481350200949,2.38925618468784,4.82391797137097,414.366489027372,-62.0282650410663
-28.4169475599119,113.078778831272,-72.8979939504025,-102.726817948133,5.69530934070644,6.97642445948441,1510.65933033219,-72.3121538140695
-149.190802767873,135.531923806091,-48.0924113671936,-121.445806125577,23.5968419205528,2.59745507080515,444.415500626317,-102.661111216832
60.9057389353839,47.1979270343654,-28.3114514909739,-89.8965550015564,-7.17714090926165,4.87756940172767,81.550440527164,-34.6237166064966
-17.7385722185136,59.2601514587732,-40.1486444685734,-111.834374230362,7.39268474774144,0.222286081563652,-574.494580163431,-42.2268568195868
-154.99650143375,64.8650629813455,-13.5042860482972,-142.635056942439,18.8287571997062,4.26489183818921,318.993614614868,-37.7785177349288
-123.65520601159,91.785202438361,-55.3762005017488,-93.3864409857051,2.73674558292259,2.88297972220607,-1038.90236113442,-0.15894997106443
32.7596035850001,121.312209666296,-89.7489320795576,-90.5395746975555,-3.14193597496342,3.35235768478015,-167.041830059963,13.2909114508725
-78.0134449660836,48.0269491894578,-43.7568158807992,-90.6708307980807,5.49063919745095,3.07285620298353,460.737465879356,-43.8204265911772
55.4141708140232,25.1984638068825,-57.3185905694118,-28.8372050606122,1.16402707401721,3.44783628344885,-47.9740709920879,-44.2376315762813
15.5225305448839,69.780494706356,-52.0230176631303,-87.2611202098196,2.70112820594295,2.55542008846533,165.225213343365,-39.5838694054146
-212.362889629934,141.345792240678,-9.70450273703318,-52.5711245076218,-3.12385654913669,4.57377009905758,774.876748197319,14.4703976469609
-164.46177035346,135.261009395224,-92.8924851996708,-19.2455091412048,-6.01556358818198,2.48287171433913,890.152646307586,-108.044222380297
-145.634040411067,132.174066248637,-44.6314999187889,-176.233547478027,0.0470035774487769,4.12242453209183,439.668169046832,-76.0728093318903
51.4211002016746,135.857925492164,-52.0278688770341,-40.3444548759799,10.9441487467848,2.27543187201809,147.634645111917,-98.6169563776057
-227.031935350882,44.2742732971819,-20.055960560494,-104.968353618117,12.2166749632306,2.54573954072112,837.4005317345,-14.4918126470002
64.6856820118846,63.9218023633221,-56.8212636253884,-136.201302258851,12.8780861461419,0.746929191576783,213.508429763286,-74.992888126093
-75.8117100551681,140.535322946307,-64.9592859154695,-205.150003429873,-1.59615624783527,2.6064330535155,201.03775502753,-1.91662042001553
17.4223545175628,149.257217199018,-68.0257263139792,-114.117928646345,8.7564405476005,3.32250682359609,631.759812478515,-181.813714946649
39.2588146035268,78.2241044434195,-54.1582420089253,-74.7079739495675,-0.674443068244727,1.93562866830325,867.516489054105,-29.2912115615036
-89.9231229653597,112.151817205318,-40.422983977478,-72.2886110400977,-3.32577601559751,7.07017465180979,850.802594858001,11.7910181967382
-95.8509438658421,105.747824853141,-38.3427940385154,-156.534695175147,5.97324567877058,5.10322524086223,659.165278721783,-20.4259789104835
-3.06930978176433,56.0249117830026,-49.4173125142115,-96.3847119434358,-2.71754679791684,3.32534584492714,97.7673501866193,49.8189963031036
-118.200057710696,81.4987824802811,-9.96742586846813,-71.8469718465713,-0.833845401764847,4.64523302834277,212.229530641518,39.5079916392569
-96.7032307737391,161.495853081724,-69.1255156354237,-140.417229701299,-7.08931182758533,9.18462814661325,1158.02734749,-2.82738665850047
17.5018406688177,200.884440551439,-78.907433491496,-207.285184760127,-8.93350644993188,4.2954142289127,316.245038592311,1.03817981818793
-92.3654166772612,67.1599284183867,-40.4550959876506,-13.1967631848383,-4.48734966423945,6.53318676695926,617.978699072875,-11.5978737938567
-60.3443125868798,159.546548533632,-61.0844384954507,-168.035397945874,-5.56886294433571,3.29541094964952,984.587778611647,54.4419599413086
-49.3396771761909,70.1123946982843,-47.5351012497886,-76.3842419134635,-0.516417346647358,4.21885310758444,560.96402474746,-31.4374024791687
-163.627951241826,100.872375106563,-17.7492217080726,-84.4884673326596,-7.20822693251466,4.46555610642827,-43.7116420085222,190.359782367683
90.2695207341312,87.6137145773855,-70.7241884686664,-126.686100864739,-1.22642094251933,4.1352533632562,665.440661109104,-75.1902985686756
-98.240417112363,157.108641894665,-49.9678252160375,-152.412829915207,-8.34030833013992,0.365791751915822,719.19362803048,35.2236532249008
118.992685867346,152.782207362921,-72.6053842702822,-144.368163384992,7.54653508543561,1.85903384805715,565.542830016835,-148.780536085571
-20.8966700245653,86.4195581192143,-41.3677908898244,-145.844944589197,-6.26117710259496,3.65207634255421,359.734839109442,-1.21870839224721
59.9058637730268,60.3060215687556,-50.9162389374396,-108.503336220383,0.245864025418996,5.90084426937392,203.155077860611,-77.3161105226027
-187.872265541431,104.064163446397,-24.8465178885526,-72.0417942178974,4.75989558310539,8.8915126111533,413.73167177444,-69.7269609061332
29.3221786281574,49.6293751038611,-20.472815688292,-81.6368575997913,-0.342991801953758,2.83311741356738,85.0215309751802,30.6784943359824
-5.81055754963018,10.5721571318863,-57.4347825465666,-8.5692727950518,-6.48538727689447,9.59881975200187,1058.21467076246,-86.7322023815686
25.3931733304635,50.9577242067899,-48.5293301609508,-70.5722371058728,6.52834404530586,1.53467000558157,512.697544877679,-47.4311221577227
-13.2555085831227,108.445326420479,-35.6522213847784,-93.0461015633919,-3.50879708337015,5.53375676739961,413.239688431568,-29.932381738603
122.340480985811,87.0290829976439,-68.503104542091,-119.662081960225,-0.303780202215421,-0.386439207286458,70.8021600702559,-71.4994539534091
-274.966632044961,16.0095929808158,-52.2416385610704,-8.43080813589404,-1.38829107311903,8.31304677207663,871.727066443879,-95.683673133608
-144.197526460601,113.970117388531,-15.8071718993597,-95.7292239632203,6.40899482439272,6.49869945389219,1058.31766677939,-66.9160887147277
-44.4254916423524,129.608645039323,-82.2935599204502,-194.257964204942,-2.66848144045798,3.49904262897326,416.291504330147,-113.508163863599
-430.265549397998,77.9959134278233,-64.2368360044347,-224.975812313976,0.48385087241877,5.77888077705575,504.144905762892,-58.0457240758551
-455.262784575316,130.840364856605,-56.116517297909,-113.969127380733,11.6713513531868,2.2038309203781,237.308923252538,-92.5326102681865
-207.759390374449,70.6360624118494,-32.8245581611191,-123.395336438873,8.10779441809791,0.722978341742419,879.323069572762,58.5831596947246
-135.797291704133,174.143462380849,-22.8388739962538,-286.39051911101,-11.2458443527466,7.13661720331584,966.800787835224,30.3362981890969
-167.995901097289,108.057021269655,-52.707045551535,-97.4569923712188,3.26344535977114,1.02922487718752,-538.80920494834,53.2381770190732
-19.4962034951513,96.5947118387867,-41.051099742006,-161.715869107011,13.6130087503479,5.30146085246486,220.300225012936,-80.8292604883891
96.8429847964435,107.056071578307,-22.8717113403309,-92.7532050043956,-2.03301733521221,3.00008858864021,372.819271330067,-17.1626836793876
-51.2314450996491,-28.1404197397351,-64.2510918218322,-10.1212155168187,12.6127117056458,4.05881454520204,280.53715877486,-136.632270995528
-32.5992263465887,106.351445819168,-44.4617480243614,-77.7419194926188,-0.212083839956904,10.9040970730202,1599.69223946425,-158.921849754395
-231.211134548823,127.789636266185,-10.0712389440305,-63.9655585501423,5.91584796723328,6.27792756690178,969.384406903482,52.1332250942942
-209.855737858088,150.767027445429,-72.1720013411232,-172.662721939982,7.35681013205613,2.27075156178034,250.774599001631,8.63989762216744
-180.189645414968,126.347903548129,-77.9589820392721,-95.7377290812437,7.28091622734792,4.36011780190165,1003.98792616326,-134.106663144601
17.5121360838239,126.976062750211,-73.4638337924553,-200.03528119839,-4.71909003036853,6.28228140975807,104.53122156678,-70.413299339707
-268.641599219729,56.1358416502044,-33.7550128233997,-79.1352793238038,15.0367550996816,0.957997735739809,114.496248334472,-66.6399118914269
-79.037704088827,98.8728956436971,-43.8988696170709,-185.307731663561,-8.13782411112334,4.95798546180595,288.036180959854,-74.0822035176388
-149.370475536904,102.606968594308,-22.5265586845744,-121.564577321988,8.5903478138498,4.72569834798924,794.26862421089,-31.5463882297263
-189.372393768368,206.602209783654,-38.5344960290895,-172.117381660759,-5.19190586514014,6.45502814769861,1354.60323689463,-20.0532690614432
-492.601580833591,98.2993785552208,-43.9474533644679,-80.3841031121046,16.7931305321981,2.55017431700253,627.642062182815,-60.7935124326759
-123.568858714934,73.5884900376695,-26.4330637272651,-121.114451107023,5.10580100910738,5.14974046322823,496.620290625207,29.2392640863909
-16.6872057878936,128.284965412051,-15.3128431018413,-86.397912482149,10.3749893635249,0.201294547019643,290.462785409371,-19.6375809227538
-91.2579328532593,93.5312290359179,-20.3772415026324,-75.20678553779,2.24375331396004,2.60852433359833,361.045631275738,56.2382042644931
-191.185632983616,69.8374826391555,-41.0463576815673,-134.064723708987,-4.77056502722553,7.02682660810387,15.3733879065257,44.3809776837297
43.8843938531936,-6.50812283740379,-49.3314618245167,-36.6404729414498,6.04679592779121,7.14304040242132,754.147881396944,-60.2020484394743
-211.644215103215,137.204619265802,-23.7038209742891,-170.307079919265,-1.55863487992974,5.11848537640617,702.252852395046,47.7208150347724
-83.6537453744768,149.287622122225,-51.4040580986184,-215.807037416249,3.20168717927299,9.38064609987123,1506.89705560089,-135.532241734327
-88.561452478054,160.911950802023,-40.3389663678536,-99.4789465614763,-0.878291275803349,4.84658351006874,227.827826875364,-21.6136398387389
8.76747987072304,86.6432452013541,-56.0785525717074,-72.2827557987475,2.02952553062642,4.93576748861597,1067.58461186325,-123.60247853789
-88.446485800363,101.927010128009,-26.7437733387342,-88.5859157598752,-1.86401916563591,1.30196958156739,-11.9758886251002,68.87885484867
-118.947613840475,27.3642024849687,-5.96209731503041,-74.6525070826756,5.92762075200517,4.61495593434302,746.326794475231,-20.2861548806977
8.02617104849196,47.7275744923973,-57.9673675726808,-160.039930212374,16.2199970127258,4.02995462526451,1395.25367990495,-138.57700612229
-29.6416112595616,116.901445323805,-52.2753037846123,-237.800302294025,-0.34077358560171,4.2165182561148,456.609433558864,8.73814106940699
-44.7247866996331,106.997689936703,-38.8008177883166,-208.782089485438,3.82335364588653,-2.70378535603959,-205.166175214952,94.0817232949776
28.2992795631617,111.644259648941,-73.1590511434333,-114.864216582282,-3.98229358349636,1.87438717398618,205.722039153305,40.3227349499139
26.0058653180895,43.1765814489518,-67.4058938188973,-79.3091699858796,4.59725053832517,3.54458157641784,772.351124351,-158.28869816071
40.7221022837898,75.4577162565256,-65.0125666176318,-106.266573596149,5.79281275352696,7.12896463298239,-210.051555274142,-53.103102099667
-116.313652882491,103.527806450205,-41.1777611133425,-41.819154627981,-8.4926705549442,5.23132277309469,441.685347033708,17.1238360554562
-1.82295383754899,18.3356439427171,-49.26165512632,-15.0617456392993,5.01552132477809,-0.707397065532859,299.353692115285,-1.88708198608947
4.04485476695118,13.579704366377,-80.1337024857348,-73.5982322451746,7.17864336562343,4.79663582157809,414.678761170333,-93.5658268815532
-165.436954201257,102.185596383577,-37.5373893711549,-84.1079640494136,8.52000832102203,3.66809963674314,36.8694877573362,-12.5513010836366
-226.032107462175,1.55155917999218,-43.7299224714516,-35.6364167249994,26.1856508534547,4.0940896277898,652.068113242181,-153.951505524601
-454.801966589977,123.469355526497,7.41776869690148,-45.6873779039015,24.8357614126144,4.59330394060817,706.754127298736,44.6178145611848
-270.132218194631,113.731928409165,-2.07264366309391,-67.1535364430165,3.63344460776716,4.04249608959071,445.444255251015,83.3086670975317
-236.275759324501,-20.7477007283305,24.0223959964496,-38.3734885605081,32.3882168684577,-2.74576792486187,135.174716323818,87.4679070203674
-161.319942312926,110.24768772634,-16.9885230684013,-217.014092727721,-10.5005305565719,6.54969929908111,1079.58369784085,23.8128970817852
-134.5073370397,173.382435786742,-52.7969984777446,-98.8133339558317,16.5452393495361,5.6101275254332,314.367325095467,-137.774966307872
7.70366876761545,89.5885483893799,-62.5602805559174,-230.198215807679,2.95265098916207,2.55303770422324,308.40202068588,-79.0000451737142
-121.92376947419,115.308052697092,-39.4834469265334,-128.588764229469,1.25046715752978,4.04241819797608,722.28437597875,11.493406352929
62.7051567272974,70.1908223117207,-92.1521928049333,-162.792059330153,-16.9862244279357,4.30768092445214,54.4970814883418,-47.8721008916909
-28.4256375800178,101.33271699314,7.61902947536691,-114.871451287559,-3.48116733250208,6.40012961192406,737.93763860449,-10.9174950119195
160.859392457496,191.391720199856,-88.3224379536259,-134.705290994614,0.444778809200216,3.36774659829098,-223.841063838539,-90.3256112508425
156.542173776539,52.2220747964166,-93.4502551408659,-5.10222837026231,21.5534361255413,1.99189218092943,692.157743892388,-201.595407222343
-58.2196610584797,125.515689363965,-46.11350226574,-204.58282749413,-8.45759406251454,7.96405498354579,-169.162504820953,33.4051820052991
-93.3787618283459,39.6079172281752,-43.7927827673411,-165.851991384909,-2.1840723609821,7.94108076000703,115.084765844236,-6.22332317636756
-311.470266959168,157.745071226396,-3.81434062428889,-198.682012745485,16.2350999910414,8.83712468012254,1205.56065173804,26.5922182063296
-25.8983283436392,99.9566261570435,-85.3537468952127,-109.490463818685,-1.33941799583408,7.91866563545045,529.860526884411,-62.4108034470046
115.572224894262,41.9507835661861,-75.4848912173184,-38.0025740368296,6.89960016164696,1.02722452545959,-665.479736792229,-73.9735687140346
58.6059856719512,134.973872551098,-71.6580108141061,-70.9147353831941,-10.119982828699,7.11174573446624,975.97255569986,-35.5902547890291
2.99929306730337,44.8855933922605,-59.175444908411,-157.823729173353,-0.604341828611268,6.08008961682935,589.939527471841,-15.8523963962507
-283.218078514146,105.376464863133,-23.0290227743226,-90.6478082028916,3.84333029948903,6.08816642028978,268.298037241868,-55.0577839180478
62.1201908420935,78.2002263968752,-31.7893346057463,-147.08035660909,1.5406842068769,3.37902323086746,152.374661503782,-18.2769975405845
-138.770898487013,73.4107749200048,-21.7795470917335,-78.3624180135812,9.29795390594518,2.47988062163495,-167.424553519944,-56.1107111421443
-289.51304263121,125.091242788298,-25.7891378712957,-117.839367869106,16.8761292342897,3.20615330835062,803.903784086957,-44.8237233242617
-67.1990817574842,125.34068419275,-18.3540129641697,-199.219777390448,1.2957370513177,5.53352371270739,772.547331168971,61.0563113373355
-71.4435495891375,196.016614954831,-52.0136642738507,-152.184600287423,6.98133817006601,4.92183239491624,750.931554840412,3.50604583017412
-51.652679392766,93.5665751187698,-16.7144051167941,-102.345978575628,4.15900638567109,4.70538375525211,315.215764063701,-67.124994119371
-193.352778898086,56.8947063107335,-20.6741527275954,-66.7555471470114,8.07150334041216,2.25224548000551,311.229512843245,-58.8963652806269
77.8164434811333,46.9136694084591,-24.7994049761764,-70.5648331830016,0.161654979357991,2.43581712442392,-200.670532438593,-16.6423545776343
157.665832285769,56.1900797384878,0.960463618990616,-56.3290020526329,5.10784035427059,3.46499335768749,647.030329694913,-72.6122322513329
2.67358324950328,43.2666660020914,-12.2283417450301,-94.5486878664833,-0.292722946345748,5.85117006720975,524.799013148622,16.5059579211447
-42.1480336027598,167.544328083466,-50.8335319522885,-118.692054861694,4.39457738900091,6.88038939156104,1543.64934140578,-187.87730898824
-33.4410682316229,78.8428656932347,-27.5357449559961,-38.1121560159954,7.10468558497087,3.80895597967901,537.724904795808,-54.4688181021265
-47.602447140267,68.9189087287295,-21.2072187602898,-109.394096242235,1.68638800502231,4.08718273406339,450.124622408097,3.96658148159622
-100.307007638869,146.811738607779,-41.1082615372907,-111.504069732669,16.8567468779074,0.514060019071621,368.582017872963,-96.7692289077258
-211.506508921098,57.2300713173317,-31.7672812274686,-28.5776022684422,17.2123870866199,2.74016866621241,846.241630184726,-137.575850165624
-412.190080204542,79.1414624564641,-51.2904125663481,-172.510397571714,0.650245773074857,6.76705360726919,306.373144036945,-25.6623334379983
-181.648833680348,110.272693643346,-50.7782837083032,-161.955192123311,1.92718556369186,5.47945377152791,202.274181844798,-24.112390311222
-42.2703764642283,115.707542499942,-23.1247379417182,-120.197964339568,-7.50287544754974,4.60128301036821,159.57542262791,112.826518855749
-332.951740530261,55.4176958626194,-42.083836491016,-79.7274371923704,6.37486800242914,3.49989000093774,-448.651264422802,31.9337238198714
66.3725378270974,96.3321257976058,-27.0545248772833,-107.625796728709,-3.64505969095626,5.05893812954309,72.0960401362026,-27.5023724100829
-65.2095274627645,101.185389781836,-27.4764146193484,-42.3599438996992,-3.17197224334814,6.5442211937916,522.470583392264,8.41114986190951
-143.707612274206,80.5906624171475,-48.9769848928408,-47.1454507605667,-17.2677477067409,7.77044261849369,561.286535667562,46.8818276262655
-132.999729217525,110.258674058132,-43.0204566850407,-106.151355060007,5.68849352718098,4.51217457833263,305.807597452524,-56.4642776171095
36.5960882974614,78.4089366675544,-62.3720416529468,-103.957270020492,12.5521442834288,3.74596029464738,95.2452576353971,-60.2775083806191
2.81670141017821,91.2370832494344,-30.5772733362246,-170.473259463644,-5.87640916052442,4.73304618937254,-318.756437296634,66.4647461173154
3.82833249092801,17.2511254094206,-47.7648705349347,-43.2273416887178,-6.91214617496917,8.53201668450492,735.139943860137,-27.4240545021748
-55.8826508747898,83.0666716343694,-45.0667241545161,-143.219444487477,2.80890860004001,4.41351063681941,123.150514199602,-54.4445333258773
-247.604619178979,89.5719588132852,-26.8446254476439,-158.368920362074,3.21473260138009,2.72400685969478,216.300325457181,-49.3582351882797
5.13064489984845,78.7753002962127,-29.0890791317352,-129.459100565276,13.9595424207073,2.88433637618436,385.710132419947,-98.000336113857
-192.937054879148,111.613515756268,-35.9754127641354,-130.736361748321,4.44753271982881,6.05544431482485,315.290256684799,-16.6628563833947
37.3183796741178,70.4091596839862,-54.3347535862995,-96.0627045723786,-6.71723078216019,2.61457965950831,356.354272988247,16.3963420464133
-96.455759991426,71.5870158859907,-15.0476230525819,-111.740782618755,0.164492979874922,3.9524006404863,726.724099003499,-28.3706514933729
-269.157814131278,84.0962053799012,-11.3097371164913,-63.1909345157328,10.3557130660047,8.29556506048539,639.871761780552,-30.4593418480217
40.124970829871,170.42429324166,-86.1272394146217,-165.919893286788,-10.8662207987436,6.5796460796264,-52.8073366192511,30.3643135791935
-65.9718295153652,29.0243688465634,-30.4312987962912,-76.6212159149363,16.3086410593969,0.0363941962641547,605.977051802722,-85.8037033092696
-345.188972268938,37.8426561605738,23.1259932086778,-114.631255287665,13.3109138019609,5.63285852604895,185.812245240824,27.707452677103
34.620674275553,97.7092446036404,5.78369444052805,-142.053160685784,11.9186679205523,7.03906909926445,547.335903111001,-12.6012762025057
-97.4663680308295,89.5965528949091,-13.1478454734124,-60.3564140220697,28.2884092325985,-0.141778098539362,516.339861852052,-91.6796051344063
-133.831276905988,184.456810152828,-57.5945753998822,-126.661684352728,-16.4212111746165,5.03087030149254,-293.77343572359,76.3337518239568
49.61682987104,145.193475572993,-53.6771739003743,-104.550761361144,0.639065155723074,4.10600053792405,442.17906988562,-12.545212611265
-81.0019373622199,78.5467951441678,-56.3675932726328,34.6900776050752,15.5928703520913,3.76328138560348,864.26208149895,-89.0262913749684
-47.7902454480063,64.8841561492973,-37.9320643765104,-120.285562733829,-5.63638589577749,0.930687384163321,341.72887003803,55.1319751809351
-157.595435143537,104.495995548656,-44.1474594290776,-78.7853786793712,15.2889356159685,-0.794051073156879,323.919373359618,-97.0687718889458
162.333237089551,1.99308001819008,-32.4407075374329,-133.770850533969,-11.2820439000934,6.53924933174858,1485.80095218584,-83.6779771427973
61.7495336977299,33.0506377080746,-46.334442382431,-228.742188378434,13.2382148603992,2.14744383501238,360.776224672038,-21.7013525903676
-100.155109811767,53.8724923312839,-22.509074209549,-19.8150152489288,5.01066595868906,1.74545400166971,-494.293292708623,12.502829970872
-111.2147894763,153.090895246809,-72.2905075741492,-115.766375456673,8.48167048330652,5.10006207266997,648.153681953216,-44.320775961678
-160.293316410476,70.0913615417667,-3.89364104266861,-111.529665657232,5.7213993788173,4.37781962866575,781.985019402317,10.8984538203113
-412.437121887182,49.1740706004712,-25.6581695958448,-29.5150499246083,19.0060722298949,4.91635769552522,292.799057515927,-131.764925814641
-190.946192554227,204.342956864086,-43.6923093423829,-258.317670887205,-0.840737872029422,10.7540654509867,682.369000963386,-100.957707609254
-47.0796197276795,187.149851976297,-64.3642974983959,-166.469488394185,-1.21945558737207,5.21801190859696,821.169544901873,14.6931554427429
-12.3591210215309,67.4681139682166,-15.9899721333131,-163.115436978633,3.11243674760954,6.43656260003991,550.60971969321,-86.151004780113
78.6960904113803,67.0331125655503,-65.0364803102329,-148.104185088563,1.78230590575549,5.37347692335379,1068.12793175863,-148.286311794305
-62.6813881158596,151.936474461079,-38.9241012213606,-89.6026737212233,3.17818094114773,3.66791815739998,-43.2754381674167,-7.74325570138171
-247.189938998621,30.909157818649,-58.3802707910945,-80.284698445219,9.863035906601,6.60296520858537,-533.66856572339,-87.969062319602
208.705363559977,118.11910328985,-101.047981851938,-143.721398073947,3.62577938426512,-1.8323264553037,-172.097110170529,-127.671068272191
-142.793981364703,167.051768291472,-27.6450115637563,-215.270132769629,-6.83741673562326,7.2967864756356,371.992613965753,62.1833691881475
-172.054454829689,13.818934344541,-14.2431925752948,-23.5613401344744,19.6393041390111,4.10647922234784,334.147492991484,-51.1889393241436
-72.9950108728299,69.092877106712,-63.4573590443542,-116.829036982402,8.00289704062743,4.84401139865076,92.9396350819225,-16.8720707243774
-89.0136759557936,79.13374293581,-29.9335478245994,-130.054949180143,-0.317796536750393,5.65537827877461,182.097180632016,55.8591951914277
6.60695040395512,38.6481880839419,-20.6302231696682,-114.371507571959,-4.92579159338493,6.65824286852148,512.295130617553,38.3330397881728
-110.759933565205,93.6634874235169,-26.978897895955,-148.008580338203,7.73843056487385,2.70581258457969,523.929915567212,9.47568046661036
-217.089266404044,140.937528234033,-10.4973872112093,-196.050087913754,0.386223231107579,9.1130047829356,1135.95397407778,12.8888744336182
13.2407912240596,80.1165748669227,-59.1620656112791,-54.32585274952,-9.1771595213504,2.48510306028766,463.326508399447,2.89730006040918
-103.640449403902,93.6104051734437,-42.8327217553306,-154.124678243345,4.59327126457356,3.01861395337619,1145.55397609618,7.90517231330159
34.7158925672024,125.550045641692,-75.7145196502242,-128.30578603028,-3.40553633913441,5.66503229085356,390.962059974452,-65.8923266777711
-51.2307616294711,111.824273629638,-48.3818306479661,-75.507741092064,-9.69566338988079,4.43700392608298,197.259639295429,76.9486073038861
48.0023382284999,135.765699695119,-59.3989801387797,-246.352902750048,-4.42069991548487,2.67595048771364,466.631626724557,-35.5214731904998
115.872668649536,114.219535866112,-80.0216076081379,-63.4760081978166,0.471503224980552,1.22013483920455,68.6272988941491,-66.6459012148771
-106.638859890139,92.9603933812614,-56.1607915044005,-56.5240466083669,-6.6865391750398,6.51993037609645,1363.27942455185,-6.31349518567731
-71.3309126710519,132.765486189877,-101.314695448906,-100.268657363951,1.36751357992034,6.09265472125844,858.599412593798,-14.1559053134697
-161.828221091215,94.5684147652792,-36.3660995468235,-42.3537527059234,2.9616386156049,4.93340043927526,367.333971261571,59.0761634214141
-71.0697244933035,83.6188010896731,-37.5612271989958,-90.264818752461,-0.869587277484243,4.92825275393261,343.996820592845,32.1008143050713
6.79819597842288,133.834934195678,-64.9591705155181,-122.479073848459,1.49850746120501,4.27269312000863,697.301912089846,-76.6656742019404
-7.70594806798181,131.721780223503,-63.1679875408372,-192.452614527876,-9.11324286962918,6.9361975114989,467.108447167073,-25.5517521575966
-169.513923056249,152.067339383251,-43.4497968321884,-120.154125027082,-8.98001272447436,3.36997195656295,1222.95640197915,80.1861378468457
27.2634291061258,116.229202937797,-61.4093259697547,-162.308440555054,-7.28981251668301,5.13894261010046,-404.704604631144,56.1323880148411
-6.58194503263803,38.0861194900444,-38.8860261354712,-99.8774164320712,-0.199771052963115,2.91645922060707,21.3446264897066,-4.22455379599705
60.396351326388,98.732415825405,-62.191873919277,-76.1730339251226,-9.42906599903654,5.01100514591235,86.3537040502488,-17.4560625843806
-28.8296144708438,156.801356839096,-62.1509927676525,-291.885017797889,-2.91493819910102,8.32275114176446,194.924496454332,-38.2593772526161
-8.39286872852244,142.878901525764,-80.065635190942,-245.66881800699,-14.1922201748384,10.1796844160417,824.685266198685,-33.3690351747791
-45.6676674876362,150.831255928992,-67.9856541026966,-72.1940512033707,1.30983903576271,3.09470850796788,535.489696851291,-4.74363256707147
-132.65879076581,119.534515509033,-46.2725585692715,-72.4444926102151,-4.38480151710974,5.68899284905638,709.871792364866,74.960963450736
-58.7385183955776,101.655187972268,-70.1394464492332,-55.6522498095792,-3.65821559603864,3.76648687913257,432.338150299664,58.4675964565176
89.6694295656343,112.183198730789,-100.610016581879,-174.155724201926,-10.5869055143557,6.03522736707964,392.504808837097,-2.01598095968075
-5.86057010959485,87.4163227004392,-70.9427980289711,-174.104619069156,-7.21361210594478,5.63657509752375,921.026352634111,43.9823103854578
-42.3585990651191,105.156529794855,-43.7211568920611,-184.242347923049,-10.0109220940649,6.26517090359994,649.025792541885,43.2172888164569
-74.9917126977743,67.0061911141383,-33.5348482413319,-118.410603433827,-13.9912351657113,7.7174954166112,442.427910773287,121.228858452843
-86.3641737233265,133.438597543995,-40.7347551505518,-45.3362675509197,-15.5180850125189,9.79354924894869,483.878958689224,98.4285460412939
-209.090959548266,72.9260521218248,-21.8757887630054,-79.5243113884153,-0.694857245514868,4.06500050860632,1307.89913473744,41.486399543779
-31.5622801121062,107.814082777622,-67.2711712464474,-152.39486246695,-6.10574514610926,6.59309064058471,511.834011189952,-23.7914667338919
-94.241333155951,104.945577593506,-23.7453027790179,-159.735666570108,-5.44982865921338,5.58854741956293,-34.6113177243387,137.098247227666
-68.4151389089093,74.7033079961548,-54.7687338413234,-79.2611320266587,3.62121191179904,7.19164972582803,765.73526579894,-31.3878102905001
-48.0890961804889,165.941307568595,-58.0337787139288,-88.0319003447657,-14.688027994478,2.42411353599891,458.3626764988,110.745405924958
-84.6838059826514,171.076697516415,-52.6904817258473,-92.1331580072001,-11.7757979923772,6.78551355457603,642.255762825251,23.6748984418955
-69.5051608462381,62.8939563901804,-33.7481526415359,-78.644895902984,-4.34042466070969,7.78620401062653,898.61348164978,-2.6157519328699
1.55689224746311,2.36325546221633,-57.5186883572896,-45.473200704073,5.3032843387773,9.58988024893915,748.070802577669,-92.7171767401524
-114.212860897569,106.18050853326,-42.4732318075512,-77.2739197894698,-2.1699635847508,6.2335293495853,617.753129190474,-23.7831816877879
-54.0377505380202,87.8954539204933,-32.8346009428788,-38.5252189629682,-5.57851548818871,3.34164306991443,486.067498617616,58.8931819495629
-144.857087740935,204.906206386018,-48.7368086065253,-117.328088874347,-11.1427852131201,4.94204180640918,669.194709001094,139.587925299289
-85.5628469659277,83.6186575936736,-36.791873097678,-127.42299925875,-2.51949184369005,8.59575358253278,417.695151398329,-16.5664917655361
-62.8135709608905,77.7498811930418,-41.5085747574049,-150.042836263376,-1.97122549186679,4.88951063888089,378.77128331719,45.4584263323341
-89.2395334068278,60.6740263109677,-17.2628725885879,-85.4673644343566,-0.00691451953025535,2.96733225998469,393.121207245233,39.0992441862782
126.775259727248,111.202504350527,-81.6861552204646,-132.946293265857,-3.68126220992417,3.92578687911737,228.344823243664,-105.389857360045
-90.3346565667307,138.076936916419,-45.1300082017697,-166.664542059691,-3.39944069035118,7.07135945379559,827.030022055958,1.73037313720488
148.045717719506,84.2540063559863,-39.4444641690134,-90.5378858485783,-5.02955118563477,5.42649269999674,95.6506189806387,-89.0319102420035
36.5821642398514,73.7362198951159,-63.6718126903579,-79.3210043056461,-3.72920651553432,2.82709896663437,450.228327076533,-51.3157468818099
71.0428716285569,32.9496564719011,-43.3561523557291,-42.3655162298819,9.65202989859245,4.0959762964776,713.690716650315,-59.256962200714
-237.233566771538,44.4397832497634,-32.8927143413785,-112.131804759527,9.19362870104669,1.92691859739716,429.097230696352,-0.907580067279923
-282.924541389075,-5.15562777839659,-26.2072302375891,-106.27692117082,18.6808774556994,4.22425309244136,-475.586886949524,-170.736620440497
-234.282108395011,52.4998571910182,-6.14570376744314,-127.541986545752,15.4890635622723,0.0422385485253471,923.477980843392,-6.64925441995001
-122.166744691727,67.0773880359338,-113.990705538963,-138.792229954721,-1.02233560360764,3.44151476187835,1296.17425796021,-80.6827450986457
-162.158628633252,52.8032683947567,-72.1269522927905,-81.6661395145929,2.82774537724799,-1.55371167305566,470.188673439974,-77.4732417515916
212.533279640822,233.909445155507,-123.816510010052,-324.118202915815,2.36508495733142,2.29513367480831,194.473836242305,-62.3044398604106
-43.3675983543726,179.213745865782,-52.41265312623,-123.364198919175,-4.91018674405495,2.5662282350695,-4.84860820032191,46.5597960845771
-421.617728568701,186.279265889738,9.85450444305025,-160.069678893386,32.6822697777679,0.631275788993662,966.35174822266,-160.22305236003
-18.5808320130891,110.50600056762,-28.6191400124844,-190.265499345551,7.41408669292287,0.347784928570036,707.038054737903,-16.3611406752025
-139.52607112081,74.3618381575361,-28.2584174068106,-159.269142926449,7.73037225322332,3.11968337776489,-97.7536902548782,-76.6257480087224
-135.529631507234,101.076540324269,-47.2462072349153,-164.281782612888,0.744789745060189,2.01474040389803,-453.22067749151,-64.6419331318048
-266.435720971233,123.133634044954,-57.3125987288367,-235.750516642365,13.749766328604,1.57810161584348,401.23079546832,-87.4664385211072
-64.8051144786659,60.0841343830834,-39.6694171750278,62.8031629936013,19.1669602200564,8.03956892043061,192.366015951244,-140.202143269038
-482.193002960985,62.9039627042512,-38.5847210596039,-123.906882562198,29.3649862349412,1.27941604654188,-163.170420795097,-99.9491018838016
-292.497948096541,119.004528604317,11.2272001289821,-196.961351319565,-0.069627112156013,1.60398109325615,140.010658439583,57.9284197040943
-221.626547160697,64.8908249098749,-6.78963020105948,3.16250461922027,-0.423606730095344,4.45960305334302,263.695131621171,42.8124381291855
-60.395899666466,55.7167406895824,-47.4520856103627,-55.0162647985344,4.98890629838206,2.57551523156872,321.536012375233,-96.4471353075642
-310.552029928607,59.4782884970482,2.08670172860002,-86.3653551092029,31.0416252051073,-1.63319245993625,1070.11503101216,-39.8213411836623
-28.2770064451379,23.1752542273462,-82.801737979149,-126.772103873867,-11.1301147679333,6.25572276972889,1083.79074487792,-56.9095462334153
46.1169816652837,116.37518160139,-106.997501453297,-110.133669323332,-5.13207806591527,6.33526728792424,463.0774530989,-10.8147150917357
-22.4511447059776,72.7000991381337,-58.7774763248453,-160.393317925467,9.38639379350207,2.5696424018679,624.087259262822,-129.629283893446
90.3175972628087,50.231268144591,-70.7054623498116,-131.514263309597,4.98026887125161,0.709074474405497,398.263636042673,-79.9416521299281
-199.14158806124,77.2735371065501,-21.2201190955384,-138.594289687222,14.2038356817429,7.86666282454098,1070.58577887376,10.1527377900368
-94.5007986401761,57.1620418780949,-43.4001737070066,-95.2099338946136,-1.9351395387348,0.585279546619859,579.945398335716,36.8885414162796
-90.168855294949,97.2405637041375,-49.553407393716,-109.451065086963,0.446471293085779,4.95603653778562,332.431319328942,17.5201285522344
-188.58986324849,46.5653567460831,-16.8037220685801,-103.926707484614,17.4362127947097,1.9049910888134,892.130701710179,-80.9891742713589
-74.5914354184351,113.024365406298,-21.2516458593891,-217.939375026333,-6.93368812741755,7.53480456594843,236.237312384284,70.0280023239611
159.022146876392,111.221002971179,-61.3139611853403,-139.512379078546,-2.46216371017317,4.01688937475046,528.893866044094,-15.6589021861728
44.6071365492244,107.115698516187,-70.054187238944,-145.164601796423,-9.25660787855941,2.69558903522557,-290.30043024083,-13.2795131549647
-91.4692530144821,105.208063303115,-44.2439662307006,-111.213312193358,1.98948394454055,2.58979965288017,-135.37262264172,-30.2293453487364
-325.137081291516,82.0275061572756,4.55504988885969,-145.73730042635,10.7136577109341,2.46832076687133,946.399896497343,38.3977290285984
-136.700488677263,82.4014494946314,-24.0549749565616,-143.847901453657,5.41525675689627,0.147879006317453,220.77712587452,-44.4729806910618
-134.088450525516,142.944383062742,-59.4927230657195,-105.399606010495,7.6388980598349,0.469931433544843,538.12052412804,13.2215905050839
-37.497659744924,172.553664447958,-14.9922056880896,-121.46342767025,9.92702681710944,2.84722524615063,855.824564294286,-3.89326103456551
20.0019147360872,74.5170002379746,-73.5456781268904,-185.407383319332,11.0855646701893,2.78997637722205,823.746563544919,-101.142903927976
-22.8887674884172,57.5689695773399,-24.6496752438834,-59.9302257617819,-1.07134957586823,5.67814353393624,122.373692654342,56.161226267679
-6.82825784996385,174.988332484332,-25.1449584593938,-37.9830301590846,7.22408278761577,2.94828098055586,-182.358427053332,-58.9485666834953
-45.0496530515375,59.9964099402569,-35.5618216835064,-126.142874932546,6.42792099494545,4.22825379957794,974.32031821509,-90.3956926090541
-185.502638516075,-3.41905009416223,0.914313547022175,-50.0917740554723,8.55906925043973,5.33439739720052,-215.308911147506,65.2702364863653
63.1096725072275,46.198016344526,-99.1611048893064,-30.6215294382564,-1.29384751074394,7.88247971345845,1084.7856715949,-68.0137639085369
42.9269780949253,104.737959944934,-28.7665321450295,-120.727999659663,-6.98468988564855,6.9751279363627,116.728395542043,76.5101225189865
-204.074371603754,92.6707491805719,-24.6203176784875,-145.703217018177,1.9405906478496,6.04418988379257,467.174033539515,4.83310901277582
-175.083910784364,116.702410416896,-35.1403082479665,-167.484062153353,-2.19549863548309,6.88611700301772,413.094269467838,8.98371118283103
171.852795675732,139.406232673093,-80.6985686024273,-125.765635604941,0.845217292517191,3.56184670657967,137.880312199013,-78.0175684726855
3.89800674941216,77.6405089035979,-38.0067454696691,-103.255015662813,10.3405301752282,2.39148661882064,564.178361192797,-63.3314319512137
126.355709654439,15.4143978373613,-50.8905582145671,-144.713220023419,1.02512898299028,4.11668997516972,127.697548946846,-27.5268279571173
38.2821391191246,184.414472627388,-93.3682622474153,-240.83370221487,-11.4044750922803,4.37464607883885,-48.7605937078733,-43.4633569330908
-25.3108397273754,65.2311089700961,-39.0935660500436,-71.5595152118622,-9.51130840829865,9.06930067145731,407.131466464736,-11.4626301873941
-336.431344803037,139.642769978003,3.49194160589832,-193.109097506011,-10.9099542325712,9.07608060005077,1300.49883172842,147.670739831185
-92.7878511101298,98.4223134392232,-43.8673732754178,-94.5356209621459,-9.60345251631952,3.49399314784387,291.734638307607,22.9549069025088
-153.350815832404,116.404766578104,-18.0162651795599,-170.821963898095,8.9626794403157,4.41692623525159,431.995005838835,-90.1751121141569
-242.973376620503,151.73323358412,-14.3025686726614,-107.140560397842,-6.95588555533323,6.00587773545703,509.962685566614,75.0803935853037
-74.5516354352294,87.0308319705364,-57.382211105054,-148.794381327927,10.4505782795895,11.1865434544416,19.9434869721299,-200.154689131108
-406.450753278383,46.8831029527819,-45.4418800559106,-32.2468873588659,23.2625756219204,1.72513469628757,-317.081517784129,1.78059043508256
-50.6976529777312,126.472679482948,-57.093144946215,-131.626053882778,9.43856301828055,4.06549446789722,-59.9497818834207,-75.2031073876201
-57.8907250880729,101.789425285977,-102.956801445311,-185.616016430315,-3.32156575936551,8.59835477375873,941.958015230368,-85.0891196686425
-31.2508371233125,82.8441260140389,-41.0056023851976,-129.411143859716,4.11944819634664,5.26797406337573,985.189733000843,-66.0125545963092
-235.721802608052,43.2716068439186,-26.9412744558649,-125.640388179789,-1.01353433096665,7.42335242177433,508.589369535097,-114.262476474381
-47.06161528753,136.05106228857,-52.1886501103363,-139.536062565443,11.3115085467434,6.99550774965974,1140.69117686161,-207.820240704648
-582.409244278737,56.2415979337529,-5.41503619373543,-41.625564764734,26.309584950679,1.24623135097499,-390.58526445407,-23.2749075749816
-289.497629942278,75.1832934268314,-23.2038333264936,-163.153391292872,12.7210661322097,5.18113738068496,465.487141906793,-55.6172518962412
89.9395407445991,52.6429893553468,-56.7407761526847,-167.957211864249,-3.75553167815087,5.69851794887438,332.767614817261,-126.162247092871
-242.52008248838,111.77082783078,-14.7854380439458,-136.386105054204,-3.38841388859146,2.02524035172246,644.503534848685,113.446036966692
79.2314338928409,127.30337269872,-38.6798857575216,-83.3541286433519,-13.7987909394578,4.19599572875813,311.771824942232,-21.447798927431
-92.7431128611206,92.0027959210784,-40.7093255275395,-67.0770442767862,9.05558249881869,2.89317642484093,-17.8938912598987,-40.5434263946372
-30.7190210536937,156.993136693542,-73.8256815193308,-159.675224917915,-13.0806213000833,8.85444347279554,378.552222915874,41.1874797425698
-126.443965792976,116.873067937668,-39.5034921863989,-46.9855917847376,-2.13921673696314,6.04522107012963,811.548493436814,15.3121033904511
76.7204549321541,60.4347652413671,-74.1858508669538,-84.1706947009079,10.6379278793393,3.30015598691534,470.431791862256,-143.240455656116
-77.2107477257523,52.0767576738144,-41.1794877038192,-175.011919794895,-1.94809983782397,6.59586695280314,511.760349417382,20.2020117707652
-12.6552247494728,124.220313948405,-46.5235629927547,-136.357181439351,-3.8776532082411,3.62169170214474,-305.279244078854,58.4787376496388
-99.9191839498235,91.0966642373824,-25.2103941054083,-113.794342916721,-10.2895818255674,5.20860445841026,366.740451153521,121.728320242026
-12.3724986003908,173.633432202427,-72.8670602106577,-73.723706026467,2.912351611747,4.91784132861358,936.935179941127,-64.9993051174388
-148.648886129056,110.248442997996,-36.3793606899271,-161.646852229285,-2.25864385011664,5.93876565498067,-129.938008720688,48.4999546148319
-21.4038986262749,58.2718893122583,-36.3190559496143,-118.776344282262,0.452376627657031,2.93440173671843,484.797014561846,-71.5788191869942
-103.941913217881,71.1486830384965,-30.1193193736181,-30.782329180598,0.0470360640247236,4.86945778256086,6.91629876647494,8.28475857913145
-349.999948693512,54.4388783545874,-15.4279024178832,0.532242831264739,25.9221758686181,-0.370168116409332,831.432709227348,-92.7871502907947
7.30179905622208,81.2643318095543,-43.7428060092789,-149.446492663701,2.4782489614845,5.05498100575642,604.380627175784,-62.7681862437748
-130.262596150133,157.479622289135,-61.0711491597467,-262.685519779501,-4.93785464887333,5.34374305031452,991.56986059558,-83.6232007907965
-127.901298888602,73.8903524719281,-63.2293384997502,-216.275311619684,-11.7254997758428,1.38703904306021,419.336083494265,-62.3807900287252
-90.9488089791994,55.5307340666768,-65.2851711985131,-163.060975359705,18.8998236146581,7.65546285072924,890.956074400805,-163.294147359091
-116.183119951165,68.8000401150784,-53.3868128284012,-48.6002707994521,2.32469834861695,2.73735496216977,-54.6731790520262,19.8600133678628
2.62579339264266,57.4005454361904,-32.4162238307681,-121.467737722734,1.71626448036841,6.06460427303682,17.4529686018213,-26.5770328436738
-58.5427860135151,65.0934731309826,-51.0289511589508,-153.877082318231,4.80764472713054,0.838244003418367,-194.983972730108,81.2772179296589
-172.914940432034,67.3959243875397,-62.8617842886051,-20.1337043624317,11.9247991048323,6.17664436259656,730.429825992978,-52.4539392776278
-464.308142179616,100.865521214495,-21.8930639132159,-168.96815592458,31.5414358118887,0.546064393136476,630.12983792735,-59.9259767057119
-127.057608538773,77.0915181777164,-15.6178891163436,-58.5829985204255,2.72635063638609,6.68163249452846,734.788387880588,29.5433160248649
-77.0444023944438,127.837653495255,-39.1701030557015,-176.233996308991,-3.30976337919128,2.53289678378496,827.858699879609,35.6809340515611
-289.2435283097,131.946658584668,-27.5711032085383,-196.295196744541,-11.3549246985531,6.21817550031119,125.906214081653,121.160753508531
-206.088225490073,82.8289803264706,-45.9500737512972,-120.093025659527,24.7775973091775,-0.653607379907044,751.232940038382,-54.4853901540846
-296.348819221756,118.438113735559,-8.88294089841656,-170.383299044604,12.712603413951,6.20531540748198,1247.8142094631,-58.6960849626812
-331.817361475696,-1.50122898522568,9.76477903883642,-48.7436954133009,16.7809593217389,0.854244673264475,621.397401381212,64.8023756772964
60.4692631853904,79.1567854627501,-66.9588448786017,-106.281491544811,0.335583627187589,4.03428108351363,68.5153718363435,6.00778406247264
-44.353897248453,75.9382769945369,-21.2238325640501,-135.113018053729,-5.33921844843803,3.52973147413377,521.956400554758,71.2108744972502
-110.47486537505,37.6262228501146,-27.6264470536407,-89.7064766215299,10.9057908935065,1.57800375623628,398.947526269265,-46.8465470980445
-278.084379078014,74.435070425825,-36.6962417173636,-51.4683554605363,5.71928376102187,11.1613275372074,1039.65326471466,-56.2333981214506
-46.5127522391704,168.306447745068,-66.5819255184906,-130.944026507852,-10.8808709518307,9.65341375799107,624.249101158031,28.1084909355095
-91.6197271130113,156.51739659626,-94.0690415031713,-238.810723924355,9.610551463702,9.68210001754051,1297.19998684386,-186.385793011374
-184.722454788433,151.177896394343,-17.6033430127136,-124.131680893468,-4.89399479242275,6.28387707580623,512.016241045494,106.544826273122
-145.002513785032,69.3891830733191,-68.7886706944901,-128.24521388283,12.6544951182441,0.0461128720198758,971.761259598599,-79.6313626292103
-293.794785945473,90.8004160484124,-63.5819206281667,-9.03736688065692,12.6788517468813,2.59909238536966,193.46232609652,-56.112785536141
-137.958645135404,26.5766054331616,-51.3728705633293,-114.297170971484,1.28892632026691,4.82273272128259,435.987589729695,-21.5792472693793
-22.6974483165322,66.4420842492254,-51.3483610280819,-37.5635757732225,5.13604872272845,4.9630129205616,579.407856060323,-86.3520147937816
315.65132564641,11.9874781591134,-40.1978278526876,-129.215789577986,13.430627778027,6.24004148780296,224.499785923537,-145.914707737043
-41.1823021245436,82.7310325711769,-20.8292524657008,-130.057069044444,7.93613897016621,5.45564847638889,629.408759630984,-123.677395879022
-6.55638006546269,74.9488095260022,-24.6592127489384,-101.290426921762,6.09551223480958,4.34889681660934,434.202119968057,-114.401823854801
95.4258908067204,110.174804315495,-68.4147234297861,-69.6854134700261,-13.5652224975493,7.31589412185713,197.010526991682,-17.8154544245044
-389.697323888075,62.8764446459245,-27.9099168146604,-72.9472612385871,18.5213838244381,2.13934331402197,482.194010802923,-102.535945023976
-363.914743822505,99.1575492767734,-20.3068596014491,-77.4222229626102,23.2718906843074,6.07475349082961,1016.85389572784,-137.030517701409
-272.937924380967,85.9763535221427,-38.6588439045881,-60.2654930490826,19.1592595216134,0.154877437133109,90.6781344747214,-145.160073051593
21.4208078904412,89.054138032021,-63.0487130021793,-154.802445048659,4.4453235406836,2.72687004728505,-436.828362684168,-17.7915461605589
-70.0438481690362,47.6724768808053,-16.8582731071438,16.2485514723921,1.9475836647689,9.78198050275751,1155.7240361156,-111.11988477231
-275.570947481305,33.0826921798434,-12.5357663636714,-107.876624174089,14.6852525269205,4.78892910464128,613.965960852918,27.0724465554958
-12.8666672005056,63.8483395825751,-81.0321240651538,-80.1784848504103,-7.3276891354908,6.24550411393284,721.492598730081,-64.4095286731317
-147.091192673885,87.2122400860535,-36.959001019779,-20.6754840299,2.64590008903178,3.68789329750143,982.569889088634,-49.7765555260012
-161.273095188792,164.876144644659,-28.4867999581766,-229.243995908982,-7.83945122692967,-0.969288758438779,702.113545632595,44.8749288084
-116.662007683722,118.180285053779,-48.7561297268962,-18.9384152186394,2.97763206523086,-1.81947679730365,-85.3529694090248,91.9591578804248
-35.7322117513322,75.9372618631569,-73.2065241241071,-153.993423427062,0.0688104886430665,6.63817655124876,649.111978295463,3.04171348852105
-20.6955100129398,86.231581191787,-47.6659101091209,-77.2579048236075,-4.43418037855008,3.91900467024971,506.171826179663,-13.2950979247762
-80.4046289813123,40.1553226837859,-20.9436578138357,-82.7995997157414,1.95429544802755,2.84573604361503,4.37211497095996,5.97303318767808
134.624533689057,26.0297888088244,-65.6194151729287,-118.066233581543,-0.953627719718497,4.48920418269699,-174.538052949487,-52.012864133394
-48.4290371424431,149.927220334557,-49.9282326945831,-242.303662621096,-0.203435874558636,7.25236547226086,582.765644548694,-13.4026008446708
-151.461221918213,110.55349709576,-28.0867452596431,-129.264537925541,0.832285048061749,7.12336397047329,1275.09121457473,-13.9608509803802
43.3534288808441,151.544304421957,-81.9737132726586,-100.952809252165,-7.59917265231343,1.68398795326902,-18.9057277403335,-47.865212932782
-24.6147983676201,49.9732967186719,-49.552763034575,-86.844081365256,14.7635648516807,4.15936843015879,599.327769333606,-68.0272490973621
-205.658641627269,141.863926304213,-41.2347872313985,-205.37718294916,1.55552427518705,6.63998607531539,1061.46322260675,-0.693611286929809
1.50419158616205,155.907970991379,-102.154023045528,-232.678818367051,-1.29279373405734,5.65458721670439,8.0404875529639,-64.5635666602175
-255.755479672405,188.681230055197,-87.8143747924478,-212.955446534819,6.14308113555308,6.64012153847943,1508.0892966495,-103.885617608234
155.754319592335,127.472110825424,-42.3237954109063,-167.158963268816,10.3795810105512,7.36024615813221,375.883736080455,-59.6259553166165
-95.3515669735207,56.454682005744,-34.9347406369797,-65.9425033981097,-4.4270771961601,5.22654112233704,-33.9115017439181,34.4965547927422
-58.6444175826327,107.695812488368,-43.2085712874905,-192.918005329225,4.12459472657065,6.14206827417729,431.766932743347,-18.7428164899393
-146.279138917555,46.7062721351249,-19.3709428282891,-120.750154055961,26.4320591542255,7.54626965183706,1018.08938539241,-175.564189708806
-62.7673556749942,76.3601519068568,-30.7465307185485,-117.150700668791,12.0291130850383,8.61779376967752,662.493039237317,-5.12291940701834
12.5674002859669,207.906223934133,-79.9438303505231,-192.146307011164,-23.1428672537586,5.3071966221105,-159.541264567968,128.385952046869
177.349352012034,146.661672670738,-105.72925494556,-237.058015597606,8.12478916865075,2.73191666806815,174.311982282394,-131.575099258647
-435.359652270951,110.538860306529,-19.0583141546304,-51.9759135214845,17.4682251232516,6.85798685513419,1558.77452884747,-120.872120321263
61.5513634447416,140.337084675903,-87.3191221134621,-155.034118164935,-0.164101945090806,1.78072076599346,1006.14892895753,-117.965573956812
70.2636741528986,44.3382964029588,-31.7240094805893,-139.054851372057,3.61027070258569,4.31261439609807,241.462464170647,-20.809248951351
-10.7139783916209,48.1596162665519,-32.9427015858673,-112.62416420521,0.62145669941674,2.47308722303569,-249.266949449586,-39.7395838926313
-87.7216946294648,25.6851999672726,-33.2607581245175,-29.1035196979974,6.93772528762929,2.85021667953697,863.852703337645,-40.0493101657485
-21.3924974551628,119.110197621078,-39.5330759950593,12.8130027063235,8.74493762347993,2.61090489214985,1629.8068654072,-28.3183028472813
-249.073225415057,91.3094591321715,-9.31040770639129,-165.557068916329,4.59344909660285,5.74282389200016,599.993146073917,-31.7490046064995
-99.3118934669073,93.2380612746929,-10.9392132339988,-111.505303540561,11.0949271239624,0.898021835615509,-121.56507650562,-17.8807268488254
1.9617365123122,78.4076594287762,-18.3422387549144,-72.7305387526867,-4.06367398493603,2.63308686380333,-205.148614281788,17.6582652898833
-83.4435573115188,20.4187548010195,-9.1353760582715,-8.25640365865547,3.81182922590233,4.96563117203914,542.706627022388,-14.7169524732308
-96.1328154210496,45.4336037958419,-10.2974211445253,-87.3597378494014,-2.3912413319631,2.03074879859923,98.8998110174143,48.7306364790311
59.4901748553602,40.8095557205233,-47.6341807961871,-67.1765642584069,0.108719049763749,0.481629586354757,-48.3964051866278,-24.6599103263143
44.165652666371,56.7706819003361,-26.5174367835571,-128.123519881417,8.88773774726724,0.873862571424979,285.33298339069,-27.3611131627695
-31.3161786486598,39.9042863793584,-27.1841767304868,-115.833588189122,9.82002348570677,3.52369815684506,152.922660519456,-43.613787359156
-116.656893375686,75.424949750799,-16.968819319969,-32.9491787101433,8.33485735378054,5.60200731328223,632.861667799851,-69.9616548075282
-59.5443851369928,53.1699175112735,-21.969834449148,-102.732887260825,-4.7045155664091,4.21790396956567,277.674069635577,48.3300024206837
-38.3234630467905,45.7063840369519,-32.9980350510468,-30.614929173038,4.4534946319618,2.85120033047497,485.993184237886,-65.0995976879058
-50.064955686641,20.6140695061877,-22.8252646808396,-43.446058479065,-0.373270984535338,6.07508381168736,238.980091144571,-29.1900566483164
22.1277765813866,53.1063113877608,-23.5255119277717,-49.7970507306891,-10.0536061725579,3.10715008553234,-85.1549299053149,3.66047969617648
-7.22034872337099,90.8498046941131,-15.2283003835473,-66.6687496501836,-1.3595105947752,1.19633351603989,752.829404273914,12.386288029651
30.1844350928877,58.4446200565508,-40.3938231726643,-62.8734511502553,3.31933923091856,4.23765116777213,325.763218391039,-81.4003300104305
-78.4114067217524,96.6086115236903,-25.0830222333097,-121.05506973881,1.75601566077239,1.53299596460056,-55.9705472103742,-28.1132087368751
-54.6400949170202,81.0465896502283,-53.4545777761814,-110.951803362062,2.95636134601591,5.41045486608346,360.093691484624,-55.6898305641735
100.554159938009,93.9723580632854,-15.390565864247,-103.3695488626,19.8087534728402,-0.737707125597808,314.822702248421,-79.1056877355586
-510.873023795968,107.333921213227,-6.190013280735,-148.549425145422,19.628357685604,2.20619882986648,517.492367934959,-9.06239650557836
-82.7070088623877,72.860440551085,-57.9371819874796,-58.3391395209474,-5.3290324790396,3.36457645890914,293.298412987177,-38.6368540273688
29.4910830699519,40.2639017498004,-74.1412189000403,-90.0118332850325,-3.33068610041664,2.70604121951328,540.961401281078,-39.0448915541201
-494.396870750235,101.091416641764,16.7714874513767,-19.804671549995,22.6505735014071,5.56266459399194,789.34359891605,83.5293313993752
-433.860604646878,80.7837015154946,-30.5073845076909,-161.435570067133,17.5049756981898,4.19061015482293,736.210749036502,-133.2906045251
-191.637233783909,110.539915273257,-37.6838296057831,-92.4167051880613,7.33831973116321,3.76958733671563,476.548702605185,71.2505247542867
-356.932362307853,78.4169504949823,-30.6451525694429,-206.767667653097,13.818771474158,8.10962548240786,706.939745427633,-95.4234342443233
129.30672762476,85.7385652395315,-58.8790271993803,-181.768439204228,10.8667144275969,2.15630803984823,229.339285617585,-33.2569472135656
-233.755402535186,113.043579574645,-12.6135953745397,-79.6568178847774,14.1965587878803,4.52898940636078,47.9232079988578,74.5791152446036
80.9926204107987,84.162813286137,-100.0442052789,-23.2106435175519,4.0608773053973,5.90310461758054,455.240548580943,-107.388348064444
-13.9908403695154,161.35242345716,-50.5900361655968,-94.2920947373314,-4.65318180392205,4.64553839125438,132.212419448275,-1.91929044361859
90.059341580265,197.517682515045,-85.0703329830376,-160.70186495391,-9.47962601788458,5.18180779215618,625.406674541038,-66.7875616640958
-164.974666421771,95.4655546612994,-23.2495515758928,-102.21216451918,-0.755852918868186,6.01944314075809,1421.33728455228,-5.14155758303968
-30.7922930569694,145.168507494116,-31.1563544895544,-95.9710775543872,-8.75018995655046,4.39330458490804,631.219864021303,-15.238968859434
-138.18897435104,41.4012265230085,-24.6923013421474,-75.0704803301778,2.22672463754134,2.51675385281851,885.531435989527,-2.90864240845258
-184.589833406902,110.482659781934,-38.9347469572385,-189.220854895306,9.55045487449388,9.158457899528,1180.12058747569,-24.9874782479601
-350.208039190824,142.322540912901,0.178975707269274,-207.359861065561,-6.46925416589511,4.39798870219965,444.641069892736,130.733711456167
130.874609933511,120.582032413746,-61.5914405087824,-185.344260725273,-4.34993021075934,3.0198020934622,72.2959956185368,38.603105890099
-26.2282588373233,77.8390216951084,-39.1431356876274,-124.685914426715,12.1760653637757,0.884025807055878,377.015441865457,-92.237655918012
207.08638490452,47.3236401429058,-63.7426914724856,-131.084063398099,2.55930092098424,1.69076136707736,-36.5268795230659,-26.5224068646203
-18.5549222136979,53.7237022687623,-43.992624950658,-115.087543298403,5.56013833309407,7.08114461647347,632.34926577883,-105.269523899406
129.440951902954,206.881554762134,-81.1803299633757,-262.290284672996,-4.33867027786619,5.36566019387101,245.101883990566,-72.0526577284909
-23.3533794512587,66.8136419823713,-51.6696759933548,-133.499420939468,-5.19274634050089,2.63723972113803,59.1608643356012,-19.6078950860538
-38.4910011235625,31.1773398868027,-55.5221548984246,-56.7736648762875,3.32933512318414,2.71710689806059,883.684110900664,-42.4760234334972
-375.002208215457,107.844327481303,-17.1812917556672,-100.26908032457,1.9997750289549,3.80591360884137,1149.231533371,-8.32451843589661
-393.624007240956,78.2594339900534,-14.0111232353447,-123.509553495911,1.62286632863106,7.68267292613746,774.201231242361,-31.1261390425643
-1.224952171513,22.0853474885589,-29.0117182420945,10.3261535969759,1.81179129202064,0.518584672832731,473.021524761396,39.0529138576749
-164.269033782177,226.190857063717,-59.338828976739,-131.389794237737,5.01265870600764,4.30967766370304,590.057539011661,-3.82289047469385
-151.598614097122,63.329501793045,-36.9679356481247,-99.0680650278518,19.9033547819126,3.12041744349699,78.8154721080377,-138.610161708362
-115.77773710632,133.763832772194,-10.8825883508543,-130.564187518787,11.136806296121,3.11167778121307,359.144980840564,2.35120871295658
-213.992583226107,92.741061321336,-18.0677244123071,-151.807685358341,19.5628284382256,2.46594514308526,334.831541938773,-71.1284687103762
76.9681272100279,116.757205395756,-49.8677333100932,-118.306641586911,-9.9007592718981,6.08486646460369,253.491377026206,11.934273555109
218.092972054779,236.965877236071,-133.797606884691,-243.929056175319,-15.3766874564753,5.71366135132848,59.4765652290316,-72.3138305757893
-73.3938093574543,160.592814072792,-59.2924728945127,-119.245341698028,3.22686861507827,1.04377301546629,373.9677876678,8.16134794919344
-125.249646358367,107.529344565875,-26.2755645378708,-70.5468041904096,-1.18087113881484,9.29224404107663,810.222799680654,19.9087182328367
-160.789433403901,49.6299506800788,-21.6385642371024,-63.0529482670754,13.4708949823253,0.644113821763312,-192.472354910264,-30.1741237712704
-2.19850635503099,-6.77601106956718,-87.0251619793271,-225.459869401609,4.07222146571439,4.52648468701227,513.442094123515,-62.6050705743255
-172.483925822205,79.0027212741988,-32.1777051163081,-115.015119450734,5.21313399646897,0.463742120184179,351.588163231077,-32.1501350460821
-310.394481345651,55.0643306307162,-21.9942042361654,24.393484617045,6.67001539099147,5.63291249228496,570.834793912654,14.1548840326723
-114.465678095941,179.836965708026,-50.8952476611303,-221.55522865487,7.77384744447772,3.42123098480806,656.272912099754,-57.6779353510356
37.790728330423,194.36601229907,-76.5749049290171,-379.399902708221,10.3360923661821,2.1583025851869,157.257549582631,-123.766960881359
-24.1719895690949,81.9970757053816,-55.0886369902873,-154.454902321093,4.73351232417917,5.26760200699391,791.056284904247,-84.7602305047039
-225.898415198812,121.330599379959,-34.7840338204987,-169.277301368325,6.44010141277249,2.72956505337788,187.937859415848,20.9501843055477
-87.4348882088707,189.825366186269,-32.7994452059502,-71.9600201358371,-4.11735798351583,0.584884075913578,1074.48110923418,97.9093100250284
-152.192775343205,208.899221463347,-29.7298007883792,-261.772649490395,-2.77103343623639,5.80467733758269,444.624439553125,37.4687367355946
308.882444439791,50.9491964773624,-127.781454362495,-80.6304137723928,6.56489311392215,1.04934797830356,-922.016522029604,-219.664907290164
-91.6249647729128,73.709220453864,-20.9851066465781,-117.971230806841,-7.37424907976674,3.18855640930269,727.267292163933,90.5105152419601
-159.403945380531,87.6187660573632,-38.5542810299667,-33.6123704766505,-0.0934812908817548,4.380094282762,782.581687685932,0.0316491087705799
-385.555214395485,145.056419598695,-5.21626609154919,-99.6278461316833,17.8912375161453,3.93360918201506,942.046715984383,-24.9030463123927
-206.840909653474,255.333695560083,20.8029694738507,-204.363796384285,2.78682561439928,3.08326097149984,954.275581170092,14.2892948564986
-15.387734297743,132.172655662798,-46.6973875880794,-133.185960481424,8.63718593570229,4.12713696497667,431.311426130458,-49.3385556502617
-110.061506841856,-19.2175392174286,-57.4165353527096,-109.07789033802,-6.94508176470117,7.94323923037155,-166.556375436601,45.3403083428857
87.9893941098635,104.486767415889,-83.0367813438643,-135.659227068434,8.2781174682259,1.70063663786277,-15.7502273673308,-92.123650741567
123.627347671216,140.125899817882,-48.0876374481595,-217.901047478071,4.14061079703242,3.54352585118613,-255.088299486379,-135.670019075145
84.8982301388169,167.526744371338,-83.421080572225,-233.925938918605,3.96926886734218,4.28442215392715,554.756545165917,-167.907568568218
-49.9884944124497,11.8376333109336,-78.3147051749256,-45.6286834015045,9.46558572222102,4.8248900594408,-141.396036425764,-61.3000869316857
-184.658841057571,102.380420424888,-20.3654516681272,-72.263680969656,13.0204522528875,5.10172330927162,612.209149926766,-37.9329554229043
-31.7503192849981,31.9214346261797,-53.7581680665462,-122.325835280608,4.251544011433,4.37824192771586,832.452576508076,-30.4586533702459
39.1666420479742,86.4133931296892,-92.4057113392191,-215.146957599442,-0.13417636937811,2.6946129015414,801.752224133474,-100.997313175991
-136.794158110817,52.0971262879611,-42.3281091038662,-166.492135847395,8.11706372034678,6.47962893186195,918.41456905791,-105.606049768889
46.1839671576745,157.168854925512,-89.0917826692312,-168.595896908557,-9.53057469753549,5.3471237335325,1072.44705746727,-39.3365668845945
-58.1029990247043,88.3429568794381,-34.7377561527755,-120.702648295715,-5.46447210901533,5.50205650718999,243.174775769599,62.6873530859157
-98.9780961223005,77.5851304524695,-33.7188641975226,-58.4136674098118,3.99829920336197,4.09143395560386,871.561934171401,-20.683453565176
3.1415079497674,34.2816734962398,-52.2470387357025,-128.415197134862,-2.20861392880033,7.23496317090758,145.098956770817,-9.35674057849246
-129.040642228472,217.196930642836,-35.9973071506829,-191.917659714745,-8.58272102064802,5.93788284499897,625.749213075003,-23.0759740181784
55.6065455953503,84.4912724447204,-74.1502635430079,-116.87519108929,-4.77970821320196,3.59173159995407,236.641183928121,-70.9753623157303
11.4654833555105,72.7568532052974,-62.7718065242011,-76.1933283571088,-0.933375980603159,3.10191826571827,402.413876738097,-15.8586255816335
-138.794456754105,118.638011181327,-41.3091393861177,-145.479354584575,6.5079212138171,4.51618640146626,-231.727498644846,-26.3506599900429
40.4252262342779,24.8360750959109,-25.8079666946926,-123.874437912717,10.879295081395,1.24997485069071,234.646869826764,-90.0146650295937
55.6903086053935,132.523974420046,-61.235878114072,-190.226733894844,14.2424855775898,3.27270062671596,415.491162112085,-62.5059834054555
-266.527948790521,106.496097759606,-45.1746993347624,-47.0111282199505,-6.67180630852454,4.36417490738677,940.370274963017,-49.7986545090971
-187.614569331832,185.581348135522,-16.4001366494194,-135.656771252659,-1.47276285660337,4.97581760947651,676.917763309088,19.1918554776639
100.858088187262,114.314822338369,-66.9910699829197,-180.563045260176,4.35733210941544,4.47237758054689,392.907261779386,-12.7304825440951
76.512466756074,127.150507237966,-55.4172214576683,-154.125177521899,6.82413583688322,1.69987194564601,-435.776830902265,-73.6927171075804
-74.802369983714,196.278041672226,-54.8642438718528,-167.101095288337,1.05857490457856,-0.216242811962729,-93.2620856366229,-27.3664058945506
-74.3217973395658,96.2625547280004,-56.296515530179,-177.306688568788,8.06131383529282,5.84074509778293,626.725099587813,-108.083361039187
-54.3755591648223,98.7967675704131,-44.8302012636268,-129.829505853479,10.5671872183084,1.63656302129675,393.188566792349,-70.2504809761595
-58.5271097070363,119.172891261287,-66.1203596133564,-91.6904869522841,-0.475641473083215,1.03045057464624,369.103396172693,13.5616681422252
-153.06804326613,17.2559252770625,-34.6810056672548,-156.033847911065,10.1096189840609,4.92405641870573,109.403163804977,-42.8922614906332
-81.6738087934245,132.138335742464,-64.6146036043647,-156.737010123114,8.61276403193187,2.78354037628742,395.802524605955,28.0152426132845
-695.103034422253,45.3399227811788,0.575202229625575,-17.7393094160798,16.6641486119188,3.2727148757258,21.9031707672257,35.6305059255246
-71.033893248612,116.86891851711,-39.5721738130596,-127.753220809309,10.5564298821992,-1.4398997881799,45.3965789428494,-101.380159812958
-177.196116606792,5.04935084685349,-42.0391201223538,-77.3279183358864,3.00313925879891,4.64067677449202,825.949679131387,-7.28939606747008
44.5662159085041,75.9122324986529,-30.992312477174,-146.656308261161,4.19228616790497,2.63950542309613,-335.620921618611,-30.6053281963614
151.3357348727,75.5289555199561,-87.1017865908798,-137.519502645882,-3.0070795615502,4.01286484990851,418.82032067822,-42.8287321511452
-59.6073282601646,40.1549113585861,-72.3104366101907,-69.8990291789305,-2.65167102426494,5.24872584581317,316.598118997914,-18.6890712884015
-35.9656907067729,111.982124168862,-62.4081458405853,-226.809189650325,3.01104348207173,2.60753614545683,296.164034596135,-19.5141135438625
-194.288960281934,122.247639395297,-19.5896384479129,-148.261865024891,7.4863614916103,5.25286966419662,981.507731551552,45.1467933603271
49.7326390153612,56.875515656182,-52.1629051931086,-72.6207192180736,6.85454637814473,3.58839305010042,655.270015019152,4.74194144582725
-191.752213678876,111.556477718506,-17.1318958801858,-159.608766312565,2.28918123300537,3.23762018517391,-95.2912367343379,35.3243803038058
-191.716674422772,81.310586803429,-22.9472991106595,-23.4416376790759,9.61199152166955,3.14894167462626,374.160671988055,-25.5582532369881
124.983583825604,103.216987288237,-53.7658975546074,-121.386575569282,-1.10791989036079,8.12892178012953,15.9469692914136,-46.486774602643
-498.753793081705,112.02258395727,-72.7668693726737,-143.461459109563,17.6076222293195,5.0712959701923,1387.65530435812,-221.030721460455
-871.959737822654,18.564236530161,16.8046207536318,28.9366514430731,17.3084946046365,7.26475366859813,545.802864776482,-20.8994167775672
-297.443702822129,90.1652959583735,-47.8523452622612,-155.876409274693,2.87650726525317,1.4937097136426,374.043784687721,8.18140171367122
-303.024057253311,57.1266344367759,-16.6377250234073,-38.6747879234754,-7.97570687043844,6.47814891318558,385.777252717991,77.1265121327087
-43.5705634532787,119.034781923066,-100.823425088849,-43.5243150166643,32.32715529905,0.98268149015712,-68.2913077803532,-275.512122335303
-154.262467852455,150.817054728224,-53.9745311769075,-76.7602016514356,1.85247956166859,5.93293982248724,358.82588094438,34.4710616466764
-35.0266581483884,77.8411372658011,-71.3224058074884,-86.3867411914543,8.12540555497162,3.9696055313907,1223.63176967678,-227.157876680649
69.8484218435624,76.8339989411561,-49.3869403123972,-184.996537618736,-6.81471980004972,5.81604572926881,761.239537478767,-30.7719497831349
-154.105139795334,89.5315662323483,-46.8673667816474,-75.6423771149439,0.79042563699295,6.47921067378047,-259.289969188621,-22.8341124978906
109.785756447731,90.1265692688612,-93.5248272559311,-140.76750059326,-5.68083712934458,6.51822693213762,245.358889339695,-167.495750193455
-52.9166190378437,137.512945626993,-41.8090616604168,-62.9703979072401,2.65279730754264,4.438859326081,273.863745330629,-45.21407807387
-144.498622475243,55.306588709831,-27.3905016304161,-182.900076841357,29.5405921637139,1.49832238099771,415.800348315533,-128.13594628984
-19.0277304237534,249.597742887534,-67.188947810122,-158.508119702281,11.0333449269601,1.71839357222757,-480.342969259069,-90.7526816967729
20.3271343139786,27.9795230527525,-41.9674408884675,-122.429729038209,-9.19486970515572,1.84108083706815,118.547341875063,95.4522831365466
135.974435181939,24.2437939521915,-45.3372225603989,-23.4197690827132,-1.5937463159753,5.83525333656507,979.789372411877,-79.1515618076664
-169.84423784446,56.0281805564664,-18.7024681451439,-65.9850256060599,15.2379659386388,4.00783007881546,572.255203558354,-73.6806739482709
-169.455631091456,80.7230320008239,-49.991871187136,19.3485214198081,-10.7263187141876,4.2804623903794,217.237671742922,5.12938850856881
-60.4029323013601,104.334773221417,-24.9614044848568,-122.913094406249,9.55989976003184,2.75987093170988,626.819714959536,-47.6174288331604
-147.328313067526,73.5164918411465,-51.4147767128015,-136.87631750986,11.4454609300301,1.14025024636067,279.909477162058,-21.4607667737
-57.8860440019816,110.443646288681,-69.3376459755818,-119.124098209236,0.358158561331948,2.28240648422798,68.6346524023684,-38.7974520142307
-130.012520062061,31.5851807241124,-53.4397445746308,-55.6156049958663,4.32069269777276,7.29357703652931,627.809957201387,20.9252126014107
-223.16431919466,97.3147047852981,-1.84139394844533,-115.821894178342,15.5002827422577,7.3521799646187,635.284725363948,-69.2804688664619
-38.636710331888,169.827445804825,-50.6382952010026,-144.087892730022,7.93505864910549,0.271896392267081,140.551767435576,-59.6902517960771
-67.3661118851451,69.6881206844591,-15.1437531319461,-89.1895769138937,2.39219821966253,2.32075513464952,358.777716384528,-10.9438677242433
27.7311975886842,-51.2356637565535,-44.156223591548,-13.9953313526203,7.55291744699934,3.73494482345995,85.2811726847794,-78.4697913701821
-206.731921205633,77.3085381010897,-50.6370269791805,10.5856604848668,3.27514227708161,7.37750847800999,475.055417321288,-35.2020187553862
-63.559119556634,95.2968853076636,-30.8900919860607,-53.8930712094639,-6.17706284896121,2.77153025730513,871.416787348251,44.3682322596687
2.58404658157087,87.8716703561367,-34.217290456676,-112.385736320648,-0.979282714695728,4.52329639309755,99.9465555354291,-30.2977682839264
3.40338639050606,28.178348020534,-31.3230689418633,-77.4827595445822,9.47601113852579,2.60713189417402,72.4396611291231,-65.0025835802662
-139.410316601323,100.855341899107,-11.5457380173902,-77.92020865425,5.67978972366836,3.52222440530022,1220.22185849145,19.8317089963384
-72.9438003165124,88.6575614154935,-47.1721192819969,-174.468617024511,-1.28203736245268,3.06603306562829,677.351098437997,-11.3257477882871
-54.8037339986331,48.384190119119,-63.5877280578497,-147.411921456202,1.35809171221626,5.93304072638421,390.650922610985,19.7862073406286
-32.6146903219196,183.306477837752,-77.1193605999069,-182.267283424781,-1.75416368813603,6.39172139745642,532.394837334563,-71.8064744452713
-2.24497814051574,12.7605395912396,-101.5074656422,-38.0103676196013,3.33121821407258,5.50574927139678,191.662658736714,-36.5102850795884
-19.5943803962728,3.63089953514282,-41.1486962457711,-35.3799034868389,-6.17727204904077,5.67633078315703,570.881292346283,18.8633047400945
58.0503467231902,81.1660534324437,-69.484666017117,-123.346863253246,10.1829219026411,1.74336802770267,72.2532447081903,-124.084603404452
0.869718116140575,83.5820958764089,-53.1641017703587,-9.24281168069137,-7.18590383457922,6.38575077767746,439.173241947938,-75.4480769913935
4.60824425724792,103.758038129024,-50.7072389662208,-72.4440184345731,5.79837063695595,-0.839490624071914,-96.9826635502686,19.3350424764358
-94.7511745002703,141.526768882526,-31.3388342662656,-171.301308120885,20.5592927705729,3.78550321736839,1042.7143131815,-173.83095601169
-134.526873764695,113.045277474965,-26.040898885014,-128.33324292989,9.39959518969408,7.49952401797054,525.867630723224,-68.3378980416455
-99.5839953294198,100.044522591576,-29.4763905976761,-148.093907467381,12.255669901856,0.877772492800432,680.340668582612,-51.5168683966403
-196.372531064721,54.5971468402204,-18.21478025529,-101.556789402915,19.7115491306504,0.553272951030522,353.17158733723,54.6408142012078
-244.444856334318,66.2797941637809,-23.5699764555175,-52.2587244860661,12.5827594993243,2.14063222871482,89.6999663672032,69.0290863221308
-470.776001595004,132.855134465543,-5.71919021052236,-132.230880981195,9.07033211914495,2.99675040396687,840.909361331214,98.669724000938
149.640527783107,163.813621883362,-138.535634647109,-167.534160105286,7.42615902864236,3.61415670299903,-470.38151717113,-24.6643957093765
-171.525076510035,119.266222769482,-36.9001190473073,-67.6897141910958,11.0536152642453,1.82295936452283,809.022451880417,10.3341907734866
-61.4583422328396,24.9280866003974,-52.9741616765386,-22.8509389995743,8.67968420340185,1.08150657040824,379.953416791337,-40.1371557757084
-88.6253225733817,125.912683058446,-60.5129510363167,-20.7941529404052,-5.95191979917217,5.212409039661,764.465057872265,20.0098137012174
-84.0116391754418,49.5980178854079,-22.3460669072956,-86.294762439833,0.740968403144507,7.289140492765,555.474759738776,-29.1609281431338
-278.377697405551,43.6263515274331,-27.0390604890927,-188.345992351446,9.40178090570771,0.859080791771703,1021.257031761,62.2666958003829
-166.57686165531,132.298913082002,-42.4483246354139,-109.050800754922,2.73563090757671,3.02258294927015,758.913503530493,-24.6093477114628
-103.284788752591,100.596044764781,-39.0144294885977,-49.424480081143,4.87422210923978,1.53063620657485,642.723297734774,-44.8628002216647
-140.434558936302,91.1251967097271,-23.6237283748196,-50.8577658082068,0.894394382801693,5.31414192089869,440.287608064464,20.4806303106743
-167.80293094783,94.8913094033487,-25.4766844863771,-68.4706883249455,-0.34382227408787,5.08264563280682,319.456157638255,40.5631211527216
60.2727778938424,116.389900885522,-51.4309953432876,-130.686750537498,1.68202680593822,1.8859383020681,-556.397322319339,-62.0755441615765
63.1637214689363,53.2755937632282,-36.0335886245011,-83.2859063519863,7.76830072462326,1.60124826173342,935.808533871314,-92.8061307950848
-59.6112194268062,71.9991352701909,-12.5577733738173,-96.7067890823819,9.76014002342708,4.69053234740204,1161.60572393388,-70.9644029060291
-242.581569876493,71.8856241660324,-45.5999216692871,-53.5319731833733,3.95221558484081,1.96524189053162,-115.308557501543,66.9817542610253
-137.825241016333,111.377929269613,-26.5160765875989,-63.8687423651118,-3.71390327992412,3.24434698111145,9.17359711149766,64.1455588158169
-196.016616395733,90.5976549346233,-18.0275163889455,-112.138340973053,3.83089272080178,3.23169624133152,1154.54130389721,-53.6368333382443
-17.3808124944626,67.3741963671346,-54.0124085991411,-85.6688294160631,-1.5214153643301,5.38010127817688,293.569960507855,-38.5267455968424
-23.303951340451,68.3274368817511,-35.3087458618611,-78.2391018371127,-10.2219598324446,4.18196610867744,372.208884651249,70.2981599255654
-111.483748789673,56.5464127800685,-45.1359859471413,-45.3779074372578,15.2911269599281,4.58826841818882,929.351624798903,-126.559475788745
9.22074835433159,108.95207334224,-59.1951293143065,-207.902945575566,0.153871189017082,0.684341629035771,259.89835590517,-27.933820692022
107.65675191745,22.2721847527355,-44.2116619414883,17.4980995517581,-0.0818020503793377,6.95104372716742,499.868285470584,8.8163775312596
-323.36080252839,188.333908536093,-23.3114851143328,-150.217659224822,11.1010267441234,0.786689116834168,331.162040839059,-140.968759871888
70.7476924260554,97.638067646214,-80.6012335599771,-192.066214647028,1.03453958558384,1.58673717593774,-388.963526227686,-83.6290414076648
15.3303013179393,131.089187339268,-40.4049796090221,-130.696472362324,16.3294367460767,1.60768311081483,-87.7900298053573,-47.107545742736
-132.371373864838,97.5988623051962,-51.250929660775,-191.090720903769,3.69804466320784,6.4234256773052,623.04655839871,-85.5005056829032
157.125744814504,126.464378616118,-66.5006857977423,-122.245591218249,3.90179233361414,3.50539775181096,237.594843336497,-87.7094069214854
-200.736994442748,109.206489997123,-31.4560706980701,-67.0744058316777,2.17820146917074,2.07651610043831,1011.35041055217,1.11160502161874
-11.9111877117248,81.5804637791007,-44.886008239846,-216.272111878632,12.2777386926755,5.10787151156546,-281.720020253677,-22.8346500790212
36.2317189523019,125.603136110949,-23.5180506268516,1.25689850159688,-8.96925899107009,6.18850227268558,629.297839448875,3.16191063857696
-127.70981557222,120.711456305129,-50.3178526015108,-44.4893901115429,1.93163303405163,3.30775708219153,923.238210928459,6.70165252496372
41.7218423592276,112.808868247288,-53.6595223904878,-196.446858471987,-5.01058376990841,2.36841024531168,-61.0268689869263,-8.44341843575239
14.6530946217972,33.5444285819831,-35.4032228821306,-128.31239178744,1.98238173403661,4.70368702543783,305.6709524857,-35.2975135460147
-66.0848935544327,137.91889058239,-37.7949766133825,-84.5971185983508,0.641680526663549,3.72071605024394,-377.619679930416,-18.9094353938854
210.402785755796,-20.4705706534878,-43.5191602180566,-69.1379152161389,10.0002059175022,3.71534208341291,833.579557824531,-74.2079040700482
-28.091082936895,85.1504514999197,-62.7607990898396,-89.2625088225905,5.28910258041287,0.620159099813463,447.351912729551,-39.566369630862
-133.465318264963,134.32524391578,-34.5972933851735,-96.2658335130109,1.95726686503622,10.0124414810998,893.457506770312,67.9650027645912
-244.413558777371,101.08674880935,-19.370016042958,-59.3771433852526,10.4035168756091,7.77759909706947,174.819234642371,46.1691863605811
-24.0370597302899,136.394970782014,-69.7729158218717,-77.6670697523805,-5.41441358026623,6.50788388305227,915.209369847988,34.750585656584
-23.2249430872544,46.0781586310795,-41.5885519455187,-44.2647713207989,-0.67839073770665,8.18920171938953,401.606660514808,-30.1329156729334
-107.259886821092,66.4952679957896,-24.0787344418723,-102.538450024877,0.817921799200121,3.15599059782107,-62.9077132651,22.0380847463748
-147.381198539333,47.7967548679735,-24.7543521622574,-6.50960607648813,2.3953773486719,3.04364019316563,-70.246988938874,15.4605877748254
-101.401415924061,108.153815047262,-25.8756464460457,-136.266409856638,4.22146737955336,4.43715513537609,593.220078219449,-35.9117052537767
-136.29110101852,67.9816216962499,-41.8311845195931,-142.09371745295,5.49348196772917,2.45371512677229,668.416936112626,-47.9089646135253
-346.883304965479,34.6204918993462,-4.33670997736044,-81.4272644348202,11.2790161215671,4.23962233445491,-351.332966989168,40.4990518093548
28.1078281742448,86.9170041792968,-91.8144188512233,-81.8149582354818,-4.12493464155705,9.74458907070948,-587.292005846139,-103.119458109853
-214.382290082838,78.9234309789608,-60.0703739439632,-44.3601768790832,1.17904372701014,7.5095696849603,1074.4812153611,-65.1621840689331
-195.921200863377,91.8887004357457,-57.451465998849,79.2722463128885,3.82368630729616,6.88467259745812,526.360570353485,-43.2720972653624
-36.8725538126819,78.3564425609002,-66.2843916975398,-143.388615275573,4.27430620714222,2.26226518390104,548.04051707554,-27.1430059034756
-102.157147342963,36.3897167698597,-55.2660308079503,-81.1270311379358,9.22648698712874,1.90773665245069,567.30223477642,13.9527474099887
-25.9920435373115,58.9473021526646,-76.3017847398587,-112.0043920725,-7.73048890689097,6.97435668146136,1086.23416290071,1.68461400519664
-138.469973318191,57.910522646067,-23.298568605489,-119.850120345109,10.111692805076,6.68187019935067,181.145785808301,66.2455613655766
-92.1634151898179,139.118053882848,-35.2597604567418,-105.037029864681,12.0536855388928,3.87222506819853,-502.243661655331,-50.9225890736398
-212.338736249774,8.98256232833955,-20.8714433441965,-8.83741202772944,11.0471484354675,4.42555770945637,708.279149257301,28.6485439122916
-121.83011662573,177.827361413243,-25.565281231975,-196.702273171903,-11.5730609063248,7.7351286436533,647.028395474001,24.4415243910335
-68.4945727502745,198.095456738782,-48.112097611127,-192.592718976986,-11.3160249880602,4.63042265031254,153.855583666562,45.2342208963819
-100.849530150474,101.362948115835,-31.3166612667992,-71.7498081711892,-11.7872292699467,3.04584556493546,-12.0562762087138,100.885169807661
-66.1105814661569,54.0528024032419,-24.2172095256064,-130.338301534473,4.78126600275573,3.97163938415179,165.089337828496,-8.14314468400335
-148.320474932185,91.619066202984,-33.4155428579397,-108.482710883196,4.00093927577836,2.90713015136862,323.071749697199,-4.11656857948401
-136.305911589938,47.0368725687076,-22.0369198872067,-13.2007193432073,17.4351897477773,0.7156982484521,527.138452959232,27.7585103281599
-11.8478037206187,126.65612343137,-41.5400896508945,-168.79930416336,1.07251582754543,-0.470609818818048,244.229362720034,34.2920296088923
-47.0573452967001,79.7888747957186,-41.7355853390909,-125.150760495075,-6.01704462859198,4.55221967199031,676.671517570976,17.8257433070394
-190.35335893133,91.8153846014284,-22.0245409950685,-53.2124770672817,4.54971614538772,3.1776934331865,408.854478932553,5.39421467279772
-10.4511432469299,56.9128303237958,-8.69496193218947,-123.100621261256,-2.96915509098471,1.13012217951473,53.1192588400882,64.2804835809311
21.9011632786569,18.7873456739835,-43.4193611524042,-110.33554210639,0.670384895803409,5.2186142532446,135.658267929968,-57.9475771488796
9.64524212726974,123.986589406761,-57.7765511826728,-161.382443940063,7.23213358052453,5.37096637123614,839.666008964094,-113.890235622194
18.6134501268098,61.7053599207211,-42.4098798415762,-30.7984525296015,-2.894967732449,6.18956614346826,865.2096063227,-54.3084567196784
7.10269693237296,51.6347141240003,-46.9631707175286,-61.0531932555314,-7.82201734164846,2.81131416294375,596.962661401223,-37.1736030423344
-27.0120393605903,97.053579717056,-60.3501156413477,-35.87261856431,15.4833684033656,3.04095688462257,-123.238281166996,-50.6703534702247
-78.2849837314861,116.203654704619,-28.8816572755459,-49.5920188114324,7.46052122350375,2.94162443581445,441.751116382831,-47.659854873782
-13.8792873529892,97.905286066456,-35.3646949415124,-212.649030366375,8.82959725681212,3.494723033029,-201.031803071175,-1.40456298660501
-107.304676863845,54.8356749491213,-44.5264579090872,-118.021978109522,-3.51158334950014,3.34832060703775,330.975554501027,46.0735238003836
-47.9647264417436,199.368697704194,-37.9191656869953,-219.559284771381,-10.2507018967881,-0.375959811208304,249.280308796515,84.4818561368884
-35.8655873473763,95.2962873864381,-67.7320849368189,-119.495549501211,7.56086688040523,2.22076995091629,982.569196834535,-50.4849933641817
51.3956306836626,69.5285685119743,-86.1232532264257,-166.576335099235,-6.45311916287392,5.24984214897268,229.277773639937,-73.6948485080502
-52.3172429903934,126.411139042539,-33.8736138730019,-126.379415528179,3.36504879640415,2.06420993854408,389.417575937379,-55.9520661759307
-152.962450181687,27.7845138426856,-11.028860426537,-141.006478856449,-13.591983155231,1.47748231062428,-24.0293488243296,137.369868932394
-277.818978960968,162.096689004393,-31.9603505982404,-37.5982428704156,-0.549575930934225,7.58290834684158,487.221720836787,44.1133206831873
-101.923440379847,59.0361734617945,-58.2212883362517,-109.016775789314,15.9271222581592,0.186247094286955,-470.746762688395,-42.3453765543818
17.0355284248653,140.997178272868,-72.4403111854917,-188.495520922101,3.68406722908549,0.329907183942851,154.962188948964,-154.933867813234
10.4869071129942,47.673355478546,-49.5858498838788,-67.760414985969,-10.1679894491317,5.66774802927102,831.378344039011,-46.9852752366751
-586.50475218279,15.4984253511066,0.797080123091291,-34.3501443175537,-3.19798374499078,5.41138373231297,1056.3609253369,146.792982638071
23.8983547033713,54.09496027157,-92.0706980279356,3.43241276929621,15.0119253651164,0.969500446197344,-181.150187424908,-187.094917036171
-58.5738432525977,57.2354585251742,-86.1886620873702,-117.5415153141,12.0920539638319,7.12107570500666,1009.99322809994,-191.481557055609
-46.862005253628,37.6560013159869,-43.7919909020347,-81.6348845198954,-6.23144110559952,6.23916886743973,497.264999893057,35.6395062345255
-17.3413532497943,83.867314179286,-34.1378712867481,-153.893608783314,-3.6923984035966,4.41330678825034,440.885143353895,-19.4785150919633
-102.74412007186,29.6388661584206,-10.5976017973444,-94.0623183274438,15.2486957020301,0.0862643839209341,743.597547165962,-48.651288631605
-70.0108609149465,100.752601809538,-27.9250034557444,-44.3958443789343,3.58614184852922,5.1921661048074,588.939164581148,-28.272564790328
46.0595717505712,83.447846336785,-29.545953105815,-92.1687359580537,-7.77335941421916,2.59600770540419,212.810296202035,-4.71630374032975
-137.179567250048,106.691926509142,-7.04744444595417,-68.0875756217738,2.03426674631191,2.07728955008497,908.797939567593,31.1804868561449
-143.854713731445,41.6243835186615,-11.184395918579,-138.469868401313,8.64263552083867,4.91001613684421,-78.4321690123761,-61.2001027878723
-337.929528377404,72.2819391333396,1.62779297184898,-127.002849334036,9.68068076617783,2.98014072762453,262.10694672761,33.8262219282697
-151.224919743556,81.4373413581634,-18.8010146431043,-76.699490447194,13.8861134747185,2.03206893894458,154.006236078858,-127.246750489241
47.8357014677822,135.129834871128,-35.4394056221645,-104.348789488965,0.763333289069124,5.08252179936972,-470.805896324011,-0.761128435515275
132.576153402202,141.897122299095,-56.1026919926808,-10.1228621284245,9.48908119273256,3.10614497514325,-132.069172320051,-63.753742855828
-82.3589398776603,109.789284694089,-67.2294468684995,-122.557737591414,18.5598303838342,6.01275464339415,42.9698428913107,-160.533538673706
-195.095291879967,59.7387451124814,-53.4537585962244,-72.178969059576,10.296986303656,-1.35573986332747,35.673870667626,-14.4478363528033
-823.901143642637,66.774625784903,-27.6283347730787,-91.815538824394,20.7443922765378,-0.144081577891484,1178.43757530584,-32.7117616333271
-168.150443850551,118.96187475216,-46.1882465883682,-105.827501266409,23.5885708376154,-0.536748687649379,-143.962803607486,-29.8102380097043
-159.494357493124,137.379926567373,-94.93173930388,-195.526445506526,15.1074193403765,-0.0495378670384525,-1320.31112118933,-9.86366339705455
-129.503985670221,90.2111558804172,-28.7895745644782,-170.441971428416,-8.15494214501814,4.79126024890138,344.413330498091,48.1926598371065
-261.010236840673,152.198067742589,-42.2311761833989,-134.118208382119,10.8543177003157,5.25783013665932,1427.74078173289,-26.8042738994991
118.762126059621,21.1415809414466,-52.8662141122113,-87.7951774826206,7.2728120344691,3.47820351373957,557.197429947279,-73.8391350946913
-61.0896813317086,66.7114120474835,-39.725393290375,-98.7795436268789,-0.649515255019651,7.88918543618638,514.70939495317,6.33009050742839
-107.047562157757,73.2994950236825,-27.2855897752779,-62.3511462478491,11.3407947330874,-0.105273805747856,82.0985403616151,19.5125506456388
-183.537775955745,122.157544586537,-53.0432135396113,-253.444230282068,9.72533681553614,1.62054472477757,1053.48514344171,-60.4277340131521
-107.756793718145,75.3716971283502,-48.3608207614743,-133.863421692542,0.0724131822898926,4.4948221132945,189.544496498529,22.1020414631203
-60.2399605886894,203.176640403872,-48.3137848331535,-201.092440773762,18.6149095029396,1.967129919125,372.129383316031,24.6889927272341
-296.653146077326,32.8867319649435,-41.1139689777192,-178.005980685291,15.1866266758152,-1.20514713393641,-244.266469684095,55.6594334983092
-206.157948584718,113.34362228094,-24.1630306334409,-88.1496287321643,6.48660656175343,4.58159533447179,807.900055370628,39.221527658603
79.1258015363037,130.91513983898,-86.5653054100112,-200.423951073612,-0.792829299287405,1.64673937832413,-697.208131378575,-74.9212155196583
75.2937665399222,128.923010011626,-74.3512973839388,-131.863271885843,-8.19938461606216,2.40375548468,1133.19425396615,-71.984747400893
-231.737547481578,117.852039661986,6.54051055715536,-93.2867998553847,8.32289255759679,-0.586686436188756,-90.7043948120499,92.1512826500984
-169.319749189261,60.2545824495974,8.31271783842385,-60.0110468087951,8.98021074675489,3.70078717514116,650.410273160287,26.6623875790028
-26.7677973196987,76.3800705165486,-31.8710967283976,-111.108286926973,12.522316346789,0.674814230093034,399.95505725636,-55.828102945874
-185.756859393376,33.8828344204812,-15.14267360542,-48.2759799587657,-0.339344582171179,5.08358318877072,395.430039426632,21.2787185602356
59.4724169495166,38.2384080001138,-28.5722739782559,-92.0457916566229,-8.05790103165782,5.97063035605242,658.451015954633,-3.12113832794421
-261.875007491086,12.9879217240959,-12.4572154490015,-119.61488224825,-2.41556195245357,2.960271419317,155.564538126804,55.2069214279327
-158.14646804845,45.043612931051,-18.4348650634201,-69.7759530795229,7.93853632110768,3.8651480705812,-189.168600205361,-38.0872821927187
-71.125543369639,54.5695554412669,-21.9747543521007,-72.5569770214352,-5.01252754736925,1.36022160084394,-115.18910528798,92.1877021574182
-128.330030010562,95.2681481671134,-20.338160087209,-41.3916416189168,4.04629549168749,1.67309975878743,48.6418808479866,11.7503351647483
15.8863357785958,53.6392361027902,-40.7045995021326,-102.792579110475,2.82323477707541,7.10965523531195,486.624397974596,4.06506050466123
29.1759183135364,64.2312459441164,-46.3671640672837,-117.903449129313,5.7767772799416,1.10164888336567,244.579816150901,-87.9686367233508
-392.273572556267,3.29235623449495,-10.771394153242,-104.156181176106,7.75250579437125,2.20431850050227,443.314498251784,-81.8236461187917
-158.257672963053,91.1811980486382,-19.7978890581144,-59.6518592994398,-0.147238266683416,5.31107808249362,793.496128251725,39.7590435173843
-26.6707196721691,54.6411404835599,-26.2207082157838,-87.380520245395,-1.41309858838213,-0.00767252315563383,-124.091400607547,16.4162346607627
-153.880676484856,79.8168044580962,-21.165242740307,-105.432089255202,16.0220041225621,1.2306132116355,-48.2524373310443,-63.98294647681
-102.899225672373,113.410202582541,-49.7316462235758,-211.41464301174,2.01967494885321,3.5274711723323,273.568779687339,96.6893551472458
-16.0264805502084,151.440779166012,-67.9122685607654,-121.168127107594,-0.274054810099187,4.72801906047971,815.615105023229,-19.3840578920208
-213.044120439561,128.065255154885,-28.0171191581321,-107.572982849261,-8.62433548427725,5.04066018081721,935.714023424051,45.7069397006417
-226.032225343923,24.2789058298677,-45.4874331398387,-107.055150240947,18.5988411475482,1.73902255590656,-379.719589662098,-30.2200464795169
168.972836431371,125.886802580615,-95.5437881071121,-25.8787331064814,-4.81790070305578,4.96003587378073,648.575997721706,-89.1639647666889
-90.7283629476296,101.143780272158,-50.0396713084192,-140.534738992654,2.87580106940004,1.23189302366518,805.406181061495,-49.0819302976015
2.52129650225834,117.968402753533,-44.5509695433138,-200.702768371688,4.18225539856576,0.166462889828836,292.690144796176,-5.99061619993881
98.169915654973,87.135013330826,-76.3172639278346,-101.71363004844,-6.01729742697353,3.94779447145993,34.5292493582256,-47.2092233845142
-126.023752032757,147.512640542685,-18.9280617779586,-147.515708454215,-0.270551637178869,5.8379941079329,710.757081932068,71.4504123451188
-70.7762695723213,112.298933301863,-32.6850486340263,-213.420325167288,-3.26569995010504,9.74237644378445,1904.50779675686,-18.5707514315873
-171.784276007027,166.02283282757,-36.1349070792785,-245.622379019962,1.32793680263239,6.68347401251958,355.782487739896,-12.3788690150832
-94.1645586300729,26.5276337499818,-33.962370465335,-96.6777819893905,-2.57858666159154,3.80412332997003,-183.684161652563,26.7385529431776
-50.4191746356228,19.4578504562669,-33.1018893450819,-50.2562975376932,3.28382223781955,5.10117097393959,226.266240664962,-63.4878306947066
21.1476638273016,19.3786445135192,-46.0168647282653,-59.4905600517886,4.11681605671765,5.88884561008308,399.765338302255,-92.096504031666
-46.470538229245,61.1248801163238,-34.8266128678515,-101.361300418692,3.82525999878999,1.52969276810472,475.785615411591,-12.4140529756842
5.95963539041986,70.0830798424431,-61.2931135547187,-83.1776761947622,-3.21090811482281,3.24715893557004,513.92987589832,25.8765009472118
-116.782784977666,150.613011051348,-31.6186591943842,-133.805651912185,-9.64767681568628,6.23538072995143,819.890251414647,42.7248548538046
41.7919213949954,122.251445287866,-76.5675834733265,-114.878627892525,-7.04370255085814,3.32532199491106,163.636225686407,40.0364859076421
78.8439945872087,128.773052920922,-72.4656728498894,-237.054496751894,-10.7274452654528,6.62120627511104,-97.9688577462293,25.5362521447169
-103.477195364001,89.0011454461346,-47.7601313748746,-206.568274806872,4.24893025928759,7.12917641282547,1097.10532877885,-64.601294099004
9.58347449145367,125.210072185437,-62.3068002070358,-166.646556595369,-12.2521170087857,6.80287906625017,704.25799140858,18.8608017856386
-60.0341175424401,95.7737888793636,-67.3883962858235,4.95896746385552,-4.48033835084789,2.73117478094355,316.16455379026,77.6413318179839
-145.3983821281,213.863339993477,-44.1399581400347,-182.017289604817,-5.70597833112697,6.18045126749348,519.144466670405,60.7661770795166
-110.021557500797,141.354701473061,-74.8097635733138,-116.699093046314,-7.35018193267751,7.61032138926385,982.141195403776,52.878055418274
-53.4434966111148,59.2318939943943,-71.1891295177265,-146.983890707488,-9.23395084028016,8.70831125056793,648.286819381421,38.5724810645916
-136.201984713553,96.8315294751592,-31.7462063845087,-87.3396267027347,7.4906375665887,3.29174432044965,822.713214526913,-44.9330970289157
-124.612049245159,84.2988429275283,-30.9310345062113,-101.639915137377,-4.02862891575205,4.31468561966904,118.131067858711,107.937276649638
-32.898244651713,28.3910000780452,-37.6620430402982,-128.51173337295,2.82763136918948,4.3174302563275,187.621874637669,16.4383540001872
-41.9794151871392,142.875169076168,-61.6560499409388,-129.349349901138,-12.8632610999603,6.25572636058496,97.4138713366847,105.700659850603
-43.1570926531931,153.570198104993,-76.5843201981579,-67.5920373386034,-10.2681956462329,4.52458729423233,369.012806040373,83.6976335962972
-11.0535222729231,204.511888196401,-58.7639321768365,-270.926720695425,3.43761425436242,4.38357543255552,58.9647915336645,-92.1790147357533
-91.5015862467117,76.9751755539764,-22.0424597365873,-147.138332456117,-3.17041764145324,9.41590496156937,804.079573869534,-51.0071020100877
-75.5588747338916,52.7370655943232,-40.9604131234628,-127.579878506382,3.42347519377654,3.71076795890986,44.8150391803465,4.13712175883848
-12.1925560227901,73.8306808282177,-74.2260081204076,-275.74601031922,-8.19416110692691,7.29541302438156,796.79171224057,-5.67194031988038
19.9720422928003,76.1357711620367,-67.2826503520191,-41.2665545640048,-10.8018472226686,4.71205341435507,-38.0902623984293,73.2452163486087
-69.0435721146205,72.3084786933396,-34.4721340253454,-76.2986880760582,-7.31110833659477,3.21929108211771,62.5245529414969,93.4257952574408
-95.938685234345,82.9877573296799,-49.2378814319673,-78.6113546029665,-8.41004350497678,3.95781815001556,817.487835924039,96.7153313029739
100.498292602118,76.5098011164373,-91.0757479832246,-117.806719684973,-18.4548889608996,7.50753213952703,297.73310166318,-8.80133625344024
155.051440479481,63.3921394539939,-73.3386316074393,-228.132988390847,-16.0924896054094,4.69803219182359,-472.26688032625,19.9761997505993
-26.3423550667994,114.599055803553,-74.6599223242665,-77.8154906561977,-9.94825190986012,4.95839219398476,563.374951080907,51.4032073700873
-162.881025985058,85.9649437574117,-36.12496161749,-123.371898827747,-10.0912047261954,6.45102356323332,540.437437200308,113.546422313608
-75.1223530579264,96.8781522968784,-40.5444117042498,-113.249737248923,3.0824931008392,7.32547339607845,417.316824629583,-43.412175096717
-94.5964639166614,99.121794263905,-31.0645545617881,-111.053423914036,-1.96663492606604,3.78615362357959,312.645264381637,25.1948473865632
-47.2682469125721,181.102419229508,-52.4796074438746,-157.492394791021,-6.09207172593415,6.79085228967597,419.1696707028,17.1491600211302
-106.975471791164,66.1006172004477,-60.1548216575466,-69.0903418268063,2.38246055378113,4.88925103531074,955.076576143523,-16.8585204112751
185.990347810948,80.8146338176448,-109.356934168361,-5.32657794641273,-4.4472298929104,3.09470248981233,-264.935108385744,-110.269382016602
-1.96475805381488,102.993899784051,-51.3352767400065,-59.5864930740354,-10.1495850537976,5.76690556310496,362.350178529417,26.762129711482
-193.234947461904,144.032833255689,-28.9976944482041,-87.4041746860457,-1.72656568053935,5.21133572672261,668.012985234742,44.9706725441501
85.1286885031748,116.728473721771,-83.2788661005616,-135.217039997995,-6.87326697657409,4.77617959344025,351.004662020991,-39.7662483595777
-105.691518669555,14.7909094425195,-55.7354002421016,-93.063167183107,-5.65553667552012,3.98195442301221,483.749392364392,112.652060205059
-64.7498682773803,20.165888313466,-62.6206316925363,-26.2614496733295,7.96323673229199,3.18754011348938,939.727630213631,-102.118802312616
-14.125440826625,194.501863205087,-72.2628951543375,-208.041489933887,-8.78256366467394,5.89920970321691,258.474907574069,32.6981626410561
-71.3775077868922,24.1799328131747,-78.5431939947371,-2.52264403576555,2.45035568534513,5.53688365051494,862.478863551863,-29.1213650644931
25.0407615658478,86.047042706603,-54.2340617766786,-108.311971330564,-1.50394176365808,4.99120787427091,333.620965310789,-41.0302081223363
-64.0015450086066,44.3158579502669,-32.6627934895141,-35.7059559309855,1.48208113435248,5.75870885525364,592.830119829872,-53.8163280839217
-166.629730292159,143.595921097363,-21.9718987762462,-158.809319644963,1.84825506804918,4.29128582404519,508.817913926803,58.5158236143325
-29.1288155179554,65.9973460573674,-45.7650712691539,-101.413429100226,-3.26062691395055,7.26119870747789,193.121708419363,10.3110987884138
18.9381518586306,178.471752396727,-86.2741947402646,-223.987876717554,-3.56104326988861,5.08000539272325,254.799707898157,-30.8253363983968
29.6837446362406,101.425291778127,-83.8751860868761,-188.16342453158,-5.34974578303809,5.89612758264411,142.708460333021,34.9935488531337
32.4362631967088,127.738051604421,-73.3811977159057,-52.3921825295547,-15.8032811699377,2.8769658590536,259.468730712819,49.6226657527295
-80.8026643736375,217.167166898696,-50.7146161074925,-178.345982864208,-3.31230505836015,1.69265603850363,-139.746180633278,102.762272646767
-61.9743998406339,104.775006820433,-45.3345463959704,-118.516896689109,-7.53708586838911,4.76092258574499,380.738343925921,54.5303368724963
-159.896069023758,194.710995490378,-62.4275384834036,-220.003521605234,-16.1916004796367,12.1684776012844,1487.50167795423,-7.57873779071815
-58.2686739835481,112.997070499216,-94.2701523402066,-65.6585810684192,7.27967265626648,10.6149201709341,749.164712166981,-173.590303784928
-177.305277540516,109.723943210643,-14.5533302013355,-106.152307397017,-3.9327942013042,8.25966598212835,759.220416238881,42.2349240403928
-10.6156918940542,141.597448180532,-52.7076572358928,-29.9873717523296,-3.60835931851761,2.24678963582119,-90.5299290366092,24.0022580518271
-168.958521954701,85.7644219758367,-45.9842703845934,-65.9704811418051,-7.3191910891619,4.01838270496955,972.730590182095,83.7088389550627
-53.9913132697257,77.2220179671858,-53.290032380668,-54.1107052056614,-1.83425024318058,8.66391929102247,454.374862922188,-14.7190626904994
-201.697605652553,268.790277671302,-17.905138770584,-199.82107768234,-7.64795159335335,5.0071468242968,1114.98369646841,86.6058771505086
-21.1954079918651,121.689552340576,-60.9626300930395,-107.37272856987,-10.596177738189,6.092611291504,396.956400424308,16.1653732629966
-62.5835772155333,92.8079479438657,-51.4638423445394,-49.9319455861769,-6.34990766062037,3.78591044324276,172.247909402235,97.77683592838
46.3915053570818,147.104006764457,-113.556814706506,-155.397281730431,-9.49177527014399,8.56581498873129,89.1132701519673,-44.7807621903958
-249.964300351922,122.417016810097,-40.1830936853657,-119.103352123289,2.89194481752929,2.29965087898017,1182.62247369577,115.826587042762
67.5084005028184,66.9046370175638,-83.4111270226713,-144.957950631448,-6.54473614741704,3.79653294612581,22.8769230535181,17.0842874609516
-167.874330312727,74.8422098504961,-36.3029552056323,-3.31572004674672,-3.90029795776354,6.02936591157049,364.497606054232,98.6966545117684
81.133762094345,123.041777671417,-88.4836630912687,-138.431347531645,-8.88771214196458,4.81577127816854,-106.613094808374,25.739281487382
-135.191662698286,177.615548959307,-45.5711934823485,-94.1933061808668,11.7664501706895,1.4796003306692,728.425438726685,-66.8655811727076
285.174332711977,39.7262715125689,-178.461103868573,-74.9910457257065,-5.38091985831852,3.17637737634868,825.520295735827,-226.467171169323
-241.672625796113,165.949593568366,-39.4702495843012,-146.53966005487,-3.90024153432751,8.10512243016274,668.422471829897,121.004647539754
-40.1469848766719,142.057785556826,-67.9600009793066,-163.418869675181,-11.8868614127277,8.84268342344149,234.703106197645,40.7953309279255
-170.618266482925,104.668714796004,-33.3136860716513,-94.6412277990748,3.16856696238392,9.434341575281,1107.69841137824,-80.2305577527877
-105.758828521815,93.3614441774407,-22.6089096912492,-35.5886942146317,-8.08236739058339,6.58791867399123,292.018080601978,63.2361919639297
33.9487011210504,119.645974368657,-83.5834674686193,-157.230267411185,-5.53582303378789,4.40816412662389,174.46409457954,15.029748633795
-158.374387331962,152.313781059129,-21.051623341511,-183.079355090005,-0.684392124268925,1.10483812748862,344.50205150299,144.068335322925
100.441324775842,32.1470231506391,-83.1123855510232,-82.8621965239145,-10.1380080745835,4.12689792294987,47.5190056868887,-16.0007504938258
-162.200009240449,153.676174897118,-39.7514501561673,-159.251741350148,-6.62574089444206,7.37603662497713,1130.31757786672,43.1703456362447
-83.9872256583476,156.526984499113,-57.1050922457071,-105.8884770695,-13.3471787618255,7.12862134996976,546.085580333887,98.7832833108623
5.95656886114011,70.2722643299276,-50.7043924263307,-106.247173325261,-4.43763091709752,6.20039376045224,-177.512886212993,40.0172977096045
-43.7591948673253,86.2177038511145,-39.3114999999088,-138.918342873687,2.92211000067709,6.0309383743006,137.490103720484,-20.3617335515009
-22.244024619562,77.1728837035334,-59.7159848714255,-65.3609495920682,-6.25711086247611,9.38095657312169,787.607124796588,-62.3027560433075
-6.62298682456458,104.990775668615,-58.6683567073778,-135.133896928106,-8.33971797868435,6.51504941500025,527.127778011436,-23.8817199353362
72.0738950425293,94.4846029808105,-98.3445804974399,-114.470502388605,-5.73236632729913,7.63024088814564,491.311944299057,-81.2624648041565
-225.393038084369,226.49871622536,-35.3549592740719,-210.195285267866,-17.2908091010395,9.73552338511035,1118.11697450391,111.809090332245
17.2922160865273,207.698940275301,-86.9791003208738,-72.5706988308193,-4.11786033250246,0.145141584092926,123.644117742213,31.7976796813018
-23.0389140688058,57.4181734382837,-76.6967541901686,-89.0764835289883,10.0580279471542,4.51075574170682,780.150285927324,-99.1018224633863
-33.5783494855914,116.028478468856,-63.9645703840979,-142.484214386204,-5.86398854763138,5.85591597586426,645.063782975601,-3.31411574264348
59.7638066413783,137.705130961578,-100.964503430791,-159.36511869786,-2.64126721968933,2.06227828553187,41.5071884694335,1.47251532494556
-43.420670566069,80.1026369308238,-58.7733946627341,-209.157323613166,-2.38672722521005,5.37396462025936,607.092816102071,-3.67299242861918
27.5223583032675,99.8861968740384,-59.8194416414772,-188.518945758507,-3.19416323673067,3.50026115996297,383.385188696993,-22.6133058518171
-84.4371040028054,139.435616148003,-47.4430294089834,-117.605613655251,-16.8405717289425,8.67428541721165,836.790049290452,72.2631023632712
-141.892036090036,198.07266693571,-54.4120417323284,-151.282061095758,2.91978389795986,7.71569134627862,1060.53325470598,-104.449427190768
-76.714246555086,144.868720456187,-55.4010505678598,-74.8766844096172,-11.1962243132002,6.07524312715123,970.468428959211,44.6907327252411
-23.8185931055923,44.2007655152702,-35.6963880156109,-139.724682087945,-5.56886580841092,5.56448165414622,596.868480133693,5.25792420240032
-55.4933474356658,106.782966454135,-47.3464351004804,-31.9585102236906,-10.3450306060113,8.63002757829963,586.400172863951,0.321320130395179
37.9324183419121,197.090889822168,-66.4034014026038,-246.42990486385,-13.6404278602458,2.95558109023841,156.887478746386,86.7738534039527
-62.8849927523115,100.227817240608,-79.6897648569429,-17.2798863570933,-14.0160290727508,8.22628857665768,334.923203890634,94.3623211809791
-93.3732981472749,95.21334043963,-35.8415766335429,-103.591109844949,-5.64149973583699,5.80740471798526,971.182395231604,-4.48481480410555
-145.227868510745,127.774975340799,-24.6205722052546,-77.3220595828825,-3.94817086077819,5.13383089787203,839.607610874606,32.7916476511273
-174.519381408885,111.476947373395,-29.881986053515,-63.0692375773797,1.35540237397072,9.30107233580566,895.908931851969,-18.9198378552392
-121.336702014232,182.562826554233,-47.9714650588739,-225.02405274786,7.63219517466496,3.79879027774223,398.942737880512,2.74713100658846
-102.221420706046,117.82333363936,-42.4547348358028,-96.1029281635128,-3.27515115604547,6.15536583397625,682.372683968031,0.0588394666483509
-82.1006348719384,175.420288432048,-59.789338784416,-128.103208919318,1.48070930124959,5.28704882872262,285.923287621034,-18.0533519500023
-23.5604401801356,97.5890213029052,-49.5125949959911,-154.326982862702,-11.5465996885978,5.30492762945687,-10.9382293017698,108.963215503318
55.3066669087566,105.979549666074,-69.4788303694804,-109.770468471201,-8.10771944161388,4.79507295548683,259.960048810797,-18.5808097714325
-116.780092246154,44.486551885333,-24.8200455332044,-78.8648790411244,-2.24898004771967,6.40214611775446,207.402844947501,91.3434219236078
-83.3505371703613,127.647741216177,-55.0681288659107,-125.467695101576,-4.41988082997705,8.20854237765889,-63.6994856625824,38.2668649614861
-20.2686565990152,58.8597894909544,-68.7653745156713,-13.633296555694,-3.79088794806739,7.77462847967399,1036.97020566024,-67.6018680028646
118.145574623661,149.717133822618,-103.58979891242,-171.316020959515,0.19689718193149,1.07497702190267,164.613122052251,-82.3587337073695
-181.857497085744,179.100819168772,-21.0885437962861,-183.676759608148,0.304891646439501,2.1808210825111,446.030602049432,96.9097229906984
-64.8700373606989,84.9946988235315,-41.4219192235614,-79.27272518481,-11.9947970200301,11.4509802433531,831.76966064503,10.3056071881147
-24.5946224586878,159.670520981323,-92.5110826280983,-90.8372995400714,-6.47277459540055,8.41341797765926,292.39294105029,12.2014814614668
87.0194157810547,81.555556707327,-66.6064431066097,-101.934091077652,-3.9467317496601,2.80080576019463,-452.043736798987,4.37000554682163
-56.8952346517526,147.453123523908,-57.965830109024,-183.929576942593,-6.58615194485174,1.16798187191307,714.990339146381,74.4801057121513
35.2175971039469,98.9473892502428,-76.2795381738979,-154.721147765707,-12.4111149424134,4.0921894536441,74.5781191372225,64.2051727566868
67.370584840457,150.053973935836,-115.82731336858,-40.4338215221942,-6.78886937336938,4.68315892163082,977.436021276153,-61.7262735151271
38.3297913043643,184.705128527283,-86.6446776705561,-105.321762530948,-3.05090287743951,6.38435817793652,137.400420077436,-80.7495739618244
-50.0664002028934,103.651538840219,-47.6656099069005,-172.428916343299,-4.14970804000404,5.51922172540799,567.366953751771,0.484237526354264
-53.6638182584502,101.358604361289,-38.2694831613189,-98.8655567235983,-1.69974247590289,1.76390513928345,794.978903458355,1.49772389465079
-53.9281604040007,118.810802924647,-60.9502348394308,-153.015335753582,-10.1110383611849,4.0657464552678,686.389602910262,76.7253602159581
-158.778021581238,81.5901080940603,-49.4326697932556,-83.4586905278702,-4.42371795845247,5.46216647513211,1208.09694459857,89.4990725131793
-39.8746364889375,102.836435791076,-53.057501946183,-80.0748925100488,-7.74705234341673,5.52764697770181,909.779630555306,-9.97017582542321
12.3470021768007,110.035645029271,-67.6978191283233,-145.92122919597,-5.21342637385533,4.43727218164713,526.922712679661,-23.71653636872
-97.1873504064715,191.402174246417,-54.1705246462334,-251.255161310139,-14.6929902585034,8.61194847458455,946.304306502658,99.2279517721454
26.1160004306075,126.087724856843,-63.5666849951813,-182.288970012054,-4.71367309664492,3.28542586939875,276.758512258741,-8.27577989565179
-16.9587373229151,174.623086671552,-86.1186961690637,-192.316441307732,-10.0037250775058,6.5221588557979,944.086797991808,1.66144875815735
-170.534322755906,65.2013893860785,-16.9156803812075,-21.1958841769301,-6.02487853892308,6.98038574613747,426.68959840382,112.021197574591
-128.098676697671,14.9605368597404,-59.2500079709571,1.72858345429995,3.84173447516514,4.94982483446074,557.646986804029,27.0383300282701
107.769262970847,174.039526642824,-88.3602750198479,-189.099279122514,-14.2120005290926,5.40510747914959,26.4433377902724,-25.6810197374016
-74.6153339376287,138.310891919507,-74.1103292913203,-123.613345108344,-2.69038736959919,4.32288234931184,1340.56342561332,8.47872238721902
-110.431707241172,167.913213538413,-51.8169056137704,-187.046342704351,-10.9296051820857,5.23543752371188,1158.01133471017,81.4399395197834
94.1938953667559,64.7684255602362,-93.1233965083666,-47.3922299619589,-6.88285746488782,3.71964020723681,103.533455526383,-27.2359283021651
-58.0824863711314,110.868520216722,-41.3703388068752,-63.9043146501147,-2.31631753321562,5.56211565972262,518.267792169037,38.0649221584754
-200.24969284235,115.711228570028,-30.0440355743485,-120.068325812162,-10.249606451056,1.81522289897475,860.322942736471,186.681265756641
26.2423427927715,118.342717106541,-62.0070236541305,-105.039844520215,-8.59843902343709,3.42488569370835,78.6446804722218,48.6631243579177
-13.7845019245178,59.1922224478185,-66.9522365290031,-146.813493931179,-5.96037755493307,5.14779845716112,628.800343417264,23.5910305886209
-88.8207094601676,178.677692819212,-34.9731352663948,-139.483770054284,-1.86404473151197,1.65694987364986,326.081061837438,19.684948659924
-57.5223093263339,89.5962294531564,-32.5388046030321,-105.452554979189,-8.92543576620665,7.26407144627592,789.178776628833,-14.1197848107695
-9.96367050630215,54.9390762125404,-32.994288416824,-95.0553980491968,-7.55090554543813,4.42689642946061,194.218042675697,18.6923608329816
-176.604018716709,145.248072043847,-45.7116349592179,-234.050530339475,-4.04444281656288,6.6852973869245,673.983228310259,75.0005462034242
-38.1303253905935,120.659289918847,-71.8943698582589,-146.640710143918,-12.5241646458162,9.2703741484147,290.532935932813,53.420575569442
-40.6487185407168,126.929997625695,-87.7531994640703,-209.055466945778,4.51980321354131,5.81400748759916,946.617217159917,-51.2608625405846
-40.1441356540745,49.1144964914274,-48.8532347916334,-32.5737945667406,-9.45445431502594,6.83375560577406,376.077089243801,56.7417809923663
-48.7017925133405,80.6981353087158,-48.6668660103605,-5.69641726323971,-3.49590757499391,1.63477211394638,-255.499248487587,71.3427216088749
-17.1525002335402,148.754013927071,-57.6258446163847,-149.582149256545,1.59068754210966,5.95625217043562,141.848974421489,-10.4271006393756
-127.536413402646,89.258732466842,-39.0093703109378,-131.856020975531,4.64410156867234,6.07312955232874,225.162522278246,24.2438115728728
46.6532407453997,78.4636109240237,-80.1801373167546,-63.0133971689211,-9.53390680297252,4.29487658863218,496.45295652542,0.93333819496911
-165.515413799585,81.6573489024304,-25.6229899735772,-75.9586726492271,-5.65093885899114,11.623565550713,833.217075662251,27.2462457209513
-59.8761286608296,139.486264871462,-68.6947553844875,-43.3831881204533,-9.4223131224644,9.24464320087282,168.758601653921,19.7213562643155
-230.530641522259,85.9412417163549,-38.2005949134546,-140.717412046613,4.47675030429673,7.66984373962623,791.726416417878,-17.4924256719169
4.35657914041076,46.8034933803137,-75.804340581788,-54.9167407784025,-4.1075446314062,6.36477970248961,135.73430229014,-28.6518362756169
-183.951895216902,118.960037381104,-21.0118752846538,-18.3901842954801,-0.194340391404694,6.18229877275735,407.455238590715,92.6049886321998
-77.4610882619381,138.791908439696,-67.2925498997138,-165.337105431165,-16.136518212792,8.37996703522367,1235.94728055636,66.2611500644998
28.7460141502961,111.556590690525,-77.9731344107277,-116.336292270804,-8.53048079308428,4.02108771086205,565.229081341633,69.9913026663453
-65.1726187559689,64.9988873813199,-38.010684363122,-70.4054141616361,-10.1893487981288,5.70113833690993,38.2770132880396,88.1087422916753
25.7812047340049,111.241625359156,-64.4136267755457,-57.7976500692894,2.744833426681,4.3658395743696,68.2206563621439,-80.3265083008009
-198.90373155462,220.03769684082,-5.0587245773786,-217.631745700812,-10.0842824330903,4.86753968754783,-157.798702853202,185.95032623125
41.5317482750543,180.807620124966,-99.6500171852531,-113.14768365569,-6.26658444224859,5.76596112891275,542.654394675315,-56.9250156417838
14.175344819545,87.8541727874544,-63.8576404264386,-108.315161607454,-5.51264917635126,5.63701044408663,134.988551825401,2.2350063189806
3.04512230624096,210.22295120894,-78.801933421335,-108.626103210001,-11.1009390733234,6.13360413681221,-171.367298789934,48.192212158785
92.510894830596,164.206968231796,-88.7865414066091,-154.215220142709,-15.2715995788021,4.18986414800747,511.844692759696,-23.5287048506361
-23.9715522898914,191.266236575393,-70.6698474594232,-153.781849983658,-11.7964226364711,3.07366575309425,320.69792344718,111.381556948036
-153.70152313188,225.921602582568,-46.1544613984879,-120.797583115091,-1.7488202448003,6.02278264700726,944.870648317265,-29.7000024901936
-70.4091766408746,90.0374697239604,-59.9487918388913,-34.4260989175164,0.10443815511826,10.4603815011942,944.932555297157,-65.3912871764887
-72.8207891564598,16.7546394525125,-58.6731722020559,-61.6753141848167,2.6917045648006,5.67081061197678,780.746984739526,0.443308021436678
-36.1995207072887,50.3840751413809,-41.8350061204546,-94.5589535045001,-4.43680141945515,6.77013460519083,575.358172197099,-11.4498622132814
-138.732466896883,126.578153323804,-38.8077418304747,-117.824281469416,3.89813366477028,4.78570180731549,721.688223433361,-49.3302534567192
-10.2047908008244,56.6772566006839,-73.7844775598278,-131.210604425629,-1.76758386808797,7.61895974323852,193.859028178937,-43.0564716216177
-253.656698579907,198.238902323588,-30.5006635975078,-165.120974347257,4.13994451690814,3.42203357313701,1233.05450567178,70.0165090572077
36.4796229982821,107.422460067828,-38.0004455285234,-170.696674906329,1.20264412408869,2.06540685986329,412.103997804435,-44.5235905495283
-140.602056496282,108.014129687159,-25.7395198204613,-75.0682481823897,11.1887213065929,3.41930711381428,757.022374445669,-10.8146866184252
-200.615365546237,106.133765486949,-43.961324754724,-167.776174135033,-1.39240760506073,3.79293321924342,490.775970708561,-53.4505383943615
51.5261060746707,182.483031307595,-60.7510781568781,-107.641382173635,29.8535970434896,-0.849887155702163,123.612422770777,-122.270646744262
-183.253170396274,135.540736079074,-35.7949085686851,-110.274284258659,4.33648223553246,4.30916468932992,498.09576898918,-22.6335252818208
15.1766474325123,119.57288919764,-55.038314584468,-100.638681890283,1.66319399534405,0.666617849245085,-38.4930015471691,-5.8462607241654
13.3251739132247,11.034637008037,-42.4529482675207,-31.2547126724967,-0.686695800974121,5.19091016059247,243.567846811173,-22.9858293203142
-60.1827209803887,85.2903494136008,-37.8865220537991,-26.7670296151337,2.3633000683476,2.68569945050695,165.152883751653,52.2404830775413
-233.296795643852,69.4309084580455,-47.7796750534035,-32.4807939033781,1.7316288789807,7.00716922803986,1211.92864694441,31.753112508115
213.298942030899,226.101581488059,-123.852680739554,-177.044712258386,-17.6303566079587,6.81776687479578,866.949915755376,-121.283533966605
-39.8599764251267,121.979264767971,-27.7406792711263,-72.8952869949208,-0.990595237039088,4.61372598452726,653.343390229216,-64.6061232292959
-106.39317226463,-13.6323012566863,-8.54051403666381,-95.5043951387925,4.60969901960198,4.76280488419798,372.485361991683,-43.1310834682772
-26.3184230464394,0.735108400120225,-39.2508813156019,-52.6865947706556,1.33284153181012,5.76081343319674,516.333994005865,13.3124769386195
-80.9074888925825,63.452621716162,-8.75228879516362,-140.77966115743,14.8605362353192,-0.209309409779962,77.8350132595224,-8.9858119385317
-239.095807551821,67.3013559488172,-12.4544198160884,-134.266287296326,2.95302434416953,6.98272210013965,379.114790931271,25.9669824722223
-201.152163423543,76.3040148693035,-35.6071239838202,-55.7603767291985,8.61395131851896,3.3136164653406,458.773865936026,-50.1792161993217
-56.4479061771708,109.115938969015,-44.3487856868778,-156.505158186857,-0.496574032644276,5.15424896716922,685.644297316925,-70.0108178912196
25.8251783400774,87.8606212414161,-35.8254267084994,-144.805663547682,-9.57606356976203,3.19433461151493,159.515859124571,-14.4031178683363
25.011936148745,78.0028921296034,-46.90835043673,-110.51115375456,-5.36011785441951,0.570376878997195,279.184846661432,-89.884389199251
-354.891464734166,122.672634795155,-11.3547388856532,-91.0066161821014,9.69671101943823,6.26105994278623,1328.62553944002,-42.9443416283175
36.3395619874209,139.022420345711,-19.9630715306084,-79.3012910353136,0.265630016881914,-1.72768489678128,37.9913790842911,166.335367555599
-157.044613320453,81.658848603096,-14.8644175382797,-116.383849777678,12.9201804378245,2.95289136373322,449.991071912147,12.1268652152794
-260.559580479196,32.2297491686477,-28.9966773886372,-46.2647196987527,-11.3712425344129,6.04065276791516,155.459004912147,104.06031280497
-146.006956074267,236.767728933031,-28.8370394537174,-221.273428679036,10.3478962547251,-0.0123025492503075,89.8401848780704,25.6308256351385
108.645856286981,69.9680114923103,-53.0114126370026,-95.4046667679359,2.00095659974613,7.58414362037001,68.6962293656543,-45.821965569412
-146.716665634274,88.0468630555988,-8.76575453862097,-71.9896597574407,13.807414651179,6.25039925224701,681.539725527167,-18.1360881430592
-350.457472144073,81.0498581867614,-47.1744931987487,-107.213128716001,20.6492056923234,-0.716433782392414,369.67423483415,-42.6827158779197
-424.184371337086,33.2821558846117,-41.1193623373983,-20.7541805518194,-0.312274616851937,3.71555353784424,238.244609318419,-54.265222361515
-302.305448591156,147.943271553086,-42.3472088704038,-149.202628284318,10.4426727666578,-0.819263736708308,-177.102381222649,36.8928301617852
-21.7963883518969,53.2096734378865,-53.5177730438982,-122.69973441687,19.1940889748403,8.45506849593949,1063.88549484224,-194.961253083864
54.3953860348447,102.405706671561,-23.575703924289,-16.4831633304093,20.0296676716061,2.8980841414741,296.461387081159,-123.670605604988
-178.070128908614,61.9164507033784,7.96382435215128,-84.6785317511312,18.6586181287421,-0.177927315962734,194.35093920723,14.0479765243945
-79.8573875798247,111.017921017803,-27.9833920194651,-207.580519858413,14.3499789350026,6.93464738019975,471.729844002673,-96.224276551482
-252.713553261943,112.959797633473,-53.2961447476409,-154.468945569603,17.8287226771936,0.410132824315951,992.127821769012,-175.43584025593
-45.9727527338696,164.292000048044,-36.5651126382727,-99.0944853730252,-10.2140591474163,1.96949416369262,-65.9462222750299,109.213229509427
-149.21453344544,104.384968469923,-43.9741094158962,-111.402650766031,1.22006029033946,0.908079487795476,248.459654591591,78.994775792642
16.334510592038,132.429478806182,-12.4909406670058,-181.570874145327,6.13020522109673,4.29942961649795,319.055466767692,-64.2886349987602
-136.165344302914,97.4271137603209,-17.8342184983776,-103.738866526764,-9.23226981889457,9.93953919553314,520.535285033664,108.060742346519
-70.7022859753961,3.40647206481663,-43.2944847948238,-93.8227001359846,6.35437146687764,6.14364538920927,318.478618720706,-2.57071768936294
-15.6598634654219,99.2751794103715,-53.5375393399881,-165.217081547366,-0.801317120054591,5.14246418238099,338.888676274895,-68.1659440408312
-114.330444141437,140.235186543287,-25.8486766600163,-85.1454346498103,5.0545286948618,4.3053788056568,837.155275693161,-33.2034090224115
-77.7531856788719,48.3386779146922,-21.4016969305885,-80.326897952611,-2.72944139507308,5.30803281147382,141.811908990407,26.3169397286556
-34.7151450879192,121.800952279515,-37.6135858764924,-116.942592845531,1.04561578198263,3.27602821950859,428.773184922858,-19.0679147253686
129.206124722914,137.446689694931,-112.395477971699,-68.0204512699383,-9.64900942330132,2.04733884933376,118.947603858498,-7.94783565956095
41.9404985355504,129.856040567698,-82.873621064733,-90.8705059713745,-7.02403013403818,3.05624281725977,411.196486532499,3.11633195000468
-20.4452827032364,111.619189905585,-68.9043434263876,-106.681561587233,-2.79846173249825,-0.665441929555527,362.142899861305,76.3903527162483
-59.5552604869299,149.818765923716,-55.5759761283989,-72.3615466485207,-6.42655009351438,5.86084236457828,698.600612717523,-14.6911039936822
-18.007224009576,172.202304109516,-84.8250037944963,-163.948106280688,-5.3179361478542,5.99065412100754,805.441030705857,-35.4470451471934
-49.5257939260591,163.600142176991,-60.0510194198869,-36.2353801295249,-3.07534764857974,7.27423725563131,244.02676487912,-9.38806795751589
-109.957774297625,124.825102968789,-39.873874098208,-174.265524222195,-12.7192781610793,7.97500218110508,864.606907898702,41.2438530389772
-74.2514406928094,217.251315369314,-68.2027210414235,-201.596967707101,-12.1942736533092,5.50766339229449,849.188422012681,60.5676670242392
51.6687762160727,113.13599795202,-96.9295918629723,-135.751178072314,-13.044750143803,8.03390792211576,396.568620825827,-30.529359434513
-94.0166211792966,151.001867741623,-70.8064633521426,-178.952733659884,3.4547784095048,4.85099119403458,238.555824413837,-21.4243646159448
-56.5921520548072,67.1355396113649,-35.8823732935416,-162.021038357958,-2.77715372631792,7.25989410693001,107.454395673267,33.4941048506826
-41.0351966373455,109.300239118238,-47.702001599595,-81.4662041931078,-7.4550717227412,7.13399592446513,366.585252318825,13.1051665161795
-56.0466577127663,123.68951217737,-33.1913328260416,-135.137123982968,-10.2865399301518,3.54430348127789,504.882358091389,72.9399110559207
-230.535059713013,192.030602482886,-61.1612777433911,-23.7651576754433,-1.36540298926411,6.89065204593226,994.741749942521,78.5881145389358
-218.276630347624,158.431484504254,-28.9927659136301,-192.843950338232,6.18135152818286,5.10209489398403,1104.42848780479,34.4475032458577
88.1827475336613,49.6281723386346,-77.1673606818003,-39.3526237668557,-9.99364666138717,6.07348687400008,463.039123527771,-79.4004785920915
-27.0897846908001,108.465365057062,-29.7809181720513,-133.710193264051,-1.77273132302435,5.53332891533501,522.05198996664,22.9766279510804
-14.2595071263859,133.638323076644,-50.7035408101626,-190.817155810757,1.6172046699503,3.99625266646763,-68.1080244731565,-14.5016394055274
-112.631143679144,127.933555239666,-39.0824068083311,-29.6943218472734,8.57388585224544,7.35152225426282,1131.2391398359,-32.2010175516152
-12.3839112902715,137.175611234095,-9.06754348185495,-159.441625011066,-9.86353023265838,4.37045132173807,774.621148697097,85.6955018289736
-308.379618362756,48.0029124247958,-39.6328935269703,-132.184753026355,14.8586433432938,5.97235709129018,1499.71673311995,-49.1529966828821
-21.7751479124854,69.6437176550025,-71.6622707475181,-91.658042747018,29.3234538318648,7.14632509952935,1293.46544243666,-200.076103202433
-209.107133256446,63.3720953170268,-48.1631215915731,-243.400319759379,0.686126862317906,2.90124516307333,568.262868512742,-99.3049199996021
-171.308040776988,124.428067506698,-38.2319361568389,-163.133536114663,-14.1408068894743,6.91702508395974,381.59313820464,-57.9506502780496
-200.945158476883,-2.06485059411716,-21.0604217939399,-56.71534099786,13.7390831965895,0.0848847884772113,-320.11353850799,-3.96287670161109
208.807745980972,141.099818741699,-47.9294087524177,-108.12969905659,17.9120464987791,4.94009533127246,828.180339520652,-153.955188929976
-57.3242368399333,113.503959598856,-56.2201562072005,-219.942580470495,-7.46722472872352,5.11754640999868,-200.24295390115,22.2119325288659
-17.9090924513148,160.003270465571,-63.3815487481188,-250.908760640334,-8.85253303430181,5.97163843311137,-266.731650657428,-4.73232880313299
-219.875975816489,96.9095799231,-52.7741765206447,-103.087423530793,6.09842473684694,-0.797680003335699,110.204686466866,-74.2138408414758
324.798463314808,72.3733354080287,-76.1314174569634,-182.775732185496,1.03996051495778,5.69909482487128,218.622790767004,-74.8760608192533
207.68052817689,71.8829776072744,-108.934588257245,-68.4199873482721,1.65545373195346,2.56453778853393,-323.766943141991,-75.3558076158042
-65.2080933109028,52.877052475189,-54.7563052213955,-162.587497389984,-3.23701702292601,7.42553175507783,800.599368987831,8.15207173777162
92.7532885720866,180.5815070151,-93.848770517041,-145.199759104507,-18.5621804403781,3.49427528923843,362.49331002016,56.0157484385709
-57.942315052187,98.0444630226193,-46.9899603291997,-212.252072212228,-19.2317728698108,9.85314727463992,562.693631840622,69.1450646177618
-50.9968151689245,108.019169540537,-41.0061478995121,-105.469490250107,-4.14009127881582,7.87928529339842,781.176938242494,-39.5056977469981
-57.8906937267166,59.2129091785901,-41.4362249769911,-60.5737530424085,-12.8300258918898,6.88780831574695,548.681184212557,78.9961467789526
-170.334089899887,89.4619904322972,-33.6958764861629,-138.865852891187,-2.05286986460123,4.59026979758346,554.559142161408,122.585606309003
-77.375891141055,176.544429996706,-45.3145014780457,-178.558319200965,0.0105753264942905,3.21216035274847,1086.89492112686,35.2419157438553
34.2199561798625,74.1454107122481,-79.8063335380284,-93.7364702892883,-5.80784711809247,5.46453671273775,395.387448480877,-5.65123083312028
27.8926017232661,103.193445843863,-44.0120876340625,-131.406228190368,-7.0897001955309,5.98308063431614,493.29128239135,-23.9925489464513
-128.186912266436,119.691972904227,-28.2188011164035,12.1528989236431,9.30063594077365,4.62880509905517,1077.26961790885,-18.634285179076
79.361361704563,81.0601882214978,-31.7779423306056,-189.177681312402,-13.2898664326349,7.47869693190273,-392.477062480932,70.180555036306
-16.0521359809188,89.6641386728443,-41.0979377859112,-162.265289092958,-5.95885290211299,3.57007254855125,414.05263540383,44.3958593998395
-7.50690831789689,121.983403377846,-27.0225661723089,-112.808120372683,-7.73977609636495,2.08306183169771,425.36618581842,34.1802484583168
-187.856515948079,75.7244943630794,-25.5203516746406,-123.353578375682,10.2660847620427,4.56014075691928,-214.808021501896,11.5182831890852
5.56298446047913,36.2184623564426,-35.365466066025,-89.0088204715721,19.9107887012069,3.88820775074419,618.018894869852,-85.5396235436492
-298.618063032613,101.694656976935,-25.4809633293262,-90.4037114224047,6.2806893524903,2.86496994172921,521.448293394293,-26.7709195320058
-370.084328003399,70.2296643871232,-10.2084534412461,-33.2033010241103,10.8645479419829,8.21702764509246,218.430150219006,-5.78376947459765
-170.545885440806,57.1874703286885,-20.4394983161765,-40.1405370356806,-1.79415853982027,6.26666493850644,532.229641527956,33.2111987704848
31.2145370763865,73.7038407464934,-73.4349832065345,-78.9768280776625,-1.13182467141814,4.74548872826563,76.2578974241042,-30.8998514104242
-44.9022846225853,128.826199396193,-81.5132672288237,-114.667665809829,-1.98336748083784,5.04220544439158,934.112075863392,-40.0578824986296
-76.6907901907543,153.424824639296,-43.9566884700835,-59.8381363777644,0.94925066650103,4.36985238658963,747.17013085424,-21.8044950925505
-67.651277281926,183.142734988032,-13.3685284906387,-184.769918932652,-0.349309509445447,7.27862698009994,263.822135160372,-20.3537145204464
-57.8023418447992,105.885651918536,-33.0049090775865,-124.413147893749,8.48193965653513,5.62697280642897,569.82154858479,-54.5302244896448
-22.0452405525721,119.739908135612,-41.9872573182656,-249.90113866588,1.75460818140709,6.28813370323041,139.957422627143,-48.362006788193
-208.013737302485,127.559191675602,-45.7659691929975,-75.8928023245535,8.35720298504748,5.79391696007406,703.116153144816,-104.093675394834
-505.006670421477,60.9581796353741,-12.7048479477817,-117.204907430933,7.56854669775475,-0.405819128805888,-189.963112210145,13.4566625539628
-192.316498809232,67.687120306,-35.4325714030419,-94.1652695732628,8.30495038300796,5.44651526176312,763.358396282289,-110.014208706765
-178.408088927856,45.682983202365,-22.8429349368234,-82.6474178765493,5.80122476030374,3.39542456448544,-235.757126373966,48.5954718343273
89.8902199619697,67.4788284026727,-69.4055399989011,-46.2689923206162,1.01370097595282,3.71213275433547,55.8614712406124,-47.8781284951256
-20.9659334497919,86.4879829457786,-48.3639448188333,-221.168200668879,0.542725361723569,3.20120263958233,451.814892136957,-67.2421273507643
138.736296995892,125.625045317247,-46.2657501155627,-130.875463942924,22.8064082849305,-1.50674015635741,400.561262804315,-134.184521494841
-165.365378003211,144.418858829129,-37.6179238107525,-206.725426078586,7.57170474715167,2.23031765111955,-17.1843187820486,-14.6177074525258
27.5826747235769,103.327971387705,-47.7749495114258,-232.668626630068,15.799668716616,1.5914642502612,-247.904661285946,-118.147842073828
-99.4835641546233,72.6043143396091,-15.8571055468783,-102.010019500623,1.57664473168552,5.79570709413383,332.174358298704,3.54334445014683
-92.2839225883945,40.2055624972927,-34.589901071864,-79.5899855235766,8.19107211766823,1.74849448662917,197.383749526627,40.2950995389983
21.3004265274067,68.5352165368895,-33.683436974894,-118.556265948951,-2.33069338798668,2.68425865302561,186.534401609904,13.8757310645015
-255.114422837214,216.862613726815,-56.9092427758733,-195.996198143788,2.76308612246703,6.57040177452654,831.758059160667,-76.0308562813152
-228.831691380969,85.0561795408412,-23.8639068858465,-118.458147901751,2.17204848356778,4.29435411703889,212.924257788924,42.2513515326427
-180.677386741485,79.371239927852,6.93472289459896,-188.855623070864,5.16055195199442,4.19821173795935,953.787626806756,64.131029417149
77.7701737314055,171.837921324768,-63.327014730894,-48.352867398411,-4.79658355176798,4.76017527903605,586.443549839438,-30.2812927723724
-155.399857982629,136.281270703796,-10.0335429084662,-194.576651051997,-0.284533889498562,6.54063810148546,105.615452950122,23.810925540587
-185.539497918508,111.253784573342,-18.8277866431163,-72.125852215162,13.7229439402872,2.2857377169239,112.61763036839,-10.3153554028395
-295.019960972186,48.9067493257317,-28.9174005364621,-107.236970563565,20.5990467855881,8.0095346897433,1372.42335490148,-105.87830354942
-48.4230644965719,7.5610449720989,-50.9260180928286,-178.348119347196,22.7484035551897,-2.87110759439747,266.46511101356,-129.130147496828
-283.276142021605,79.0542356957303,5.10423345133313,-135.701719889825,14.3102327618835,7.0507771265402,911.501128908392,-62.7006580912639
171.431279018878,91.1077025851118,-90.2651832504635,-146.266244395602,-1.12049899214617,6.41382100974442,217.962827153271,-77.3688365140115
-83.8361674096741,215.233968629975,-63.104479778267,-176.884479732478,-7.03225680771206,6.91117438325091,1032.34456671029,80.6984216900673
-100.118479415658,155.581368151174,-74.3443732786691,-85.0007823154519,-1.00036849910975,3.3669315924999,424.548433587152,33.3782526651921
-196.631412322837,48.4697731947599,-64.9737521120405,-121.61589017915,5.53370201047801,4.16634536640777,803.465852584777,-138.850558749851
-49.9766492063645,139.623078152239,-48.2104522892114,-154.088573393688,-5.53071430075215,4.81138520377863,681.029483109902,-89.6780076793475
-126.667611267125,43.5468095279575,-8.82975486159557,-48.3839907994843,10.5159092707399,7.64232128144795,727.420804632617,-42.1911071187496
-189.734157704705,44.3811221240321,-14.2364342118744,-32.5531565792335,10.5017952652779,6.28194470737071,334.620783729726,-37.2328022035217
-80.6484180806947,124.304176696984,-34.2139582710915,-144.001937763096,-1.07958068492007,5.25513746321667,647.363245646986,-3.62943919344571
-91.2500795661908,119.171497673287,-35.7428400965327,-92.7409260027052,10.35873702752,1.26907515559515,290.085255591272,-75.206986615085
-170.486916649563,94.4882953403212,-8.56030359740089,-46.448391817954,27.4103048211837,1.90087603565189,357.360469488514,-87.3762920885183
195.576311771424,112.775018297252,6.3012195614865,-67.6960240280023,4.68142876031925,6.90650181727688,39.6656090977776,58.3843288667849
151.364139896461,160.29321549816,-35.0536479297589,-189.643643319303,12.4624591682114,2.12395769212981,573.960689964108,60.6975492160127
-235.106203500647,206.229096077892,-18.4004510560189,-146.957851575949,-8.73164563102546,8.60507577879616,789.937309861401,-65.9125629437258
104.071756995265,101.113633146,-76.0680875201942,-149.53894728655,-1.43774580095487,4.28667815824156,134.764054094587,-44.3564544566034
-116.705171254936,107.899561153459,-37.6021869014075,-173.916329353116,0.387752552283928,3.17303825674026,-526.821477297824,-25.8374968143617
265.865636654227,130.223713885673,-50.18544311609,-191.997624305546,20.8854261795786,1.14400256125373,-1192.0823746261,-59.3019490581864
-617.105712739656,64.4656821618337,9.00276456134452,-31.4147473028861,15.8401253927877,1.20293802654669,1141.81239854405,24.0036498632835
-239.078861940507,131.713734298067,-8.750443674493,-146.089757032911,6.23491652854136,4.86740796444064,824.994720233117,52.5575475914229
-102.059823165881,110.971984175718,-36.6905603852902,-162.575399413443,-9.61900731589412,11.7212872625169,751.028219922286,28.2116976133548
212.328529882478,110.36996031343,-80.9695205205062,-62.7846418462577,-14.4351963533627,2.6433071102947,-135.723703415773,-30.0349346721196
-30.6288685537584,47.0535346321858,-53.5803827632044,-151.244973064269,-3.70880600379314,6.25738456696854,208.234819165301,46.1341380744489
-159.707598379639,59.4805176918344,-36.9395426379779,-145.486913677567,10.1890602103522,4.50720107533198,571.863794843055,10.8545195648621
-61.629579886423,138.480371563972,-51.4922656030394,-81.5716414802737,-6.29366824938916,5.69725076228497,1106.70565110599,-16.6735685940293
-174.313923930633,27.6463598828591,-30.1830453443181,-90.0458073503687,-1.95177199103637,7.50730083503731,1010.86160410914,-52.2701621626184
-178.527847774509,86.2190894261003,-62.3775426916109,-135.731210258455,6.90994335348478,2.67944915941916,92.5926134904003,-102.248334593547
-128.780633582341,116.529588945879,-31.0774375489564,-96.810415874279,-9.23855623378768,7.2209857580674,534.980090979749,42.8593326731207
-64.8181464810186,151.943349088673,-36.7207334383857,-160.128382689145,-11.5410555438721,7.35978064317896,588.291283917788,54.266616540117
69.6802679710963,77.2715460346299,-82.2337345665983,-122.945931980328,1.40809281729162,2.50806144369562,421.095209310035,-35.0404015744134
60.6284330453491,71.6101962387329,-63.0319106528477,-91.6696545367304,3.81602623962681,3.64619872310141,-203.482751924457,-42.1659941545222
-3.13426251199417,116.864631015385,-51.6121718343929,-65.6332675878311,-3.23091563783237,4.11585194495274,235.422256346341,-74.9630249249385
33.040773540255,35.0220726242114,-64.8334235112852,-67.5215635954348,-1.13626849596039,5.22219801519532,387.21728075693,-24.2012527815677
-29.3103576422727,67.6561073656976,-19.3164913099899,-76.838839314154,2.50629031258723,5.46940828353399,492.554445391459,-30.7789560296515
-59.3320418556323,51.832341166787,-33.002095927146,-85.9651134951546,12.6262291310704,3.81612120391219,829.676182091323,-80.1650767392421
-69.9664411965787,173.934582701193,-32.5783312305575,-44.1235595601102,-0.248760260044946,1.73340637117508,57.1151637807488,16.8683952647552
-173.688078796353,134.767775957327,-45.083485163108,-39.0514590870007,0.527495692680532,0.372006905759918,1211.28873038498,131.492029962545
18.1260148019537,112.363707068725,-90.5401904873434,-86.0860367306741,8.15148835600121,2.29807459699805,452.7192079573,-113.103890597893
-26.8354907349858,203.901481035165,-60.2885389699077,-110.814588138929,15.8926613463555,1.04009944168502,936.481304267414,-98.978896830231
-48.2685163521164,69.4893329423285,-33.4924761470247,-60.8911108639004,3.49350899161072,3.94017134225578,440.723010940652,-6.71043850772548
-174.479986750994,78.4786908453098,-4.77643460574473,-112.388064219922,9.78678254621627,2.80857047802419,33.6459577659043,19.5564058396703
-53.4933583641396,102.518887842176,-50.7136190394522,-202.838970233133,0.0163668602399412,1.63818516586616,386.954057245479,-15.7665715463627
-59.7453866834403,89.6708686401107,-30.5186892244601,-87.5854620542395,-5.23577121707785,5.59598584984633,230.215500135313,37.724650933611
-24.2044199343291,82.6391254977498,-54.5750646895613,-76.9008032337006,-7.59373214485052,5.39616445176216,491.451642793145,-10.7325208973634
-34.7768345205259,67.1539974140178,-36.6573838967743,-44.5244555132995,-0.842076938653918,4.96747899900947,492.201230032078,-42.5842314303154
-77.6190521234821,120.57571014842,-24.1331848814734,-201.909766711935,7.32012082097935,6.82191382003657,369.827921732031,-92.5506404365451
-189.60333287876,180.467163612135,-18.3646285858849,-186.354536462633,-1.18479423349345,3.69357307275641,994.156018685722,9.07327758149768
105.859188530332,65.8121830205782,-59.9706319108664,-97.002500124152,-6.65010699691629,4.07349427010558,157.650316002822,-30.1671298702604
25.3734335432873,62.7735807040153,-37.901591217058,-93.5890596217387,-0.568092447414529,2.85143956530374,154.150665664871,-42.4220597512031
103.861396159636,64.1885647016461,-37.9209793334594,-84.5526328243577,-1.96157131521613,2.93988653668202,-240.64051423817,-26.7907260165302
-191.670105525889,61.5331432986422,-16.0757161752263,-74.363951294974,4.23842946597142,3.4668714576037,361.97398861713,-4.34339240798727
-192.069126771254,75.3902874017708,-17.2992041027101,-69.8619628390006,3.33786533599778,3.67727027056344,387.188202718957,11.4127981319398
1.52385878862333,8.00815479922312,-46.3513697350427,-8.98914125149895,5.46348213149759,6.22377032146323,582.177344290685,-18.3310113542248
-103.492328403801,110.726230823464,-59.9617469688965,-125.45521630469,2.44701876848558,1.75848386970915,668.687918221985,-65.6193704230973
-46.9915378300138,175.664754609097,-54.6742977624235,-247.047939412179,-6.67862788910861,6.37994642420381,663.476218855605,63.6241555461766
-63.5271676005505,145.823248042019,-79.4602984398662,-111.219598878575,-6.09982134247548,4.06716404171311,421.779762900347,-33.8149119749578
-35.7102576864709,133.519428082218,-61.5510653155507,-126.107683626527,8.71885023992945,1.44854938240314,557.096436807667,2.58033371822239
142.086874918808,98.8567819938035,2.12906412058874,-46.8964249424698,30.0773476327449,2.20331051696121,1057.64137434446,-77.233904678229
-415.249095946499,128.034779838388,-35.3113279975369,-102.869376057948,11.5910972218335,6.07732010725886,1798.20269903219,-18.0030197760498
-54.3491820770359,185.726931570185,-19.3670818690734,-147.632426612865,4.71624714386417,0.616770655280561,-605.152751703201,102.440766173822
-63.0044955490885,97.0643945327756,-28.9083055911324,-140.445885636473,15.5831069595806,2.29499846103499,731.142367553141,-98.6830393877317
-195.923909904079,148.929311175641,-12.6375681318314,-205.928387698979,22.6553291267774,5.06112580175977,616.965209349548,-20.172055723262
-256.45942438225,172.955524689809,-25.57228305022,-236.08978032909,4.50585527109797,5.19592033210938,361.524810899748,-8.35629462040379
-120.953670131232,133.9860512632,-45.8359933326719,-131.2971865121,0.720405434462009,3.29424139014736,253.351682171269,-2.42240045121071
-47.6178107416199,93.4608846224146,-38.8849746070046,-98.1776585644984,9.77884208871546,2.35911722806122,-128.349581619099,-78.336936585918
-103.018747778013,104.228778864956,-55.5732611188723,-79.9763692291872,0.982771128224158,5.31548162681793,223.567909553301,30.3835815130824
73.0477246364317,190.539354285269,-64.8420693165681,-205.836098734289,-2.16454395104665,3.71271928741407,227.748012716365,41.3596983331227
-158.672299225771,135.478661064175,-25.869388751642,-133.214977983298,2.09083138936421,2.12483766291552,1498.4399302288,49.2079038226948
3.76155597560864,-16.5795251424279,-21.9516411513032,69.6089720453174,12.3320397739444,5.50783985900489,665.223250125942,-105.860135237483
9.10430413926952,109.262279563496,-80.190883031406,-186.070223643881,13.5210245147464,3.24526975752087,1337.06788192303,-142.242998917325
13.3050265447237,101.2483533747,-53.6231607815353,-39.687185609102,-4.76376533645089,5.0320328016096,-810.600133475775,6.86312277035904
-116.610088765738,94.3146239341004,-47.6687548406335,-93.8994724469185,-1.95889718001126,0.188166667954647,727.965381546353,29.2887013911823
-69.6340356306391,97.3788285012342,-47.7556838639648,-123.151801760454,1.13832101029402,3.03072533065279,182.870270815089,-14.3977686979978
69.0527438560639,33.4315920878144,-67.7882589766086,-130.611644531571,10.1105748877017,3.30624865856953,-99.9652404886583,-87.6937303228997
-312.62261642766,129.487477919756,-5.97365478685242,-188.374939643138,5.64095288560458,4.2334782015314,1342.02434387487,0.296057130515692
-88.4286853965168,76.8824485219957,-33.5551310029277,-189.570355281787,4.99647692271537,3.58191681595781,252.347791884178,-25.0231890033756
-106.111012153575,94.3378244639316,-25.2831106287776,-112.197535920743,8.95301021329942,0.54143114159524,219.152273931715,25.2507910496061
-15.6099021100381,86.3070983529906,-40.9948747103772,-96.6070323638705,15.705280872804,-2.8207700432431,750.827953997592,15.2903029280715
-44.2416288054737,134.841318257114,-37.7718090879789,-182.690661339366,9.69010714097294,2.3065831039421,1129.80108163069,-102.800028523838
-30.9988140593705,86.3033357444438,-66.3995197814293,-44.0629917412443,2.13129314695834,5.67831899032171,707.153359219142,16.5073407552845
41.8049367330823,105.253308992125,-80.072256500076,-97.897356336658,11.6853911297294,3.58944537624484,455.918113940344,-120.075729508841
-37.8326247176446,34.8504806493002,-78.112096666795,-47.7582913746301,5.8740883365499,5.75644207713776,966.412881871744,-90.6379276189618
-15.4281060041976,155.924839153828,-48.3361822217703,-156.216728985019,5.0046222947276,1.06576582597336,794.549711220752,5.0194993013065
-176.468407324399,96.0288478902803,-27.9559131035057,-120.261766810901,9.86293171663419,2.22279719545986,501.30391019558,-67.7753430082666
-428.125418735015,84.3198060178547,-2.43063882253045,-139.986812097646,7.96522778681538,4.19359252713912,430.946332429477,-11.689183501243
112.401009544803,69.7570648558067,-90.487064835128,-110.737504525263,4.99945909058442,1.56505456574686,85.1044484198937,-19.5710542005836
-147.019932588199,39.2148084713554,-51.5722415714845,-44.4504400307596,5.92670262341562,6.18000779260183,-320.91789220288,-16.6428526018408
-105.670348361498,158.10259076982,-21.343472484732,-272.624489712616,5.69054723528097,3.53135344446491,68.7198597347015,-51.6130933058957
159.496027712914,60.7046382785193,-55.7533250114229,-35.0432452035629,5.08178387519729,3.99219111345883,692.360400086007,-107.135869424994
-18.6387167147768,64.8231200302835,-58.2619355344214,-64.3076455569826,-17.3017337928468,9.21050170008675,313.444670796773,12.3597472942929
-86.9023500912299,75.0618190208697,-33.8380798183098,-52.9384292211907,-0.636828072747448,6.70183369780716,279.907812091755,-3.5073900092757
-117.882911725639,141.513127610146,-20.4034373252798,-122.468069209179,-8.36258678096237,5.45211559045129,392.320461974377,20.3119367754989
3.2863650860927,145.03617168287,-84.7423781013686,-186.413047641385,3.99116757576121,7.13751079936628,196.422931868081,-73.5408348556084
-110.693250623623,120.476806991908,-37.6665583685972,-145.928436196991,-5.92582365001726,0.81328229981591,362.436421696977,84.5804897697017
-155.213881522308,90.4466980748548,-29.367594002746,-90.5602935082716,-2.92396757064853,3.20489577817079,522.038586002796,92.1655823839974
-179.530065117433,130.803087509034,-23.3047134198132,-104.502251760321,-0.82826272874081,7.69490261551255,714.811397957928,-0.410906270193664
113.83253847553,101.85700022415,-64.3925262790872,-91.1114905198265,-9.18173796453266,-1.25205122551779,116.985580238135,5.18289641481533
-59.7397124592026,117.103357306711,-69.1808033309499,-51.7129742472862,-3.72891193120449,5.46690677227161,529.387547531776,19.1879312235687
-88.0688189197244,126.386152742365,-46.8197052984324,-92.8790570017809,-11.0463289638574,9.09196853531466,689.05156463306,-9.73639107777853
-192.774376847068,138.056070051229,-38.4955988572074,-66.4333643209575,13.6001460112748,6.7392756028421,1000.05576338125,-102.40479152952
-102.031855513829,98.5904188500426,-43.0812553058131,-184.423826826562,1.391536766645,4.63168462330941,761.696090260113,-1.01315906242235
-32.7878253098024,142.236991587881,-49.1800378326734,-169.703717270575,0.839046883163974,3.21562633712892,485.724231958928,-37.5862259644055
-171.835030493115,71.1596038365533,-68.6201108672321,-20.2491198783391,-2.14739939988795,4.58664211020732,771.296699956743,-16.396182919314
68.7477911653245,34.9323372915096,-80.0739934407611,-30.8041893870468,3.01897402794566,8.14665872897604,562.462918415113,-99.353683857189
-29.5104847801849,32.7837841255387,-55.9075859685181,-39.7197597273043,0.100947355094831,6.30976124634799,801.016000498093,-74.7674839198517
-7.52284195680113,68.2618026346463,-32.9385014865111,-69.1907856861217,-5.68410213433526,4.45921758114127,324.193304849839,2.84159939136589
80.4355705084236,113.195354497315,-54.3823673437873,-102.526494542399,-0.64004227413534,4.97742551016563,788.549681724689,-92.0029958561718
-171.70419533379,72.9963571373519,-52.8916106761535,-44.3105389987304,14.0587512593193,4.3989452236674,20.2395054018416,-68.6249892810592
-41.0286445721504,10.3238759920787,-20.6417480721575,-45.6069702411132,21.2635372941586,2.24982899687893,275.288791399988,-117.190125849203
-137.697056597601,58.8933455895167,-49.5226528847124,-151.281017302921,3.1464617694146,4.43034428462852,494.585298774575,-20.974107564587
-81.2341605681941,-56.639120097374,-62.8017636541845,-77.0553710263048,13.4085889241833,3.61999845996615,473.44293015718,-108.64276190105
-472.825123326344,68.7461222352977,-32.4909413610912,-95.7791310590837,-4.71833068496198,7.06979501852766,464.92955781224,34.8990195878578
-279.332445738517,73.0775270073646,9.02764150195435,-55.3861042067438,17.502148484753,5.76683072532569,1654.98006499213,-82.3884492539255
-172.255660374976,113.859208832127,-26.5953026443894,-74.1532683128025,11.3625618345104,2.81998286272574,661.087457566509,-146.565566901263
-54.6806492571486,33.6781074660539,-39.2315317901375,-103.620552780936,12.6530333991468,4.22014819766628,531.239516915331,-30.608674102099
-211.248704177927,35.575954954511,-0.704662080584967,-106.803185721685,1.71551618639205,1.32093452752451,648.395010167544,-13.7946735297774
-112.061623582471,170.424553180608,-46.8864510203457,-54.8157226377152,-8.43828351676348,7.67482019226009,697.793724467258,25.7073892232656
-24.1934618845953,75.654089323245,-34.3940556536691,-128.208094760179,4.63684112234796,4.64528799623076,420.607763219276,-86.3836471316317
70.8808195447818,59.6761208950775,-34.7359509205944,-197.008159631077,11.3605181534804,2.868277628746,-149.025067824754,-120.275441691832
-64.5977610996342,78.4261058096599,-73.5162192573043,-90.2007954719679,14.4256687323214,4.5649941467265,-183.899794270972,-138.988900028431
62.195655925334,152.874681808462,-71.5550419229839,-160.513397884788,-2.10618538670678,4.33083272405202,203.160334136919,-76.5287403637403
56.8460745962075,0.386176371401234,-70.0939443567331,-121.442827041028,-1.78898667654721,8.28112174970011,1012.16604664415,-56.6184346199079
-42.739022842281,100.931276694002,-59.7777522148801,-174.94587002301,0.698872888795449,6.17987193376757,136.850880088226,9.67341365212633
-108.138820792112,131.302465613495,-72.1519781927782,-154.677179278719,2.17420962832693,5.70614166732412,333.866379127416,-99.2588495405616
-802.716722329467,81.6043549825554,20.3036881029475,-218.850835799851,18.0255546356493,1.59208444944306,-79.2527559163354,107.247298139933
-155.870331472179,134.589249221724,-10.7138682576624,-111.978344914503,-5.95996755473607,6.39696335954795,377.536544912284,-90.8418309564847
-47.1580910577031,108.799241181172,-52.824687342043,-160.718734212569,2.8850074771326,3.13365974045155,660.006428452001,-16.6604768683464
30.9921156442761,23.510726951934,-61.7346064371523,-121.388185818834,6.146530546961,3.84791067732294,241.585122144854,-42.7852043993844
-137.359499015038,-54.1287082843037,-18.6820349986847,-62.0561324043229,6.94034737195761,3.25606992840767,-356.724525083511,1.38805949420203
-92.1405905384181,90.8281101753901,-67.7861653286818,-145.343876260158,8.40422975079855,3.26333548851244,798.245642960144,-51.9830453180904
-55.4608877896098,68.728550973392,-52.955021331094,-93.9814628660824,6.67788396246033,5.23390015355471,329.066381088778,-87.5828940808715
-236.206582148152,79.9631325427035,-33.5732386719756,-130.926778236841,17.4274165638344,6.27713068921003,933.48353904477,-66.645564200895
15.7335429619998,88.6067615278298,-45.4772383712261,-60.4169539043723,11.209564789242,4.69437532550364,651.377957036588,-165.782927708438
67.9193314873628,141.026777824707,-54.0344751771772,-140.213655647958,-1.10066472191829,1.38112626233487,269.696220227983,-60.2734244614112
-159.054747219863,41.4959719253384,-25.6960615333701,-81.2323307353072,-8.89492766716285,6.88654271372798,778.903162711213,54.7514739699618
-131.998616862616,60.4229827210293,-59.3280888868176,-11.2387483255879,-9.61967562773498,8.58458349813009,526.550019340932,56.3983669881127
18.9326611540127,172.701492589331,-61.2799736999877,-242.355583900673,-9.83506939338986,2.49283486815693,810.958111234453,24.2148405933985
-276.888842775108,87.4207263481221,-38.0847366959933,-111.190878916539,4.34023719961988,7.13099447511195,489.6066926735,-2.21932162965822
-200.554432030185,128.630989436286,-32.3212764082782,-185.207630970726,11.5771942414867,-1.06887078391446,169.492352183806,-29.320287958777
-44.6216811216727,123.154410245061,-49.8454518566286,-173.196869711654,-0.987577881314792,2.85519142940029,598.162700534085,19.8564277290134
133.296090073753,174.619325785658,-75.184957469115,-161.821680603724,-6.17242805948626,5.09978507359483,-34.7950776066427,-85.295815906542
-154.322537898348,111.958515852253,-45.3450276896619,-68.1451665266359,0.966967358304828,5.36957129561779,202.851111929078,-31.0891931281858
-217.71188189197,109.298092807916,-63.679462111555,-120.36427836775,-2.04697456361464,7.3029624536648,914.420040219469,-29.9455813657496
63.4210196077765,149.894014911526,-18.8897628712803,-146.142803726369,17.6243229084802,2.42370442074753,532.649048917869,-81.2813745687017
112.950169557313,120.006758978474,-68.3220589321863,-96.6016124150992,6.51390639814417,1.38169908010968,658.490503717396,-114.436641551669
-47.3747467584617,22.6271344666893,-90.5781413212972,-8.6531313075393,12.3511561407931,-0.937095062399749,268.319396136547,-101.187730141937
36.8952127991361,85.0144001742592,-46.4550501644969,-60.1919268830679,-2.02699473002576,5.83581360715471,745.203421705913,-50.6735615443613
-132.083778616819,198.940571735991,-50.0325355862733,-171.710585808352,1.26995058059492,5.45435637592163,583.720153386821,-80.8355957682252
-145.651879642061,107.011105975791,-33.8635804185178,-120.200987424549,4.03944154018973,5.45519102381149,797.048263037019,-46.4179133103171
-163.843669237343,14.9061169977322,-55.8989654536635,0.672212106190273,-7.54348080859927,2.70211150314572,428.18982639398,9.85059576460503
-122.883346549454,164.361440878034,-65.9893889859086,-136.645174525067,15.8002635029261,3.16512854649045,437.524982969378,-171.362556511689
-169.107088775534,37.3916038470852,-17.0473695931869,-57.2851499251847,3.73989093839828,6.34647336188937,549.161710817505,-4.69940684380708
-90.5953230233426,42.6711703539622,-31.3232333043052,-15.0779383593326,5.71497664852359,4.90403915764909,418.157745498691,-35.1369431067906
-119.728854393579,-29.8145097348024,-23.5277876358377,-106.782813423615,9.30081942722609,3.39446368239987,40.8966372259529,-1.31627590522112
-17.7998979944823,105.156644088849,-41.947218134952,-138.771319702137,10.6878701903333,1.53554868315405,211.933492008258,-93.4897188668547
127.994317511912,209.18121240133,-79.5603358651206,-265.820183713658,-0.587469092108222,0.535583121381933,900.360523825249,-163.257273757554
-286.721305561157,204.893130225348,-38.3219603765228,-188.184887519135,7.34807346700109,-0.224417636156431,593.045287040428,12.5635991873969
-21.5941510295233,119.301570654923,-37.7813039201283,-176.829015428186,7.41403872149385,2.98732753625518,836.610736100638,-20.5015766857396
69.9168513486584,69.310551417424,-23.2272996531683,-43.3806637311354,-1.20624472534473,3.52151896219584,197.509106234429,-66.1401580938254
-100.232544229275,68.7819640982489,-29.7669845668424,-123.874745723471,2.72973025834654,1.34307371242903,-629.908899468495,-66.051992637651
-9.70194305121549,78.798616359185,-36.5888048080233,-136.460318668076,-0.57917145146348,4.56742032521288,26.9422445259688,-43.2013736329536
35.8872154363489,70.7844442047353,-37.8661088677145,-31.4345025350485,-3.45088075174135,6.82731658520788,-72.2350909538218,18.2409782068353
-197.796271332933,71.7080916231062,-31.1079764651658,-60.2833186013777,22.7081721972063,1.49873375133029,876.24211167658,-93.7465972944447
-30.0335563687404,98.2442104604488,-66.8706669256935,-87.4093479976291,2.66170381769916,4.47627382032806,574.390595735211,-89.1961958240427
-49.4048290342034,112.935401808005,-38.3077152334481,-170.578379692597,-7.27195514850609,4.0184231485182,589.114863619718,-23.5103341476643
-227.731107402098,35.3935118156696,-26.0305873777252,-68.7342321499455,8.54508567522862,-1.06374444685935,125.751586980587,19.0595426041691
-118.795255857978,80.5224763980368,-5.03798921020643,-109.966828451543,3.6627623669774,1.25854923389852,788.878717227708,-15.9644571568933
71.752497227033,135.737503401717,-56.1406008549893,-52.5053870365564,-1.93092308456653,5.11546569727943,-137.535661245623,-48.4552091133737
52.3125616808538,61.8871525140676,-45.5395352276973,-101.567286012923,-1.25236478691659,4.64354993273446,231.902753655013,-0.810729956720024
-141.695338535734,143.008187384374,-35.5784009236268,-89.2502796121407,-1.87607440574357,3.56014055984269,904.175159826817,13.0344481053471
-50.0991435238684,72.6954225886293,-54.4975228260155,-137.542503326047,3.53397091080114,7.11421598552261,251.958976330294,-58.5204776992268
-124.711047070974,122.449951022412,-67.7585226400697,-205.233682503938,15.6488439437235,4.95401283181491,367.9706602794,-100.560042766898
-196.491869110665,53.0322725555452,-19.2817675988335,-60.1325277608667,-7.26506847592827,9.75803415371774,1152.17496531646,15.8404763811996
-37.7715554031602,162.742274492022,-43.4262076696323,-247.884157682405,-5.15274515713099,5.91742598822748,532.161241281856,-44.4763532383658
-16.9949655942619,8.32681671903993,-58.4331054675276,-72.4815523429024,3.60230492536357,6.68359357028385,-107.439913435846,-105.528503041685
-46.0338780298625,78.8789575737865,-30.8713323776883,-51.6069423978806,1.62926676806819,4.4253217045225,291.737709183464,-11.9371064755833
58.3490514949517,101.20061958929,-66.8295220677101,-145.749326165373,3.5184851463564,4.47031994508689,489.159394216753,-34.0773703520827
-20.9510176173571,159.980809382263,-64.6075912836095,-177.401829238595,-9.83732758631231,4.27047855907949,631.847873626073,-42.5686727708526
-193.638622729486,84.9925614144886,-22.2073526411841,-149.19098585828,12.2393412507372,5.33745077789354,1129.20011351281,-59.5256977977551
-21.1547097455332,135.669982338956,-72.1931072722036,-122.306128011463,3.6768374844105,4.6640808803204,155.340223690233,-163.665124645988
-265.555492957341,69.6234126369673,-30.2999857122195,-21.2681781432766,6.0390651858761,4.59606862852888,1538.16467490113,59.1524567279848
53.0204639793747,181.991855275093,-40.6793421655975,-240.160705809161,5.86682412491064,1.79759206033486,320.912466007605,-56.8618425437016
-89.3218008138938,101.158537059062,-33.7570337329889,-55.7887252283399,2.78265392220055,6.85327911564673,1226.49271591382,-34.9313638753156
-62.5732759317034,98.3156510283588,-11.4506352137832,-63.1683586802174,12.3553196972061,5.6843178376439,451.807455391085,-72.8850733568397
-124.546271876112,159.161620528586,-42.7293530339084,-318.130899702795,-5.04239086861708,6.6956142722629,643.435648879327,24.9690179166064
-101.380905256039,0.386533470138602,-24.1995087692048,-21.1561642549059,4.52175554566202,6.57435814794735,732.612463848458,-5.04453953247139
-9.17655164595635,69.4879022731548,-42.8645975327217,-147.332384679758,11.3624833024187,3.57234538967168,198.158142957445,-74.8292984240979
17.4042275860847,114.737819518527,-17.1187863747109,-170.566009091053,0.8429635065404,3.46609514907323,513.931288738107,61.6499458516919
1.47730028309888,82.1071879752853,-68.5099087034614,-136.596827258072,-0.612046383932466,5.09709199868666,889.549329684407,-42.4793779194697
62.7330019051951,111.21716063832,-94.0252926844041,-187.215486228146,-4.6118497060088,8.91461330979655,470.125818868028,-120.89862985404
-72.0353174766819,79.9607505106542,-57.4693133742057,-42.2639120400008,1.3492393627821,5.40741122789223,1074.283901938,-56.2000468322803
-112.506746343512,175.204588289533,-41.1694662412337,-64.4966880982647,-5.30132267772206,6.25416128183861,435.251125234392,93.4308049270185
-27.1731821095018,90.3943440483054,-58.8822011778684,-168.103827584739,-9.52652629389195,5.64020394181716,503.173605069926,30.5320924234547
-211.062535505209,31.5939965648868,-25.740067181323,-130.516388104006,13.0958988761486,2.72489621384238,876.172076830859,31.2062727028097
-309.439609435125,47.3224764662737,-8.80326628296461,-110.050915169631,3.59870125156158,7.39517146763683,1129.99599297404,70.0973068762578
37.8700204782654,110.367930153036,-25.9153401379117,-122.953047217365,10.540979136641,3.91335068900662,379.41130933621,-63.5582389987612
-123.408508457965,83.158354654086,-50.9859707416508,-67.5534179139504,7.97609640115115,3.532631667651,364.015416081093,-181.004213560682
-462.595518587368,105.647800594614,2.40835399906791,-50.5649190783297,7.77047818094798,3.40751052925771,1293.27020124957,47.2161954400653
59.9447139845288,98.1738817600963,-11.9244838602317,-182.715404991672,4.37290555341315,6.21488868987944,343.260351026198,-40.3296363296686
-44.6216925698463,104.090240437043,-56.8243326079391,-41.2615538546961,10.980621949886,1.17280504474911,-32.2827459405453,-92.9808111130842
-37.7382978980895,65.7118605834112,-39.1699230578379,-42.4031825867933,10.5707493409725,1.33238366001751,-271.690122648171,3.34448986419011
-177.541355115063,18.5855391701625,-12.4902325844741,-69.3526401756308,21.5010778369033,1.97180206445046,298.386358079006,-69.0388613192699
-41.4034624450433,32.9554822077771,-23.3944033273474,-63.0047894198506,7.35216144652804,3.78639673373982,773.729085376108,-68.979448146576
-124.189202423993,61.1683089343496,-28.3368998734077,-29.237949228067,-0.568049538953346,6.37416700328504,457.749717481849,-37.9974839881761
-107.461634377267,103.202391590967,-35.7239559306181,-93.9952478093037,8.79771940194769,5.31659362358482,365.951867639582,-89.7499635119893
-183.551342340899,127.847166205189,-39.1781674835074,-184.367544278502,-4.72818369555898,3.03466297220439,317.793503947469,77.9624269954729
-195.417922007357,99.4660803845036,-3.53225921047851,-130.533715005004,22.0798274212043,2.97664114780491,974.084244548969,-62.221737458196
-48.1683857122262,79.8005984051197,-22.8542163290986,-74.4230476994417,15.7474903797556,7.45505090217921,606.428472666903,-124.222514880923
-441.185571306676,-4.9324516966044,-30.5323846607353,-142.441762462302,17.0884997509856,3.76803638602132,2204.23533014107,-97.4987675990124
-214.0099675651,101.710667502339,-19.4662708869728,-87.7057767673359,13.7464423975125,4.43884178210283,649.947100275414,-19.9767113398339
-212.725037065342,22.6136733895401,-26.8643226070708,-75.0684572877726,2.36851568127167,7.9019300052787,821.981621216051,-18.2449662008876
42.1668841718056,88.2081380122254,-96.0026089108869,-94.3693405396771,-2.97922178649787,7.6071278094314,990.057713206868,-133.605427844072
-156.564128823986,86.6568708378472,-37.0463504369254,-104.360807629026,0.250589625124121,4.88554584333906,1034.3107829997,10.111935674915
-162.962723646509,25.063029871164,-1.88937342684221,-23.075643772012,11.9765444315708,3.43293533442193,411.146826514887,-4.14391433939454
-7.58270659248228,140.404547977229,-41.4827418583591,-155.910222383471,-3.72491188722051,5.21400592665304,201.432313326441,-41.9148174743605
-120.454398506967,127.137529395462,-29.3685902950238,-67.2772057452967,7.78318949745881,2.62964772798296,577.959438790604,-26.5789801559149
84.0479409577529,51.7509803001303,-71.1165922877481,-174.095614474922,-10.9926085505826,1.86621034159907,-125.063563007065,96.3417516320333
-50.8581573198317,134.075428972005,-66.5224620127119,-70.6931901268472,1.98746087316249,6.51885998565376,258.389103415917,-48.9104817920452
-11.1598324764345,100.495390417957,-73.2769051016294,-20.6629124831379,-10.5756611563265,8.61987321882771,414.020260276884,6.62537609639548
-66.6805987017869,108.417518064452,-37.658541092524,-147.58501835246,-12.7036751839332,7.17775787622668,506.282865421308,59.7208034570795
-144.297714611675,134.527290100596,-17.9845780126197,-98.2824155963608,-10.147723580405,7.38464335279423,474.397311964072,72.1625083823019
5.28274842476822,156.79008960443,-55.5384284803222,-141.851128695547,7.10774610631051,2.01872401502987,148.68595496472,-59.9443892303279
-57.17670349322,86.5645749080722,-32.6809118944948,-131.804104043338,1.39669861832954,5.36582165359869,307.160386009255,-64.7400983540138
0.385127207111509,49.7171859337641,-61.8373886807458,-110.769658767948,-0.626894196117064,8.84015553360223,750.084355745537,-111.315826901184
-39.322245489313,107.361840626731,-26.4503117986624,-123.060603393809,-0.582103849228588,2.34173267711594,346.129239150876,27.1104739472503
-15.4167399697253,14.0048895851378,-29.1532805448805,-44.4466227228404,-0.398067092530255,5.60252976014453,341.211062385206,-34.9923174907708
40.045601052203,109.509030446134,-67.4514028016274,-137.586181532301,0.408070630579459,3.72353325768199,518.634447879973,-83.3548609763093
15.1741101114312,0.0394600928702857,-76.0552061567723,0.489390937771532,-8.12153313384624,4.73348106646154,450.548680063395,-1.59451195255679
-102.097936316808,32.5907293846249,-35.245071576639,20.7684683941079,3.34689104627068,3.57431723947957,-49.7480938707668,73.4952757941996
133.105123412563,235.901405292665,-116.071770024158,-202.247398376478,-4.52393837251293,6.2821351740713,-268.808190302254,-134.422974323432
-26.4932972884853,48.026604175262,-79.9462337226287,-74.5966270121726,-0.845764517798671,8.37871850433294,294.389049922549,-29.1034585807938
-0.510724595893407,117.198211666837,-69.4893856021226,-108.29189413118,-4.66947544197319,4.32946402074595,235.350968837549,23.1168959634961
3.65755168034229,99.5394263497728,-54.8754933762124,-114.82597250017,-11.1407401475444,4.16326620797918,241.597403630207,45.5257564592175
-97.0299714147259,88.9624391951947,-46.6755288342756,-121.593852640661,-2.67917836741071,6.62827601189747,1076.04896758907,-13.2693325454748
-180.823455369522,142.734794062213,-38.6790083846499,-106.398152898139,0.475806610303607,3.86767642619088,413.026222324057,71.850365651524
-37.9716123336984,161.080298907997,-74.6465852856491,-228.558380273818,-15.4939067691157,9.32357419373875,567.08587834498,19.7541307343199
-207.532982311488,202.426101231234,-40.144974815601,-168.39260880457,-4.61003849518602,10.4760086245115,878.026652094559,17.2227190705744
-35.9247633863051,30.9425018147449,-76.6859444614311,-134.365499971846,-5.46167583574424,7.32655524629808,580.21965329771,5.24587606721616
-9.29690338116052,211.30328506494,-99.6225348018925,-82.6285450811483,-11.1178846647608,7.65639095881488,156.956839270432,65.3904004180222
25.4519561375419,137.284093269234,-82.0480209810048,-119.587000530577,2.39663866924093,2.67277410218776,326.542296836007,-39.9479733299668
-151.657925636187,106.329216507125,-43.1966347929774,-5.88757059499039,4.1166330494998,5.05766666975251,1058.41567042164,-5.2168275674303
4.4643884778925,91.4651252564581,-64.7318309867769,-107.217926925325,-2.64365254269796,3.5210896582721,566.890554389713,-27.2224076679995
11.6296875330736,100.451780204887,-85.8030150042759,-123.127983139129,0.0663567846204387,7.1362503147684,482.569220911912,-101.641657854936
-118.798542182114,133.088360809168,-31.0979315001969,-162.049039648678,-12.4713107460775,5.03394116524578,206.172694050983,118.120701707056
116.727717907663,99.7942762790481,-92.6597492745495,-147.044749560795,-4.69481353663286,5.88171637426422,-242.871585768822,-91.8347120107937
6.84685533949232,70.6056485820882,-54.8553164837067,-68.2231187609286,1.1818153232598,1.1948380653339,232.831796203362,-7.54082093683246
18.5025247997692,95.5092764020847,-80.4149572226888,-93.0074305294838,-15.6319981979323,5.96947070227179,665.078899697357,21.8263398155123
-74.5537014756264,194.879572002421,-81.0317556294031,-193.009923643345,-10.9152497695177,4.70067117347207,836.839221936782,26.7352355400835
110.340885576317,149.353999683313,-119.606513049104,-63.9800428931776,-16.3474254980683,5.05444015816101,-168.202795637539,81.6451795263274
-213.628258857294,94.8284052009112,-23.4025228140235,-121.041497595812,8.10643817123491,3.36898017374915,1060.92667606319,34.3699974341143
-259.821824720682,170.079434945656,-7.92141163717315,-195.217165335023,0.419795500616601,3.8111658675698,627.008203912934,85.7574900363106
-282.748116139235,100.250130322151,-2.58444517571479,-141.947789110927,12.2634575746342,5.34694948716788,915.215617622453,18.9790997029704
-37.7857879831718,131.535533579518,-65.8595486912527,-152.386026486318,-19.1045588358247,7.70299337145843,746.147480666186,116.627808026169
-120.002876510198,140.7288597593,-40.467656391018,-105.912102345574,3.30276429383366,8.36352091115259,371.909153340865,-13.8218452653819
-183.000364116131,91.3183412184007,-14.2802968162578,-137.478540958517,-11.3491197217518,6.85095387813635,1506.50446775204,58.7982064105308
-36.8977595693723,62.9287499688508,-48.9547956762981,-55.244033056777,-3.28550011277548,5.35456321958918,29.8767278529631,57.8544018987159
-172.151940421303,95.5302973713751,-25.610847754514,-6.94212602676089,-9.65029541633703,8.38705987005233,841.439654169779,43.0891950669757
-87.4461458961159,55.2514151915966,-23.8603006375051,-65.3793697113251,3.21401301541482,3.28957282390911,233.25208524381,21.2864173704293
28.6618238112451,102.662661443008,-67.0273198349605,-122.556403539464,-3.71057755290531,4.43356052257695,672.826725296924,-22.0171043526207
-144.101684290707,177.267762045085,-16.423193518247,-151.839403972874,-12.9361813674041,8.8356343200212,285.212770750603,86.3445870388095
-247.059124059539,182.590598252435,-32.8365532083844,-209.086767216097,6.29691554778037,7.82561859308043,1454.96563797818,-13.0314750329635
-111.003944807539,122.618128140777,-25.8324098585217,-115.990893198948,-11.5989954877878,5.76039120645146,419.225825671841,88.2668598057644
-41.3489158460361,74.721313261558,-46.7563215580594,-169.499879196792,-5.64648788253544,5.80765483166033,485.242296721204,27.3236876325902
-36.1413326221736,165.258313337923,-57.4729320460465,-113.578200573713,-2.42838783996194,3.56793970239232,376.199895595018,-44.877154030808
27.1577932051587,83.6899845652515,-59.7773655994679,-129.667789768529,-6.68086838400632,3.46101696272672,462.20916001877,-24.665999630437
-16.088706651135,27.4397405768686,-34.0474343982569,-46.7133859587202,-1.81263167231373,1.68688497388212,254.658231538429,-1.96614424259315
-97.440784046863,131.327473301542,-29.0021234864762,-156.84251447623,-4.82772310834844,3.50631696445635,331.868508774405,74.8603712877084
-23.6410204819877,76.7122729383773,-38.434516377034,-125.305671040463,0.132929289873573,6.00529674223071,191.345708353503,-35.2457234954345
-8.15682077260863,63.2609452589531,-45.0313114944111,-74.6778922280937,-5.72424665388098,5.77714540460147,547.68048127988,-11.5165746694402
-65.2976822655764,125.209040230529,-38.1061905774259,-166.41089884704,-8.06510845708544,7.54320755135109,118.623014838377,26.1021556867418
-4.46691958382144,91.8740099481365,-59.8718513317626,-94.2635709099122,-8.54995003261138,5.36703313391627,566.550596686928,37.6962723223623
-57.6573186750243,125.338825950559,-51.3154585948141,-128.390834715217,-2.1833251457283,6.53989765691222,736.283853887151,-29.9476618858171
-117.763515315339,153.131877384367,-38.0037175538309,-106.666177738764,-8.758104435532,4.87963937166205,1170.67346955482,-29.7966121271056
-15.4629336956787,67.8573880802596,-58.0479760403286,-103.211668000542,5.50888117062641,9.49152899771434,286.353215718875,-98.8393483241089
52.2197757386602,111.427193121723,-73.7256501872034,-107.089101622958,-3.5076854088984,5.45742084097583,-85.8599618620065,-36.7720748106367
-121.691780052723,72.882437311775,-28.6129137123935,-117.859841828153,1.32837032317184,5.18163277178246,512.914137828076,46.8350546820147
-202.649998780871,90.4497609491773,-28.3749986212279,-5.85244430121293,-6.17054087924771,8.21085444266828,1383.59277208201,11.3344962728443
-104.674430981526,62.346796767335,-25.9148439202108,-70.7365643272933,-8.01007210255193,5.13578571264952,758.555771398023,84.6514514602895
-89.9085568354058,77.5192928890101,-39.3963370096462,-85.8210531837831,-2.20848894605297,5.91116861447517,699.63771871262,-21.6493596262007
-57.0061268764257,171.322474442262,-51.364437664568,-171.016452735195,-8.03042962015024,5.15660001395736,853.374610781204,6.19024719648816
-7.18487690456823,155.353783565533,-55.6526761097575,-222.295199435248,-5.5991156863347,4.75123537207764,419.526273522351,-31.5850471161539
67.3097132481926,160.120801052835,-78.3136559978884,-191.713389070736,-15.3684871065489,6.83092861031764,743.814808611127,-10.6089942960243
-147.906888486963,170.378551036847,-63.8178221213457,82.0887478772001,-0.811436789983418,5.32260242191842,836.640698222429,16.033212365146
29.8324049202347,108.544840450728,-67.4587920330232,1.90398443986487,-4.56775471614674,3.41263366633211,148.610054733537,-34.0242663720273
-49.0414677888912,73.3525546001329,-35.4277158896875,-90.766331325467,0.442910116697263,6.34968984214356,506.702137757173,-41.729590213683
-44.6396501892864,83.0669633915895,-40.6329789604351,-59.8092080779898,-6.10302532372589,6.67445680511446,380.100805457905,17.259367617411
-16.8333434003143,107.566344096949,-64.1023916230188,-139.256303235885,-2.41532086444204,8.3008468587941,826.530937871132,-69.8011053304945
-29.9510163665909,76.6405132009677,-61.7026367972721,-87.6200370967272,-5.86228054487583,5.89951483910409,-394.730169193528,93.7639577228765
-121.715747357437,71.8667584416398,-50.8411727813946,35.0264052979765,0.482370678619191,2.25307012912526,779.800348446668,74.496846626661
-30.3015424015466,151.465369119716,-67.9236660049428,-133.832442597646,-2.71767148299841,4.81332168068911,764.260282786083,-28.5937217875471
-78.7919855665168,252.322897780512,-71.037236449818,-245.441548771138,-12.4970184747508,4.50181532118586,836.344213270819,59.1369434222215
-93.0003776764534,166.461700134667,-44.5283723074826,-158.707954448924,-0.486239208566985,4.92033953915961,184.816364254941,39.2683065634446
-214.550885069533,105.312329716995,-19.3162825958862,-81.5943494033691,-0.15832888300065,8.12380455411039,936.093484177247,63.5111595613616
49.011348506916,137.103979447755,-66.7379189787025,-108.836944938987,-9.57879968744237,4.91254315748483,389.532431376298,2.36738048952429
-34.5158585171157,79.164361510022,-39.2008815808258,-59.0537149327865,-4.95986188919051,6.1066105660575,482.057924775589,-28.1482826833089
14.0115891826863,77.5031697136583,-67.9840016876697,-36.6666484192174,-3.00548119093582,1.74757501250133,622.940621269532,-31.0896578528773
-142.273584655966,97.5523340181098,-36.1149110933984,-139.191901581151,-2.01766256427072,4.9042254799715,1197.4722055812,25.9873231835081
-8.80723883884639,128.61968598426,-34.3321000038341,-117.370568228036,-15.2214367403067,2.49270158000581,175.419355946622,98.1233373210998
-264.314339725883,161.52798150132,-16.4503933757078,-194.553209294943,0.647700841029291,3.90065133376629,1230.29604615847,89.4830297931694
-130.272322399142,123.747664734849,-51.2019952384871,-101.261905613828,-6.98084538239891,8.12789222504216,813.176982681005,48.8871662301244
66.4750226429423,55.6133520692529,-108.611797747173,-130.741179901874,-1.36888091578658,5.08646136030438,463.059337979539,-56.3108085433778
-43.6071692086989,21.6423740455648,-68.6585156369256,-179.210344794737,-5.70046206151164,6.97767796865082,1112.62184171697,-8.25065530504071
-19.4242714563152,158.016317912588,-61.7591960951686,-219.649746505776,-1.23035811608861,6.11076124015381,816.480695443446,-105.189911960588
-1.4844794190285,97.5692398220999,-53.0632777758365,-98.0049135164008,-2.83060236473102,3.19615132846229,96.7153756493353,-2.88748382644553
-139.60107605005,125.809354567667,-52.3310050398759,-32.4139804974766,-6.65647768769122,5.8386559188657,626.898526166027,80.7683679377951
1.86186166152766,178.306410313424,-75.4664132700127,-229.522130909236,-17.1948763448599,4.96592877597868,653.405749203768,34.1929672774058
-55.5146315713373,45.33762903569,-67.8345069850911,-48.6133295596956,3.73421734797739,1.20368330529891,592.82566424401,58.5426962001693
-118.022835899654,79.818433247885,-47.4091792859253,-138.586920895206,-6.75731012354299,7.70680824787996,1329.47568559238,1.40022623663754
-19.5150131231931,107.128306259758,-93.1034563490575,-107.612579420194,-6.60500775578839,11.5717031383829,1160.11121364505,-151.584833452256
-161.93237366667,29.7881524433142,-58.8870827902647,2.16237001038098,-5.4994813864032,9.43214626959525,1168.37556280307,13.0812235961785
-82.2532040760561,218.454651254746,-85.3731987615101,-165.395726673714,-3.07855866349564,5.19031576913392,562.139641356523,20.8287372914201
-151.054463688978,88.0308474860503,-36.6102105035752,-83.448574385111,2.39229707127561,4.36255315347807,404.509088393941,68.198421977726
44.9923122629116,118.532489608762,-75.6493027806864,-142.076922300723,-3.43236611432076,3.67247574309295,324.8705360981,-36.9526582790713
-8.86226406911737,116.401292305822,-81.3894913497206,-180.588964493087,9.24307637187303,4.66838851591001,230.872056692097,-16.7441807736468
76.924525510025,112.453739010307,-83.7883711403992,-63.6014277566683,-4.43484115853425,7.3711261427743,215.169367111225,-109.905220036388
149.503584473248,71.2312277105812,-75.6031642519629,-204.031459922291,-8.87002572293568,5.68917927036819,-164.552323322991,-37.8255646687612
-84.0925898206333,31.9520962132374,-49.261819162115,-113.398067613482,-11.9814228675168,5.04832544567762,59.0856440835196,116.090904187
11.2142682801205,142.325391692439,-90.0462773244581,-189.718573092694,-7.27920430530503,5.08589537444823,142.79029351638,12.6275461680889
-72.056843807979,179.299343240546,-43.8830598987115,-163.49710458194,-6.95400772932044,7.32817358133798,364.02787068754,52.5210076982912
5.19876522199775,66.5671800056007,-80.057361347046,-118.082654943282,-3.08039645733515,8.45109206563211,517.951413761843,-80.4161194068438
-79.4004159078686,99.560376681402,-30.3181126608979,-63.1180737001414,1.93513949573389,2.22270139236934,526.478436892401,10.2630406653188
-5.75945272910758,58.5685313725699,-51.8351929216369,-37.5175188449721,-8.16925741604064,7.08625881312764,616.284943960649,-26.5690067645264
-23.6714556388033,73.9503608408268,-43.7697822951086,-71.1265298520739,-10.2901531074131,6.05760846465273,103.857416148545,38.0303500387236
-62.9527225388629,138.248540147897,-57.7703375557321,-191.080174568924,-9.45404997363221,2.36340754402045,359.668098853872,159.900849745856
-7.84322751710351,66.9165586526706,-80.0923288563945,-85.1289048382314,-0.591044768712891,5.01091987814289,828.509628934571,-51.6189678428345
-13.7415309133212,135.794719804391,-50.2111776689126,-63.0758456959593,-6.96417204523459,1.57505728446995,349.119751085178,51.3973633866772
-33.676842157467,132.94100493408,-61.5063030911224,-156.581322435988,3.33756798719696,4.79032355977688,595.047125952115,-85.7375370491063
62.3259221801964,95.2149368577666,-94.814743955154,-119.527397087368,-13.2407403677134,7.12107727167677,-96.0706185589806,42.5279004259501
-81.8927749831273,150.101644632625,-48.3100181440677,-31.8785667888951,-4.04875974473543,4.87565583310061,479.305005307047,-30.2561618563559
-71.8912123918999,144.948714689279,-44.7376499708698,49.3934708386669,-6.86421162394981,4.04764051432721,644.817146976187,6.9521101397695
-40.2928086262837,75.3755346749676,-35.9254406743639,-73.9341337729129,-4.52788330277326,4.54564263525026,193.878928056973,42.0511546220368
-208.735467237348,223.203949132119,-46.4439671331493,-169.081556241603,-0.0375494982363307,6.33357646071818,1055.5037863364,18.8197780575283
0.195796923348098,144.150203555822,-95.6492923735768,-126.40684716585,-4.92451448999054,8.54618578319423,722.775654763973,-104.399607294185
-79.0353945457755,53.744919802135,-25.7079314151342,-116.707881558206,-4.40819682387519,3.3560208894487,327.817718851729,72.2826355340221
-49.4060015992436,79.8608526604075,-36.2480336715889,-73.3192789993773,-5.117030122914,6.32050995234749,128.604279821055,34.627223314832
-119.89772766018,81.8318564629008,-15.3423525251128,-42.7109784732165,-3.57633826765232,5.82150739690405,869.529624459659,-8.5952699942136
-158.347123814166,37.3307980646641,-15.7204799689898,-45.9654879948939,2.99441244150512,5.58029053405335,442.841667765519,36.8191494425409
-3.23415762663353,111.337348943736,-48.0700345118637,-26.3998582770437,-11.2391144382709,5.48197906263522,292.493064196504,45.1023981750914
-69.4413502201824,88.9852021299412,-32.5506122687657,-42.549669878048,-0.14234127686359,5.1225763571565,800.236070725274,-34.8811095013953
69.7575315278591,34.1444017510512,-76.834415742167,-71.9151713476749,-21.120217198215,8.02687741289628,455.976318698435,25.0481303217384
-128.786161295284,73.5397928285674,-38.5330452367343,-88.8778789801199,-9.21653625091858,9.50158064717834,426.953203545971,92.5164328380924
-7.2304964941286,110.52460745148,-58.6712040144339,-124.322859124062,-1.11559286472038,5.0234667850018,635.195295916506,-58.9962695699796
-136.160851394408,137.767068612491,-22.6364119844802,-154.517287050119,-1.93838924795273,8.11922432860592,534.361969412108,25.6238829873473
19.0457543304728,239.092917609629,-74.2540421933518,-114.74741366072,-13.7645688107732,7.09954230394669,370.892417926661,-17.8366121897707
-44.7702336649381,112.606331360497,-52.5046605526586,-196.889228805347,-5.85797349386758,2.67347205312399,257.258045855226,72.6709426002053
-50.5101914976403,125.775473720015,-54.9830501352408,-141.209643133428,-8.66375852236524,7.51875202015071,393.213609483544,35.052604198776
-50.5620093944453,63.0148175717341,-37.9423393430479,-110.687028066885,-6.89184522434334,6.62203060041065,504.993373576392,24.3665569957957
-39.8755485575457,81.510479163233,-43.0449131961504,-102.140093682276,-8.21106665361731,6.22144227172248,831.670313516101,-10.1326790760213
-10.7980494689982,91.7211695048609,-64.2153192188744,-128.824320143525,-22.4373538301807,8.94208446130506,299.763499059751,127.014967197145
-20.3628396307104,118.249101219608,-86.7483600351261,-107.458651064968,2.05087242848822,7.82263340777718,66.2360562150425,-20.0408341599978
135.695663489656,154.914437637155,-100.515525045805,-201.012150757975,-10.7184141940234,4.22130925973852,-248.842798778845,-22.0815411944641
-63.8082541390322,147.138798801607,-64.9552989259246,-82.5122925969627,-5.60656719165854,6.48923744098283,-22.7589213000902,44.7103456819605
-171.705559165785,116.393378545603,-35.7704721513874,-142.879341634543,-4.05904002769967,0.24628571557696,987.97592406156,156.889825625141
-138.050410159075,195.976015629538,-20.5052877873386,-188.948708195127,-2.74132199867745,4.53471231495496,470.810985896675,35.6912761665881
-118.381914087207,186.553567519921,-18.7877981585698,-225.001083553754,-3.42129467049381,5.93478628926096,196.003120422751,35.840002412413
-118.962054773729,52.3867661337936,-33.0087567275332,21.8854484275362,4.01911346004817,3.85980112999096,277.762622559705,36.8997217005672
-122.525518973285,135.74618433103,-30.4626819355854,-43.3765596867088,-3.92233423003199,4.00936108075257,611.981741417301,37.5536744423844
-20.9604108672283,117.228042866715,-57.1622351455735,-79.9196539956756,-12.9488652625514,5.65600434643238,612.608486262005,47.6821274410322
-130.415265311603,102.964489686907,-40.8623717031587,-40.8851848100603,1.28892967191496,6.58720278780675,178.123456365443,72.5203882706901
156.126349055528,40.8677071083221,-109.407000294137,-93.208618796416,0.616351626555115,8.84878599763033,216.42931934164,-199.107917519199
-230.863145244395,176.30503000968,-16.2300727170368,-104.088747717062,-0.0665423519676551,1.25238726087628,790.114622146619,106.686485524784
-104.032073502996,114.623862464468,-58.2522218314698,-34.7430948650726,-2.94513041545179,4.88921972134108,459.973457609737,25.7361140143767
-61.288141321249,146.496372514288,-44.512179673713,-187.557817331814,-9.20159009069903,5.57577298549586,727.090499537982,16.810367267899
60.8567619674432,55.2880066373182,-75.7318225787312,-51.3153639624798,3.81126192137162,1.15019771616062,256.285436418621,-25.9930844376795
115.915395825037,185.92228823679,-91.6565911301877,-127.892619825841,-7.30351637974672,3.36820497634471,-2.88468597139581,-44.2458425824761
-71.408607153513,43.5342559021665,-70.1783703391557,-95.6146047306884,1.13121227630472,7.16142280047643,660.480967861869,-16.6970353610814
2.97878942856914,139.15078527946,-69.8340541785092,-51.623046557118,-6.34534715276095,5.79669535678113,740.917336146528,-12.3539127868426
-191.089834235074,110.873417613708,-11.5051300099803,-89.6556797257508,2.72403969271636,3.57220020679233,773.715860118915,50.940021186324
-132.185545189837,158.18123156915,-45.756169328879,-114.075722887588,4.01073338683636,6.68745262463926,970.242491560988,-55.550774042822
-33.6759445154021,140.086598618524,-84.3828242477866,22.8523224885757,13.2527107089054,3.41444482979568,-228.717526104661,-46.0666720340669
12.341326263122,118.197456171358,-73.3369786486292,-94.2755981496448,-10.2559584297705,9.7458772756363,468.950168532061,-40.2199356618012
-97.726427217538,113.411397870397,-48.9558580814482,-31.0591914530378,-6.93928843931644,5.00448244261497,934.081451896393,79.4329965652132
-132.034732316838,136.578994435942,-33.9134082874225,-184.749389331104,-4.30797772373262,7.27320005593356,672.17557335044,17.256124287509
-3.42519534396706,134.719142558795,-61.0924364076927,-203.491024065788,-19.053233471267,10.9291396275185,313.30178501601,70.7248226615484
-83.8939975670946,163.411975860845,-47.3461410659438,-151.473251348929,0.74720245955973,1.40443266226794,362.687343206533,27.5952559105626
23.5559950510506,262.170310773741,-106.162452481185,-294.52925052584,-15.2460388102118,4.76570190262282,517.85564081819,14.6649008444219
-16.8826706873224,92.909730168969,-90.5130317460571,-35.3082458469689,-4.16098122464609,6.51017038295686,922.201698522469,-23.4309140380938
-107.450305893784,66.6037067053621,-38.9024966539437,-130.611000921315,-12.9193638078577,5.59189957783747,121.058201215928,172.536965823265
-63.2586415498081,158.388945990882,-46.030359427139,-104.449787746489,-2.1573559458684,4.2124048841797,-425.060535772456,90.547193913364
-84.4989779223251,140.235896280545,-29.6148773618625,-117.03523436212,13.0491638540043,4.79933957185131,613.346627098748,-3.05537286349863
51.9634582743311,158.075268390021,-38.3282870215335,-182.330717903329,-1.09210757289839,2.31708392326254,52.7285182758787,2.85204263112973
-124.36071208123,39.4871336097713,-14.073384943491,-89.3815038968169,8.92279467187473,3.36094623362442,-132.662807604385,18.821423709509
-153.81991395251,34.6024827150395,-30.7103445056091,-121.914603995028,8.49189800029853,4.46332339409855,713.596459602253,-62.8889533251786
-91.3454599168763,93.9466669484536,-45.7904005354503,-14.6138084494014,4.09366236347705,6.90633190293738,794.196828712196,15.3829451673955
41.6286989194632,146.422770145306,-63.7180459256851,-178.201614367179,2.8270462200162,5.63766852980189,691.644337957405,-96.754734828326
-185.494446965895,68.2022111904662,-23.7644370612979,-157.144330507646,12.4914098371955,5.82097862790397,858.634888518747,-142.834250061664
8.16836187579611,52.8830101257918,-50.5398797702837,-158.222051404187,20.5568945878767,1.06670783921436,685.293205812779,-94.2288084202228
-68.6761202880443,67.3977214254555,-34.09849788055,-34.4041811641655,4.05887748643363,3.96272434695493,-41.9882503532572,-71.7136736597167
-83.8217510594368,133.243818946721,-37.3200442993257,-129.544090263429,5.30862388099013,6.66291354426357,1138.42426175866,-21.5159488864811
64.4517623613565,193.277406712747,-47.5131467999599,-311.843362704196,-4.18231013067998,-1.0914391256083,-917.532020037805,-47.4175210775938
-255.408485821856,123.95456744581,-28.8980535633455,-130.94046181615,6.36341150453518,4.34814215149163,827.411739452189,28.2459624505864
-111.958544493144,41.4441066938753,-21.5411302510856,-80.8268644620039,16.9959205965752,5.0838914952692,-321.311639295163,-74.4624818590669
-59.2633733257999,185.623703962927,-9.56618215230992,-190.621596041013,7.96319348386896,4.19583266825794,652.535202524501,52.9524376363188
43.6771287276497,11.8426827179646,-109.449538184759,-91.8084580078139,24.1586093079823,4.02101482078433,-246.517527314259,-238.224686360802
-232.365224214431,-4.79306609486525,-7.11854547514668,-73.1926187088175,2.80243939206412,8.92297443521238,479.816862392065,3.19272980207461
-27.2260349230783,83.0672835073638,-46.6385323904069,-182.501595255948,3.74150616052066,2.89046500376571,-605.789855280134,-64.4309139377583
69.9628076755253,130.941176416751,-76.7933169392418,-295.340342689477,-5.95295188551245,3.7206364091835,-142.318203654606,-0.559804803691804
82.487397010671,111.597235762874,-77.1832815624803,-162.562097722141,8.05900577751373,1.42117042650352,347.994332253525,-121.868297132838
33.7903000892547,100.542477169605,-105.7087857353,-84.3755892068439,2.23566103287885,2.18492374646303,223.97706444054,-156.397314064816
-83.5056863722566,105.829709403337,-71.4343143527512,-156.843583509239,18.7487477837276,5.48456908874505,948.129209034087,-164.946036672089
-81.0289383473646,116.144625135887,-56.9731438160234,-170.547584377156,7.94530487179873,5.55913798604161,1244.14424364216,-93.1293967027923
-53.5886234233876,59.1618320104462,-90.6697514834523,-71.8319996675273,5.34965825694235,-0.671313885308336,-301.587117282674,-21.2570758610746
-100.800191865943,67.0153476153828,-26.8971025746505,-115.177929569636,7.42307604878442,5.39647403892013,589.929495891716,-2.47938585194788
-96.5254432379734,83.934235288878,-66.504650900446,-149.301891764713,9.40711256012582,-0.579496803272377,5.03492772689788,-78.0679778402264
-47.4320202223389,91.8512689410418,-65.3106544521288,-200.966263759808,-1.9675772190094,4.71144568429736,310.781998980468,-141.189074244438
40.7363219940744,89.2174229457742,-94.8252272949103,-66.1001960862195,-3.47300154184541,1.08026754907041,-495.383570587903,-25.7147718442138
152.667533514134,76.6008702982799,-55.904245514801,-97.5354120145348,-0.555577705354153,5.66583955618989,-178.756282094211,-77.1034696747374
-13.5016080677233,113.936350178352,-29.0901968287144,-113.860397895129,4.80305710381072,4.09587256843224,425.410601967043,-9.14126587612554
-48.9551732941181,136.680080199261,-59.6957398570885,-261.938756133983,11.2244879286445,2.67720359515806,576.485990492118,-56.9550960233719
105.548482920103,114.68626981671,-72.2098151611135,-90.7632764905939,-2.50726252680761,6.22134144496522,491.316993738568,-48.8280331497554
-250.597277983019,61.1329749153283,-27.2335347819353,-121.127855637722,-2.75787691977894,7.15885987131333,212.698862690129,126.409033872781
-142.409476118875,191.805508282387,-67.7450489090697,-175.474681697378,7.41627647349378,0.0813228404422262,605.628404977586,-2.79823496341123
46.9831911316287,99.5149106385543,-17.297363039761,-144.264814696537,5.73621562213521,6.37808510924879,1557.75064583545,-99.6559807411249
-96.8271026701732,28.0912974385428,-43.8024265323329,-153.087879375511,19.750181107549,-0.267355675750878,718.039704849929,-80.483067400055
-41.7070705697406,14.5191852561838,-48.7376831611327,-35.1619346549123,13.5171076086554,2.79050375367478,1037.24295900714,-82.1374942761322
-222.276644392987,39.9373336590252,-17.4359036160822,-89.560583835424,29.1462590128358,-1.02871437513386,761.534641212624,-55.4901244735229
-46.672409767416,75.8820321931125,-39.8834577984744,-114.628197773651,7.52544461740399,6.79126141978486,925.030609702837,-51.3594286977604
-146.322420937533,44.4452961026982,-23.7223837039201,-42.6945672376751,2.15072837093612,8.31756403439795,698.969281434067,-21.8207890881313
68.7185767202755,145.759213793217,-52.4851051924816,-114.599878406472,3.98560569039546,2.90062851748371,1037.26539348937,-165.049101052806
-110.488301693287,131.464423180445,-57.8048897028366,-135.407935931027,11.4411487042416,5.53988760011816,32.2234299163538,-89.8273047667844
73.689276309924,66.4007886111358,-77.1649115768378,-95.7186825221288,7.4102785963712,6.81018129748691,573.571351326813,-120.765162036074
13.8369709011458,75.0048100304411,-58.6852924105187,-116.135449307323,0.242733307968592,-1.8550044146541,169.43518306379,-36.0903458078683
53.207421596213,84.9358162985591,-45.1002316161175,-122.494566503423,-2.83153684092395,6.85814058873802,647.552207615205,-42.0232994451799
50.331670795058,117.163758870171,-85.1339028740622,-74.4908726871945,2.058089205344,5.6985321520624,552.526344573597,-111.313680086678
-46.5340070205566,97.3749533775117,-55.3229042315361,-102.291656005066,2.9267133896501,7.34306883279351,371.063611847312,-17.4963650120626
-99.193744575954,120.725240761793,-25.9440773759125,-129.283875781526,2.18264806249863,5.07883155759191,475.79058658814,-31.7482360700087
-9.72927586141304,14.2298664568807,-77.772904558049,-51.9557300181477,16.3801467783051,1.63531539076939,338.978901294875,-171.078671190931
-191.19005842755,144.889499723271,-22.7191827114366,-174.798602110182,-0.719680203885218,5.56956700023147,555.288775926994,10.3853215579584
-74.7282563975605,54.4994029778172,-43.1489061594693,-64.1911535013423,-2.49675099281012,5.68807258155721,446.747843256609,12.7585409459352
7.21768389007411,147.115254038319,-44.6890519884037,-156.634202309884,4.77231281643617,2.12237291055499,1025.34259526583,-72.910468593298
-14.8505181559303,172.952321307777,-81.264216148571,-67.6640419592659,-5.46187626088795,5.59577542116313,1028.95645937908,-6.54517344426131
-123.865860481797,124.553718867792,-13.9760654380807,-125.490872952917,3.67071634306922,2.37640023983113,-212.583490004952,103.552404690032
-50.031393195095,7.90777222890756,-40.9758189763452,-92.5806118295586,-8.55503947661782,6.29319598964503,400.973060518998,21.7365983526834
-156.521997678676,78.1910938618093,-42.9644571280223,-44.3797536334496,-4.4979178122303,6.24367020950012,81.7915290991368,36.9158317190449
-100.463345111202,141.041407633673,-18.8769224924908,-205.151592684051,5.35656418627696,2.88613869238179,385.797040456745,-28.3929069241713
-60.6466633903547,55.9633034440922,-21.9514391379635,-49.4078874170991,-0.720478661882225,5.00705105729867,228.61422012315,-12.622828294785
-44.1516167484406,21.8922872736148,-36.7583452059043,-0.300557817747176,2.6762561610085,2.27947063031024,21.7350323705614,63.241483515827
-117.894312564924,71.2824243678915,-32.3750394103627,-62.0907039861195,3.74475557130063,5.72758653591154,529.212783407376,6.15090008657717
-138.911022488493,227.783274024514,-68.134765148221,-92.0268724898124,-5.48142617744725,7.45757996305474,1506.02314952972,-27.366222111159
53.6115782019333,141.937728530233,-90.5442137418795,-121.994849933735,-3.97589506547229,3.25410107119387,-77.6007261516352,-14.8790119978012
76.303421508419,125.259919141259,-94.8871344149957,-114.773505407473,-13.9432750531996,3.84553069152025,-137.260961963872,63.8978483051033
-0.437435322004603,169.073021362885,-75.4861262288614,-120.445957428718,-11.1075292892419,3.29534460476134,362.571635978762,8.10679892198823
-55.8101178348152,88.7283878369781,-24.8141882576601,-95.8742703702665,-7.53175020837807,4.05447164486395,390.211664593313,58.0477796234129
-137.406369389049,98.1311369854666,-40.1209157505873,-97.0091945362365,-9.57510035954328,7.99093481599994,731.318053424518,91.2347667022987
-3.38326817379902,174.895155332968,-74.5687851140428,-195.892884302915,0.816172249426018,2.01104732687236,949.692834718702,-81.2442647636199
26.9985056299192,97.9282592098025,-104.394128336851,-200.175149056551,-6.6215609822757,8.77003784847693,1270.01615581039,-75.2740307813219
-1.42082245572965,123.166116600076,-48.9433966419601,-140.487225183737,-7.05975693777145,7.17382706463104,142.959572243628,-17.5407452019681
-30.1265155677756,90.525556503766,-41.2279158420279,-16.4173068624004,-6.74920238964114,3.14210075899609,423.031341328287,47.2388296092795
84.3797998869559,77.3376848195039,-63.5990148106066,-118.81453845877,-3.43630478818159,1.64588885680132,-104.659949506022,-24.4797956855691
22.8903748880839,74.1153215087543,-48.2099198189162,-101.723357167037,-8.03881006162555,3.78854602621868,525.164326845086,-15.3225102994475
-45.7795884052757,39.5583406373335,-36.5127626018075,-161.173932331323,5.78702466390678,4.90213899292212,234.123694918688,-20.8279363730981
-31.1677457601763,91.678665851141,-52.3100498839922,-54.3744502251939,-2.97284997589304,3.47693164821249,266.522530414884,13.6395812153423
-75.5427020445786,134.586389827717,-39.6904156554883,-74.9704333202535,1.94271589393611,3.77753871568711,938.285651698417,1.94362946286856
-187.565319579844,116.39222293433,-19.7141805174979,-155.367406586622,2.44614401111176,3.41780310905597,673.819924812546,23.220730643121
-41.9455411777744,80.7542370820011,-24.4109516888857,-51.5551164257267,2.98944867306272,2.64397592379828,548.657948132059,-14.5057469218518
-105.753133354217,149.062522287677,-37.0458852576267,-168.672305254509,-7.3638835421516,3.09856078788289,212.00354176783,84.7893712566583
-192.744119503583,77.57792467135,-3.7654170343194,-62.9690033872357,9.12914753729274,1.69601639525263,301.600386256483,55.0917259340204
46.3095590056182,116.095288920522,-61.1056251029149,-224.358227025019,2.56627708749147,2.04645722218265,851.610259624285,-101.501813267019
-28.7474545779696,149.284289333331,-79.0871749496873,-190.820259378277,-16.13970001907,8.0297672720626,-688.874978922533,-11.993759888639
79.0279864926415,-58.6196034017194,-36.3982065944201,-103.901678811322,10.7423550951507,3.77279213498696,500.497833307789,-7.68071188441536
-74.2763593865966,85.7477422115091,-29.8689123905497,-153.41938595337,7.2000671608057,0.0538314529403578,346.133148839559,68.190069650831
29.9186352404358,59.5866960938292,-54.4521964851301,-176.681637795671,-6.5367532192904,5.68932649258932,662.743671137461,-77.1182062978369
-157.116309812118,50.3873613182259,-15.9899914049165,-39.5451011616533,10.7637225254439,1.81300564476896,539.568090295274,-21.6151384180848
-47.9203440367237,38.4337669986344,-81.4145090554666,-71.413946261353,10.9253156295126,1.60303048578135,472.087400992925,-77.3512246963073
43.2760433722869,44.8069426173533,-61.2966092686984,-125.3985051294,-9.17125156152179,9.62276671484869,517.806458838066,-50.8706095350335
-35.2018463640234,59.3291422685143,-60.5702651684987,-106.357120854056,19.8837196331733,5.30141513538183,217.741631325931,-151.672972848624
31.9250661627011,112.503491534037,-45.7928817327193,-179.417448032938,4.92482357446715,-0.613942632651742,284.754910862335,-20.5672390118852
-256.420475884646,66.7820281617896,-17.9382196837687,46.9332182381186,26.4132792261662,2.66341968216875,2550.25478700428,-68.6601603347954
-109.153990229992,132.057938683382,-79.8404940924302,-186.049726313024,19.7110268961187,2.21920783102723,864.998697495219,-156.641085852621
46.4749995321763,63.7910173744312,-25.8172424819641,-160.308693162036,-4.2385914870265,1.96862274718296,449.371938995497,102.63197606543
-7.77771176605893,77.9146111943592,-76.1715254115261,-183.612888777701,-0.647042508937375,3.40888337854994,413.72255989859,-44.6314404484965
-117.874066602089,146.167335803228,-56.6878663116222,-217.032311839847,6.62364160748302,-1.69959046041186,47.0912099750922,5.48003913984576
-371.725086571969,111.760642568755,-36.8973167852837,-96.6091414529947,9.19106799604197,3.27048427461705,1323.64652035305,-38.6050271666027
-255.360792893756,75.9119791192061,-68.3194919161542,-114.758763391044,10.8087453517655,3.39843947191548,183.13849664561,-148.183141603266
332.725244991554,177.917389072342,-25.0973745252768,-223.920209749733,5.35762399478699,6.47687555277298,612.49857187517,-134.983745442107
-57.592212475909,108.389408065836,-16.4154548263177,-60.5309258856287,9.3947868089308,1.88637243994162,938.14368114149,-32.1920811464952
-27.5485486908183,90.7318736528687,-88.5859184980509,-113.330882336712,16.1857873339322,4.17658882246178,263.861964057925,-94.3155630835572
160.497871721542,111.248259344051,-78.8436738482051,-104.137323838047,-3.23518485319801,1.91540695891308,333.602464645664,-93.4980652745871
-105.948724361689,84.2472663344088,-32.6226375626575,-115.198406810377,9.16546191996167,6.94773086963687,428.06793497674,-100.489749383909
-53.4045658529794,109.454483556969,-25.0899777386348,-115.020857271666,19.011504333328,2.91284038050799,970.336616221124,-37.8233116213232
-12.5333396538044,161.957841700772,-59.01369500898,-329.519393588183,1.7261197492553,-0.480486925622245,244.20041187801,87.9520403150455
-98.8528285765206,179.163361755462,-20.4541297082687,-113.006583282244,-1.17041532527946,-0.0454594936672947,292.928271055003,39.3336540810851
-239.140742857995,122.077647263712,-64.4671460766622,-45.4918428096717,21.6971187454474,0.335882162937196,1174.29922926419,-96.2336780573605
1.02771874664904,121.196646682423,-31.4435196660488,-264.086686087714,13.2381004948875,4.8950851321988,-43.460255580283,34.6394031276359
-323.865086197286,42.6118040779402,-5.51881801924901,-25.1479968130261,-0.205829517974053,6.80812743958086,362.018457671264,50.4028754465107
-77.5117161881062,129.204567937952,-40.484527247143,-119.515850216383,10.0849612776401,1.76425678216037,455.352043943269,-146.268594646695
-167.120306181136,88.4249595070687,-2.91650131963979,-32.2781594070693,6.96910070528975,3.86019175463844,557.871690667002,2.54226975485835
31.2158981255197,130.75301174655,-28.2902622951515,-113.93257118162,-2.02166529206988,5.62514797525364,769.094003834898,-5.84532017408492
-204.898172211193,40.645964319614,-19.2038342423839,-12.2296901332247,1.01518190584466,6.05527626123512,1138.30435763813,83.1924677523784
-64.4689113007335,49.8751412604761,-37.5384916366165,-27.2723729738209,9.86979797504682,3.68637196330383,436.022376892506,-58.2989531270869
-210.320703193963,103.608201269832,-25.127062816362,-149.864316354506,-0.336263346049236,2.439552122858,100.81681420136,20.3102248804935
-340.978222987847,134.177542636811,-1.68103955729021,-60.9619925078387,-4.37619284752873,7.52346732928709,467.517180688505,33.0559332069097
-212.46209416652,72.8929785837972,-9.25522983975134,-76.4779247795086,2.36026517533173,5.93075972635779,845.500972473004,28.8601220625278
60.4543251610739,92.9765226393356,-61.1090670149752,-94.2842101251845,-5.50498595917816,3.84748668337124,-251.748944003073,-7.57697638308309
-13.7552806608437,107.980698449544,-48.5038176742382,-48.7082179136924,-6.12558795496807,2.88612256426131,213.20009038155,-4.81234425996081
-75.6218960354927,60.4145104723866,-27.1232723717076,-104.869816462844,7.558368928032,4.63396944343731,-1.52303519580164,-83.8091837240208
-84.2158607291058,63.7764545731916,-4.34136651533481,-108.064144233511,4.22030016091594,4.80989324607071,342.220286451397,25.3402614751831
31.7707318262401,38.2991618083615,-39.3175118631625,-65.5073915237735,13.9141016563372,4.24451839079848,564.405646025021,31.5471247480309
-84.0067760451639,105.17915336357,-19.2415104730972,-153.231895490258,-0.192575323701021,2.25387072347803,433.621673731555,-21.0931754602861
43.5457710159098,133.950624054152,-49.3495727751579,-73.9700751011915,-3.28009595841286,-0.317894568230258,-91.566930690009,4.01913034131576
-122.572601967295,51.5295025839005,-7.62493778632779,-75.3193403507394,-1.43954872068025,4.39504906001093,98.8116890792371,-3.05476650579658
-82.5267038043348,25.1265694495087,-19.5877698278346,-80.386715554283,13.5175916883745,4.24159644690371,359.556206191453,-57.0797812357414
-50.9290611255565,160.815180609396,-50.1955274749525,-189.352271338641,-7.88119184217067,4.86419794428002,-6.15601674634308,78.6966294801387
-173.973295521733,72.1779316275133,-29.2506838784102,-50.8480863812074,6.66757197584957,5.55531642417191,392.52343888703,-11.7957258921961
-450.541740007073,145.824825866559,-15.5789946054138,-158.88659145459,7.09987319030188,5.2739997979952,-200.573882910554,17.9667648106697
153.245633378378,118.577132410966,-59.7430531585705,-163.248113966547,-25.9144752370194,7.76685031839588,725.234741323962,-43.9495270306943
-357.614208742001,121.084774790012,-51.0178348263798,-115.580138779169,-0.100830373492499,4.5102996329224,954.493282719908,-97.4697892939948
-661.023216845217,201.58073295033,-15.8003768607227,-102.791771991268,13.8930313644087,2.04313792984613,-660.112962903062,94.0347451596463
-59.8453976271558,134.479657953525,-76.8571096149244,-179.447764658893,2.38381265425414,5.15543639790849,13.7582400593237,-37.9605296157851
-150.368563479024,93.5108941532817,-16.6653704061609,-149.453986457534,5.93363391106323,4.86150625792652,708.204985365479,-31.0884336507224
-5.0889822794561,22.3032488967292,-50.50303735958,-35.3492576946082,17.4221863068669,-0.984892370106536,886.34509728189,-68.8895807817426
-199.226965440153,139.078262147057,-46.7215857081464,-198.001938220099,3.35209116672195,7.40656393885729,130.224326515119,8.83773520900286
-100.636178545887,72.4655912783055,-53.9699705196981,-159.247208446643,13.7265718258277,4.99049442899559,932.058591874149,-110.997110689932
54.5931968532695,82.1120203818282,-51.8399973655687,-72.3968730712841,30.4564728103578,-0.0938815986737609,1575.06241504379,-178.634244200104
-155.858441349053,98.9250062277861,-31.7135443440066,-50.258000044385,12.6688335300569,3.92493521748111,642.383398349048,-86.5207369630662
-97.5550192187729,126.878939279297,-77.3499932000705,-38.0313814963738,4.95864707518194,6.367508154799,385.562956752299,15.9464439812
33.6654211362475,104.302505667341,-74.4136272746182,-180.122793049019,0.755157333755051,5.92445995419985,117.873939932819,-65.9183763445762
52.1250670857407,-9.25868027069373,-52.7913657655736,-101.982644589463,11.6848686374833,5.41752818478562,239.581431668725,-107.112698185709
-271.672115342255,51.6562705237448,-9.17433832399365,-40.0402404293563,8.74634421944211,3.98769796447817,-232.471245632274,66.0303489245998
-28.3871184648233,77.0224835753615,-40.1276819859195,-118.133516815632,9.00200904502071,8.47184455933166,598.213763790642,-174.164010515815
-95.5891018953553,155.272218468228,-62.9148918310293,-150.018604601573,-2.14657946821535,1.72515320685125,1053.5370474493,-108.317778377168
-263.939503510024,58.6732153840421,-14.0992644123762,-105.498369969812,2.85300894794636,5.62604482111055,520.992341959609,23.2056728820899
130.170460060544,127.260803280806,-93.8989814874221,-92.4854835436563,-7.70051152820815,4.12603758410842,692.158586272431,-43.737585362047
-13.7887673248042,191.126355759757,-50.4908655190593,-298.299844640249,1.59302982405643,0.452789787887014,235.632071909604,-27.9660465920751
-1.75391611939267,90.403372303299,-47.3305679135956,-168.80664025033,-2.46092661636067,5.38886263957829,396.842605537538,19.2316815736413
21.9124421275355,27.8909458062262,-45.6040972219052,-99.389133185332,1.62636349591776,8.56509821261716,222.296094291665,-69.5533876199916
93.2610055949772,31.5132007389293,-59.2061867076263,-53.708309676942,-5.43548008838843,4.03773332940182,26.5323995946092,-51.8577067475126
-39.8681304030579,72.1163826312113,-36.1045637932693,-100.272352214766,-0.324521623901092,3.61433762449997,676.107448370247,-3.00061647077382
-184.546095776765,-7.13450608716084,-21.6389165195869,-49.317994074976,9.50258245822624,3.60972492941073,1195.93810135894,42.6607671147722
-35.034680869896,74.8956235991936,-32.8314647962397,-118.396044745532,-10.2015675177827,6.7374702225934,-47.6895772252901,50.2987915360645
-126.23215632455,32.9799703505341,-45.6709005372286,13.9190917213919,8.73932187262108,1.6453121372615,-64.306569364875,-74.0406194247043
37.8135080553766,121.505806878005,-39.0865894286799,-107.751258173608,0.670259007674758,2.66920049234614,957.94737156311,-66.2575355581939
126.836572299915,137.138764348743,-93.7496631787285,-193.313444636369,-12.2647827998153,6.48832242209755,-179.654088207084,-47.575549761561
-81.825399478912,136.11216994833,-24.2614482189529,-100.312019258155,-3.99999224627391,7.12452571763424,771.745063186769,-24.3636015021766
-125.273816879697,136.675099874959,-46.1326643723296,-88.8613159644592,0.368372449149319,5.34209654913866,1427.17727593487,-70.7150132104871
-96.4263767857628,42.3727668353677,-55.9172793444013,-132.149472624529,0.192643301325006,7.70776488950651,759.713159487268,17.0789649680519
-201.030566682966,104.717593677808,3.71023380840779,-120.47118387825,8.87596552861214,-1.0049738840753,1371.79548073174,15.4927881921776
210.485090391143,103.875192543026,-88.4696656264568,-230.405993679524,8.64417651190888,1.97302334902633,409.513328255678,-161.115864128631
164.324738737778,91.6287658432339,-74.4408292672524,-103.49431944481,-1.77174134223606,1.09719282846527,-162.388682956378,-74.3655553129147
-22.2247230770881,86.135346287163,-28.453365104855,-77.3388068048225,0.0401401468698168,6.67215275167109,600.690915158339,-61.3572016823673
-49.9542609298078,75.5021029305499,-26.1439728670521,-56.7962803808186,-0.973077534010372,1.43276646941376,271.364816331115,54.6608872814541
-140.17507127006,97.8382976395515,-22.5435522842145,-110.758323063594,-4.70904271482141,8.47346502540313,644.813637609281,3.67531494512878
118.575724631884,70.1903643009464,-58.8609492901805,-94.2321995649472,-7.20576856871594,6.85421003330703,19.4785180095132,-38.6162689350022
-340.795781481727,130.104263258007,-23.0440757656033,-104.864670409318,10.1542676267272,0.14685047275816,98.0104646610671,36.8991642000747
-128.249106028721,73.4994046913343,-13.2068425750585,-47.5341944080719,4.70250974764349,6.37615935573558,587.029517188203,-93.2282971081731
-84.7847673028882,111.371014358323,-27.4538966538967,-121.455859370577,-1.68490081454365,8.519040059502,603.757166525349,-63.8479623907187
-323.59865323297,115.619844773493,-18.8104339801803,-46.822969697183,16.6008656745689,2.30277748039225,335.944824193153,-75.6720149004941
-230.575763459568,84.3512329640434,-17.6567572684216,-120.897473176257,10.0215679100365,4.58416553222924,325.961875111279,-45.1460817627012
241.969406188102,108.200420301129,-90.1140185951153,-192.729339449077,11.3017087291519,0.468988453721977,747.226101202104,-159.254610186013
-117.211673359969,115.010339399858,-26.1090663757059,-122.460004445398,2.20251404035662,3.77352638897719,241.070227168864,-14.6501075570995
-88.2149938495131,166.590325054654,-63.4565193574272,-77.199879072461,11.9397808299545,4.84398874590988,1042.33818937956,-70.6744148765792
-203.854768188583,34.1375264742528,-62.8786129469154,-89.9301279744395,17.8434939353465,4.80706169531368,466.390578580613,-19.2409325451426
150.671768640401,82.3318453887114,-103.638045930784,-127.943531161582,-3.51899091879022,8.09996016769583,689.73042138353,-204.326596359406
-63.5157331978698,108.197150687563,-60.4913756816677,-67.5234804667125,3.5281572874519,8.61454409211001,703.763608355985,-59.1911462759017
-3.84780555852376,118.87173916334,-69.9384888004861,-175.369967308477,5.32028409471968,3.19126889407926,437.37699292921,56.559218454815
-290.056211931376,75.6058423372451,-47.0573330429324,-191.813360403594,6.49182992895658,1.28384445844858,146.475240083688,3.96327878631564
-69.0574905612229,32.5715114433551,-63.0996889178641,-43.6478442607331,9.63630604533319,4.25246824731585,716.365078705945,-88.9758180467761
-47.5576356532547,147.698538918237,-85.4524805476108,-134.524259698614,0.485285223796382,2.17079872482282,132.079938350129,-73.0670835881028
4.15816778790031,16.3487208776496,-41.9744932405156,-90.5114881778863,-6.34889183114501,5.46960668358952,-128.745697554696,48.7665186378754
83.2693821132943,93.1249476843996,-53.6940119893261,-62.6592904614881,4.05641199472302,0.15868246620812,207.84372724386,-58.7234878615818
72.3892009428528,55.4748207618741,-33.545074505746,-153.466943061383,-0.601577214620193,6.58376262293314,720.390557325511,-58.8964452785658
-31.7693593251461,144.873180399503,-15.4592945287441,-184.794214393973,5.54107462286629,3.90459206304513,615.147052663568,-19.5791752138139
-68.3734653931419,58.5727633883253,-44.2284650992369,-127.369960580101,-1.8288299885844,2.91271345769383,-39.6613149412597,-81.8592893574023
-16.3109758534411,113.929466073809,-54.5422261617787,-139.812491966062,9.23682994864612,-1.52455709328387,67.4542374190205,-30.2428690597735
-100.10269700575,-13.82968140101,-50.0393389711098,-45.4886789020966,-3.33857873435772,5.06113133452345,949.959357192638,61.6926008477021
-121.442885292228,151.406820934921,-49.5472466679203,-84.0320673155657,-2.18380569634974,8.37090630023613,237.923924950039,11.5078963106935
0.771654589858372,99.5052967140655,-50.5293720908521,-204.323347668498,-4.56428294930447,6.81292494748777,758.247108243115,-92.6822230612415
70.3412803551764,89.7643325048703,-45.8553200149909,-122.179564089456,-5.96975017101795,5.72591639970778,126.092963312811,3.21284059227037
87.4996462620329,73.0989989577793,-88.9193374757451,-73.1508916669354,4.06014622330986,4.63758175318071,846.21694791536,-133.156490679408
50.4478463994346,85.5559740126191,-48.9414906512829,-160.517247923955,-10.77985919395,3.08034573510304,83.8546257434791,29.8807293510472
-21.4521237895533,113.863294074632,-47.5856605670706,-185.694713429868,-6.77477561842534,9.42658950397163,250.50231782897,-42.5568851451917
-56.0023020429799,106.337080738396,-24.7076826713164,-104.445965132366,-3.64933524265689,7.42892363382788,166.543910924331,-0.802607538539633
-6.95015801451518,68.2778099553761,-26.5144496221146,-104.756611683726,-2.50501182638982,2.83697321962973,204.312782165885,-10.295670292835
-125.792464494531,101.736175185419,-24.3353502714308,-243.777287072664,6.07372819434386,4.03314186579519,158.750178763556,5.95097221758624
32.9486011277622,111.1700440485,-58.7290580810804,-61.2448166612685,2.74287909270788,3.99921225612343,-132.178272394085,28.9008954686401
-155.039854694282,118.960364337152,-81.9562134013213,-133.34481887272,-16.8235808599511,6.60097156222764,340.003333579399,117.050166656081
-14.3126490021423,129.789181945715,-74.0390924836829,-73.9521924876026,2.35896932052856,6.36256265250267,450.111323901801,-46.4594704386982
-132.410983969457,51.5253661886891,-26.5162542401813,-68.3469624665158,-0.692303598658327,6.31354442916927,394.800085600429,55.3081819334766
-171.351644926297,82.1929916818335,-40.1582512337336,-133.168261151426,3.21227640933648,5.80790323657129,360.647797528945,24.5218548779449
29.1460686226492,55.9500165919599,-44.3788873964368,-57.0463715699516,0.246073046408128,-0.539248456203495,-130.501931898616,26.5997832783905
-180.753609097446,103.387465478936,-29.822535073472,-109.560535729775,3.98595524461416,2.56409122467448,782.668291677444,-41.5694175386307
-80.150206708875,81.3373572774879,-58.0540354379264,-108.551482245079,-7.28402472102607,7.10605214026873,623.128116917804,-29.9153977826354
6.90987655743811,38.9482607427417,-42.482962876591,-77.5376469072726,10.4262936440646,1.91090612398693,838.851654756341,-74.65903680474
-112.991530771978,64.6255104932934,-28.3249773021089,-45.2214711781708,2.0153203666996,8.57201250169601,747.160283017351,-60.6870926664124
-21.9882818265178,76.604453151449,-34.2344673261105,-61.9542906218594,2.77131475169881,4.32565899079782,428.903636074596,26.3381799328781
-77.7199768697174,108.878646793175,-33.4061537439993,-51.7424700241827,-8.86473853630014,3.80949969264475,453.546211776149,113.741714659089
-53.7673356172018,225.888421040533,-42.1623962054437,-187.520836453114,-13.4194346157819,5.03543920154334,146.030312309304,43.0637090262026
-96.2277305555835,84.5270453391713,-36.0685595060568,-160.62726217325,-0.454377638557162,2.578884631861,293.630528898477,15.2585540784203
-94.8843677606374,82.0114861324764,-47.2870857639646,-146.6107525853,1.69195899885381,3.8385115638157,561.26059437677,88.859992334641
-93.3785441707005,60.011570058894,-32.6493203449354,-37.4591674876574,8.98738714522187,4.43436080534593,739.50674240158,-74.0560914689559
112.263233411373,128.989585888157,-90.7357684023445,-102.363119576825,-2.52934647459188,5.62147396404907,-570.624978479027,2.27385489377775
-105.09041483522,141.590472102307,-52.4247210118447,-170.207877888824,-3.6626744064597,6.48011689795385,663.875828095755,-41.1210211414509
-24.0479900605787,36.9432415946794,-31.4085314109398,-54.779887342127,14.8616062859246,4.60902385917143,79.0663235186948,-23.6774680126437
-197.096033840746,94.0070734486726,-20.8095286183234,-103.115927520645,0.467223346815445,7.71861478267238,664.769330667623,130.499509899113
70.3803030892159,134.795961885888,-64.7975294336065,-126.688998997369,1.3090662194154,0.811709834029898,552.070493796142,-54.1040624554153
47.753247333676,96.7803119838572,-84.3524622635377,-109.244216346273,-12.2201941467938,7.03026380659139,35.5359860513709,35.8892786654033
-192.255758755215,18.9171555722714,-51.6203055457299,-20.3043490203781,11.7098810697207,2.18785029894207,1047.65605470733,-34.3031518084108
-167.246678398689,109.131731518253,-36.4092702142225,-200.111912026125,1.68092226282533,4.45530467189383,576.965267828447,-13.9816799537875
103.863680120441,62.5192369020733,-49.2155858328479,-146.76905369534,1.4720959115366,1.63003472210585,-50.0180135508417,-22.4190925376752
-227.807361718031,54.5910934485728,-8.02433167873824,-130.939331888461,21.26568539461,0.263374036061577,549.036670792702,-51.5673693104945
-80.7108337795144,47.937778609763,-37.2144304011308,-117.577393269617,3.03425279900739,2.8941814573991,92.7592662480019,-0.0773244862502906
-115.348196338609,88.3768254759489,-22.3225471223413,-87.0040577979526,-1.9222410905204,5.07983815893385,415.130256255012,24.8806318234165
-123.026218202074,102.27903537645,-29.6687658163864,-128.937504367299,1.73661108445958,-0.935916653397726,12.3191990125633,45.6901673714092
-119.084660588647,118.853439102018,-24.226809348298,-196.101805464663,1.67453906412993,3.13388157090753,866.344335530172,-8.39066322459985
-15.7132156913885,123.880252133706,-23.4743763407969,-112.81099285953,-6.74035617556365,4.51961057403241,747.294850932987,40.2909236428604
-190.244784103343,100.922924184022,-11.0101284823759,-42.8408239651762,6.02328820552793,4.84429240864119,312.03574615018,4.05285509195528
-357.034818580345,86.7923651928868,-21.0181539742116,-83.4626313985937,2.83292641979642,4.58091220444248,-450.462089763983,95.5400592908263
-26.6252473085001,65.1692943926173,-36.8392091937858,-151.838005478523,12.1655685041333,2.47982319114089,440.639356603235,-101.203743539692
-77.4684906622133,73.8670351661713,-26.8310762974652,-103.641397220228,9.66287205986737,4.5586427631788,167.790652994707,-83.419123452024
-136.128302792,93.2255902155011,-79.4664703062735,-171.094125591062,3.50651651866792,6.23909625718079,848.668188326134,-183.105913936859
-40.3515349593436,68.3401486446892,-73.3460310132359,-108.533568583254,11.1863560493657,8.73321460868465,951.386064272068,-151.945131098102
-228.955372682303,91.8556316134855,-23.1683939254726,-104.325586337734,-4.69277709259768,5.52978424295725,239.42447337552,47.3294172977694
-76.3181194799981,123.121120909404,-38.380681996161,-135.189515409613,8.81400572563871,3.03431760557578,272.816108244442,-92.6824253345694
-390.115940345713,65.1207242219825,-23.4847459702287,-203.882641492572,13.0427630084814,8.29394785458135,830.08577552365,-39.5846539002378
-4.68254099689511,177.597754607681,-80.6727121488511,-186.91495694936,-6.13826952986346,6.6364129037247,419.60389298627,-74.172045559244
-440.892573379009,93.5179740284502,-15.0397193195822,-187.410393711005,14.8919524387893,3.69002485685633,270.446108887758,-33.87792577254
-92.8632904908591,135.005776933729,-64.8517405488092,-183.317831922148,-0.864762137727666,7.06693853065372,685.406313328931,-73.1775864241645
-73.2463607841346,45.6192846041449,-39.197791150611,-94.8456475231651,16.3990504026588,5.91941491342186,837.967222995365,-101.755091852319
-136.844177286155,123.809925665511,-49.8178469014092,-89.492617693486,5.59300671374149,6.78057733725291,897.647996177568,-22.2905029318645
-100.120152459596,111.745830066648,-25.9268298401148,-138.05869032823,-14.6041728578493,6.43550139447325,706.904165670479,65.2237397369172
-45.4322641345698,169.754061982967,-52.2105381751317,-261.976875675799,-9.10770560952005,7.11970034956539,568.909202124729,1.14469805601402
-80.2321806195614,76.4985545495583,-31.6929814342584,-118.678049541959,1.79439339414239,3.04506195354043,642.148745664919,50.5463925380318
61.2563284624921,131.097977950027,-65.2570781267789,-187.968504430241,-16.7141287967679,5.17338761404972,301.239854625292,30.7726228745796
-58.1762843326942,122.468286254977,-34.5301718088449,-88.1897169989752,7.3769302910332,3.20587412905297,216.50516297944,-12.6100224565453
-4.6617136776913,36.5279083790883,-40.8418823266402,-29.817659708584,-3.08834610245685,6.18353649647179,269.027642362053,18.022655243597
-61.6561437076598,99.9414406051073,-57.5200882502418,-43.1172136654859,-0.945871532655474,6.45228831405257,146.432097577865,-17.7185331302899
-178.155293196978,71.2060357075407,-34.4390948753862,-12.6741084193927,2.08701135206502,4.37225745825708,936.41476548028,3.07712825334602
-140.92219377026,107.326115747361,-54.4418291106122,-135.931475348225,3.72290220901778,8.25428863149136,899.03572852668,-76.421115712048
-124.570367225489,188.156775651412,-41.3887390829914,-180.679431422999,-9.82967050536536,6.98080983347609,587.117625272513,69.9504620369407
-92.1177924583899,84.8416156352032,-27.046669755422,-113.356416368682,-7.36977074440802,5.71081272076117,401.836456015328,56.6598382598677
-116.577699627029,34.1677246101594,-26.5121818099069,-62.3631731814094,5.86792262144809,2.46822555261315,-35.329906908155,64.8906335706051
-156.291328424464,131.106995009497,-23.4622340043497,-71.0487715759955,1.72967420343048,3.60000769326143,476.235716675226,45.2066947855128
-40.327057137416,74.7755111236293,-34.5896514399064,-16.1137700221152,0.803739707713248,3.17873757822235,-110.718563271381,8.59250621893943
-19.0365324726881,101.08759820454,-49.6527260789626,-96.8690620513225,-6.63850663810445,3.7416110340273,672.509395935733,12.4845514252629
-70.6474979396589,80.8576052862918,-34.0996256742073,-70.167872194761,-8.33745511977395,5.77392348391004,638.196635996384,26.4775159837482
75.8975377414317,129.28405949648,-78.9873309177638,-186.085802936984,-5.12448979233159,2.30057050050527,450.885158278339,-38.9133895249615
34.5393357874536,194.982722086395,-94.8391296403424,-146.987737815391,-8.41605986181821,6.56026032786758,108.010215628819,-88.5351572575746
68.3829498932173,75.3433803165625,-66.7330783972138,-95.7488631481829,-13.5903827881557,6.92771252899547,-28.7741622379253,-18.0039617162838
-133.371732728381,103.647191334079,-41.9867731451086,-105.579156610809,-12.9713788473455,5.26646626989532,705.60689060486,92.3412928497637
-103.270165625006,113.790548748046,-46.1342158340267,-135.224332163343,-21.2366554859891,7.97286697525283,668.05911549287,156.777476141557
-45.7658839642172,67.4527117241505,-52.7863414675085,-128.352489664976,-8.61335432142369,7.71172822353401,942.873612470398,-18.161920837345
9.45563721126382,153.459630856771,-51.305856725754,-93.0335566158719,-7.21512007639649,7.62395399784873,480.477376552037,-100.306196236168
-88.8911802389775,127.35904765653,-52.7731585721958,-137.470985443331,4.13113999641064,4.00534548901487,-125.859515868808,73.4481623740867
-64.5927121952664,100.875049014212,-35.8541338536161,-100.817060233509,-10.5174403250858,7.12469698354835,756.141653735932,20.5920922973164
-79.1846980418777,27.4334491323461,-36.2453809029539,-62.6121701454831,0.343191814332386,7.4433336816146,558.933621777862,-55.4403519895714
-29.0104531932739,140.2262483456,-55.4574582296773,-155.73994859407,-12.9933044436184,3.36449037307466,519.15986180937,98.869673365487
108.73627418367,114.955465865496,-101.411456850648,-113.73951717747,-6.20020994764491,6.21123165355675,467.52414100364,-101.067547087063
66.2678615835212,159.025825216959,-77.3642168525621,-126.40510032871,-6.69987157537253,5.01032716024656,4.13815010317921,-3.77218815997185
-39.1580146240303,43.7190589425409,-49.6258914124955,-86.2291247527464,0.111673036844877,2.64562836516779,1083.67548362509,-26.1354097674521
-43.8191975446498,36.6786211469298,-57.2879239055037,-120.125519871421,6.57176295015415,7.61221355442831,200.367934559996,-75.9405058237317
-1.90489419364894,66.1889251283719,-57.2054369397811,-117.912007348452,-10.5302829569773,4.23103082909074,637.948221543651,42.1351558613242
-98.0634696773341,124.207386668219,-36.267831985082,-113.077759800139,-3.9642699296819,3.35658556850103,729.835625307474,6.35699009057134
-133.847077317027,118.072924122869,-33.9284595053032,-121.474379559018,-1.0377633740427,5.66782276163576,223.730890015308,73.9417467228486
-21.8327727533469,130.072274236663,-80.7302631686998,-70.9576434247829,-1.34776761822286,3.66545708948979,1017.17963536257,-19.0336396363564
-51.1519564733026,55.422906485619,-30.7225362825811,-75.7139677623418,-8.68384894551127,5.89461601614676,147.745621236943,47.3926483839459
-12.7907174392603,58.6194130010408,-44.2211990317155,-47.8390825345487,-5.67522065414232,3.67734700390429,-90.3490111042629,74.1302660647634
-10.6560327307852,60.1125934840929,-40.0761845610177,-64.0484427956308,-5.03884881305567,5.33735618229548,86.2628600283642,-3.76620151089446
16.0409875095211,162.182357064288,-63.2565577829082,-149.784526281546,-10.0279075843964,5.5612796543719,283.538281551212,17.6707064528691
-133.64382224725,117.703940714454,-31.449656449935,-93.014829914966,-1.50991729370435,3.63101668194577,1080.20462074526,26.2271993127324
-10.4040199632873,54.146185751335,-93.150130930906,27.292655368452,0.871203706134111,8.93487038127023,838.354041094426,-137.651725074713
-182.968882438043,83.1205806929866,-28.162959969126,-114.677000967582,-0.569030073442264,5.68333206528769,931.2866765867,76.1100873209944
-58.7195699337103,137.265679669101,-67.2978379247943,-115.85143530101,-3.58255304544582,4.06154281750787,112.333044597927,90.2084282528449
87.1778119329538,142.51024777531,-62.6468277079839,-164.154127076734,-9.72154089382184,3.93503600581607,-36.7444409512391,-17.5524586736065
-77.5563480569836,196.379364365141,-47.1144191530038,-121.91083726431,-6.2226615686377,5.56387814959453,541.571393267672,-36.7105238309377
66.2964992183843,44.5439355856506,-90.2560032273686,-30.0602763478382,0.289612961219973,2.78982476034435,332.682530719321,-40.9919522759665
-108.127209500584,133.806015870694,-69.8533404119808,-130.295933401416,-2.31439938508265,4.93557025279733,648.087602916348,11.7944268003776
-111.611785860281,75.7435519063438,-25.9863083480595,-81.4598571105889,-2.26082991439034,4.2016147273971,694.715162734312,10.1132356114831
112.212740150426,141.69256418095,-104.234755627607,-127.687336851242,-16.2222555852204,4.05399665013829,90.4855219599413,71.7434054949917
72.3667911936354,74.6069723706169,-82.3432940210373,-98.662235403579,-7.96177629203157,6.2579708967678,-54.7390820056607,-52.0362657956794
94.5110715335759,197.925437977683,-87.5397953921929,-280.589645668369,-10.1734149637123,6.6635285028824,-225.997106842671,-54.2124499942875
-141.203670741059,107.063657999905,-35.1282520587361,-69.8169891257021,-4.64538942770741,4.00793042594887,1014.945665103,58.0083939371398
-145.821873808352,53.9499567690073,-17.8413986097003,-136.192732037234,-3.7471305718359,5.40519945623237,669.410036810339,88.5516010492574
32.8392586903065,70.5741915572144,-89.0749738829254,-50.3093316054728,-7.84440613773768,1.82344531567651,552.987768277526,36.3077466743125
19.1458621952734,64.6513013200019,-54.5626121594651,-70.386687376842,-9.78373867167102,3.54391271772329,514.069749411196,5.0211635066662
60.2306667689263,108.439432562034,-75.349246618076,-77.7443334090258,-3.36642913521791,1.71276917942851,-623.188688178459,46.8907294842647
-39.3004879636719,137.260696682053,-47.287933895117,-114.198993114856,-4.74523028925614,6.81517258821714,556.126753244753,7.04965772450669
30.0582407161273,71.6725955005677,-55.3844530853239,-147.588891197724,-11.4464919376878,4.42080926015842,433.850718797883,9.37416356970789
-146.467424136848,131.609765180922,-38.3951314435399,-110.129654701304,6.08322566299466,4.43090929407481,858.075598562718,-21.4840108721901
-50.0407879429695,59.4250694453149,-55.2750615977711,-113.839414750648,-2.55685659340816,9.52340280445605,831.250541402831,-67.726380151842
-24.5700820048114,67.2469377932284,-73.2991246388556,-76.8357749471397,-13.9271666124696,7.37286227133245,531.971290824309,9.95993928860844
40.4307394911157,111.458472390019,-88.3128029178624,-87.1955439521116,1.10804587235907,5.44847099766776,502.398144823574,-92.1874541751167
-127.737661645326,168.101978432089,-49.3738062675257,-166.178281389184,-5.615517956845,5.66104295727564,859.964324662287,89.077958631271
-158.030191588468,121.91810681879,-24.1770266550884,-184.154263757628,-4.54148759233067,6.44319829319284,326.724412839249,126.082485629668
-16.8366656325816,122.927624450018,-71.643379516303,-63.8492911403664,3.22906879411312,4.9811025239178,494.551347224958,-102.495313696607
170.298071003839,130.454633155852,-111.552523296879,-145.519770690211,-12.9286933599942,4.66555580559907,-152.298663857269,-43.0702965805685
-4.20770150075077,196.064140841729,-70.7640689667023,-89.8580205896287,-0.232206963570206,0.89807596326682,193.881505095604,-51.4898395665514
-10.6499750964686,50.76145434106,-53.8040424495703,-46.8492737407526,-8.63503437946201,6.56303449789266,54.5028516174207,48.1203361887664
-156.535973152801,79.9923241860815,-31.1659014514153,-14.0849156411132,-7.45670940259879,6.20403538209212,769.37925484791,42.5732546253712
-95.1606773854583,69.5933116055912,-29.2085562353604,-81.726517819643,0.183915209810948,5.45521763240686,451.741703453823,-3.7482905673096
-75.1117361019315,94.7729512082296,-40.9237871310179,-35.1259958541923,-7.55534205054573,2.24914410045312,807.516936633903,61.9003799714992
50.3013536628278,116.505406849028,-90.1820403704914,-141.794344242873,-2.61482440729742,3.93099324021023,331.200764029432,-4.19279660061875
13.5230681458561,92.6328112432675,-59.2889389912743,-60.0527604289455,1.12674108680221,0.228301488561556,157.399946948193,-24.1638226026989
-42.1778681806754,57.943661728139,-36.9077999722795,-80.1551846268158,-6.36852703924524,5.14894600354091,444.385310485199,5.636608889402
17.6836817896656,119.713539937264,-64.2892045473855,-107.611881959863,-5.7558641803862,3.93151619861601,416.607002516423,-11.1926623603335
-81.7005440738576,97.7396198871138,-45.1631273727944,-74.377093799827,0.863526480541623,6.13471753366321,681.431018576033,-55.9460739757924
32.9949297792919,208.569793493865,-72.1123361731443,-229.314860968156,-15.5235634278069,5.39762835345482,355.206545030462,25.1145404199633
-142.931261072285,87.9725517511542,-47.4282757335259,27.5022519834092,-2.24169779469958,8.60680698023498,977.638704981917,25.0508384856985
-58.698270984547,126.686655712256,-54.6729986217106,-60.3656172988594,-5.40884229395306,4.66544293896004,916.717566557469,-28.1182186388614
-96.0960937683121,88.325825246131,-32.4113336220544,-64.9127532875737,-11.1531767600391,7.41887385041628,-19.9653722575385,106.054798369111
-48.755916858383,67.6497584810768,-51.7909182370495,-79.7762881918388,-3.47973460919457,8.01209282528725,637.087825567782,-34.4028985168115
-141.427975945408,92.0110670661452,-25.7373353310541,-34.8001849642023,-3.14340183429886,1.7365220431966,606.531748612295,67.1427978728025
-8.33780282744556,153.041730459554,-55.3242559766659,-152.81935924443,-18.4877389152098,5.75746230406367,411.243102661378,70.4611185892136
18.0191978566581,104.415032955629,-62.4713254757335,-82.7934178621999,-3.08420748065691,3.11137361520377,175.543053454676,-17.1523071784322
-52.9600736691991,77.245533321111,-49.9648041540859,-88.5813568715239,-3.59273214834684,2.22480722161708,489.352007427204,43.4145999323318
18.6740447983684,105.535083311446,-72.923875621178,-141.319336530461,2.0081990937033,3.92575972847408,342.039088410651,-76.7521688804518
34.523699017569,70.3840100236121,-66.5560187830779,-135.966514818108,-10.520366043289,6.45068784547948,654.570747761125,1.17413203087199
-70.057322934299,172.135390370109,-57.0249922671937,-91.7147950149192,-8.63736820057966,7.33806306256884,379.394340251296,-3.3619404345809
119.584864316625,182.541197929226,-151.447567943425,-91.8945930944919,-11.9453283872208,7.03381719538447,747.453843924421,-93.9266505955238
-137.644517545865,218.299844196998,-68.8324241188966,-217.061260097464,-7.99711976542312,5.61728062990005,921.772061927739,70.3850052917696
10.5163897244638,101.166560457583,-48.7009040172852,-130.051572913733,-4.36492830331554,1.27008093558834,-310.636107886436,39.7249584088277
47.3542663269618,62.3297426328209,-81.2728705414484,-100.659508364701,-6.68190156828496,8.50589607143775,684.662701268367,-55.1853749174188
-6.64102832138451,164.037922854164,-82.2890117668867,-214.204207642237,-11.6732072360755,6.55219010316068,463.620206036896,9.79775412235904
-160.592198312405,160.842710174693,-32.1422063012433,-165.425646202857,-18.1225796860817,10.6607637627092,633.008821177093,80.877313350953
69.2077179231055,169.799581530096,-99.3891561230703,-14.2683526821638,1.83357952540973,3.50152485656872,296.851650649594,-126.613560015627
-99.3898244855081,156.982999368753,-53.7483605599409,-78.6329910198838,-6.08578866578318,5.49737284803996,540.770285187056,21.9098333731527
-116.326257181223,141.687560115097,-45.7170589423185,-205.944018679467,-5.73196727270988,5.25184026586066,807.811578184759,35.1874099202105
-24.8948336654576,55.001863418569,-68.0914707245556,-94.8171329518082,-11.948519261714,9.67206276905927,347.711507453467,50.3111244960601
-120.837213764273,125.229567677714,-31.4909602395637,-134.015200439171,4.16911475444795,6.00228370390687,703.253235731565,-16.1093947507834
59.9704823132151,118.21101440197,-79.1074590614153,-108.969461555564,-7.75170260341838,5.52364595464314,-202.546705774788,-9.8948489522445
-58.0559994871292,55.3924279585626,-62.1317651654099,-96.5779509244821,-5.94707055887557,7.88879607550916,770.524045136168,-19.039632743501
45.1406017474947,124.112833020241,-79.0258550402505,-74.6600828951341,-12.1292664761713,3.92757747830183,210.418920317912,25.0343356535595
-48.1097557284102,80.2023280001013,-64.704342957175,-107.544325442344,-6.10218826256096,5.47194688869422,274.381081904081,60.2466370553302
6.64992902251834,177.506881606052,-75.2106626487512,-196.600636943331,-5.23388107318897,0.162634204525602,112.494375251146,62.83784640474
3.20642615275574,211.874582692708,-96.1013932201604,-195.526555055738,-1.70428229561367,6.60120322989769,411.155551765074,-122.143268424965
29.8171688151051,112.361933146516,-87.9852971235086,-211.953960838913,-8.81957425201836,5.81142755418841,1097.76889577119,-78.9821217247081
-49.1253709580051,180.688111125259,-69.9669569412727,-249.451444498758,-8.53698462570901,10.0370502686637,1295.87992237249,-29.4597024779578
-6.61400114799471,57.5279694988203,-76.2915968548186,-27.9157852664648,-15.5305928143789,6.34871703777026,286.242122840245,62.8181419229368
-83.133686488145,44.7206965369332,-38.2481120861412,-24.6050129044452,-0.910272497407277,4.46566398340474,478.543350069449,35.3098067840183
-73.8055759898707,115.315024422482,-44.1120316195811,-116.90388708613,-9.33275313796548,7.0367529006453,843.672914932024,11.5754821620067
13.6771797962365,191.053966036139,-79.1184847094992,-161.242459584828,-4.66680424104561,5.01349656934326,80.1899332055823,-0.672667719547462
-284.233489968814,181.415008901586,-4.26795611890338,-148.012251382497,-10.2956284988613,7.82406135587371,960.289378570684,117.722652130005
9.74842340277974,110.850611505302,-62.7428368237743,-126.628093809908,-11.1621335598029,7.4406691827171,422.070433476722,-24.4021401048958
-87.1876752152166,90.708466107244,-43.8027082971239,-142.183369883693,-5.73265625739077,7.00852409732761,451.930331173209,22.1410832006804
-147.236849957379,134.333609484347,-45.65806961413,-108.55826969663,-7.0701878562104,7.35752096963915,811.63688988339,68.8593557950808
-28.8120270538529,60.2481312390883,-55.2390853913166,-95.9945743012067,-5.03228581087023,4.36991250987194,602.311414024647,31.6252772615408
-59.6688885258627,115.868425523076,-45.4390260142027,-60.0437101062198,1.10045550805808,4.59082736588243,485.043213754034,-37.4785393549173
-116.055926881351,115.931557512027,-31.133776019793,-80.3772612353787,-3.17950527239373,3.84170604300743,758.362067616719,31.6709136969985
-100.592140694826,106.990320004086,-66.4300080544344,-95.1334351168771,-8.44285704986328,3.55355885816971,300.554787874669,165.699853182081
-62.1942897230547,49.6444810023095,-49.2676334157586,-50.5335438491602,2.6556007906911,2.19470033380276,519.099240986805,34.3104335105381
-121.173490167152,95.0288684652332,-16.4686422061327,-90.8537051606327,-2.6782889501801,4.92245551853557,121.319735699496,80.7391339208643
-114.967119715977,75.9551696254057,-43.635709496979,42.1958156861583,3.57064079165866,3.93395887713268,430.539997485379,-3.85128728712152
19.1699717884621,99.6429085439886,-48.7964030490439,-14.5762259224284,-3.98515004528781,-0.630891594486457,-12.4784710492459,5.61768084499636
-10.4096677951893,283.110969397763,-70.8338778366742,-222.796669423352,-10.7082599783025,9.33847108343616,-119.505120293587,8.55378793385898
-228.054397370259,172.745119345622,-17.2461201628976,-169.989479192329,0.691874222044135,6.63218047402188,330.725551896408,128.738636609502
-101.423936381179,151.817807670649,-59.2547509881188,-9.40105898253387,-12.9187462106929,6.97402946952207,914.327221368927,18.6332142281753
32.7556771586242,68.3616446801461,-89.3465667920063,-68.2509188243566,1.4595881732821,3.95872272503038,772.549601469654,-78.2981916962599
47.230588024584,135.215509285597,-54.0665234518456,-165.27487424203,-8.16813777812058,2.86471970751882,37.9496536006118,15.639387584808
-118.439638765252,99.7854882005195,-36.4852346226453,-113.753054286775,-4.71065837684728,6.87740520396619,756.949827820587,5.66324905988586
-101.102533810932,107.847020323185,-23.1778115329071,-91.7537158583291,-7.31654460772552,4.65206581258826,401.447659464538,106.764039283298
-93.9579011983442,79.0719139424182,-16.7600330519635,-74.8786338454229,3.43825107822704,1.84625307565148,273.317770322537,26.4001504349726
28.4550907848388,30.0151720404974,-26.9136955290451,-32.914232591138,-10.6576838127294,1.2666145987896,-52.6242922812962,68.7057769713538
47.1905383337726,168.781225786835,-81.1853802559126,-102.190684202433,-8.27979622701241,4.77622597088521,352.196978909524,-17.1779112464865
-19.0037636592606,116.279323468858,-62.2790410919697,-94.965229903788,-9.4426840259548,7.64506070391508,612.206301764629,-10.2084579538787
-78.0516449924908,133.30530756147,-36.0385928442993,-98.934120198006,-4.48398216592614,4.05070798723318,591.792051471676,-0.0091981689856766
29.2991699179402,47.2945124050311,-74.7854916157376,-92.2810791666197,3.14465547169675,5.90694742606138,382.246764363117,-70.673413452233
93.3033720288367,159.977820842156,-98.5541356576359,-70.2129753754125,-5.73654685778456,2.03045596927404,259.492174670799,-33.2807506657264
-25.4787782818021,159.34748829047,-65.8422598085308,-177.769146012187,-5.62996670896246,1.77315495340736,-332.231451872416,128.140895489272
-73.6668325042119,223.190348784687,-37.3423587433726,-241.075024430487,-15.9150231504755,6.16868503059959,263.646507666446,65.0438003478994
20.4723787517869,124.009033989918,-100.647189002077,-132.408716537291,-9.73575415824598,6.76334817649331,681.327951524683,19.667274325082
58.0211685604445,93.2872697579733,-78.726532055196,-112.516658776643,-8.33407354180963,6.28261311852839,560.684886297837,-44.7439200816734
4.36291022006844,129.222479408418,-43.4572750608495,-145.234083064494,-4.62933327411156,3.68024034543487,285.345060884938,15.8478166446002
39.8630093419633,25.8516115343737,-41.0493799686737,-73.1968542589166,-4.76772124722629,4.41522325927144,-121.892305562903,12.4795561960636
127.88584311416,112.746460535156,-81.3221297298733,-133.386375641654,-10.716661133858,2.47933809671667,-142.62038178082,-46.6389639165282
-106.264534245507,141.424987321916,-64.4238803446642,-149.496642817896,0.23459128185641,4.59798695021891,340.474232818415,65.9724499898366
-35.5684410429967,154.561310466204,-47.0253311604029,-127.996308744216,-6.54608820858994,3.58217509249516,167.210654002221,87.8638409675114
-79.5843895443832,20.9883198317548,-38.4142473040265,14.3399240949348,-0.440277991299808,7.80693622979743,129.624315007735,5.98829172256228
12.0702980465048,179.659041953084,-79.1811745220173,-236.841155362847,-8.16037752643751,5.32703830968239,382.617082469074,20.2593891585348
-146.03060375429,115.841909804105,-71.0528738023495,-138.652530083345,4.90210363452206,7.04638301057275,740.865372226108,-0.995146755798487
-87.2450308413827,48.5683115545107,-44.4104158607952,-9.9483747977356,6.84367346475528,6.05189410144521,574.450443830196,-49.2116893419297
-40.5667005771074,83.6252873543963,-48.0118703557,-80.2102030954848,0.469654780405108,4.54795376956463,642.490401403476,-3.76792035100516
-136.951776836748,162.031372873433,-22.9890149275598,-63.5177060882634,-9.01986191474134,4.15124877177004,491.121863389981,62.7646956923418
95.0666237870755,166.330061317916,-106.468526792589,-61.8306839248253,-6.37477683831457,2.92394802174022,396.072076640659,-66.2209571776039
2.00815122609492,142.827874430688,-53.6687633967267,-142.044992026989,-8.92626440478489,5.02254242381969,474.316566628491,0.900868482043734
-17.7497541608318,57.8647066684498,-49.0574340863386,-110.613543320931,-1.08415498262184,5.1295943283003,94.6492781758425,-32.5329020982172
18.63856482337,79.8689216906714,-54.6674924790423,-108.219923919634,-4.79628163063899,4.55036192379339,266.658467098809,15.2563992569267
-93.7786948150388,41.1738881609781,-40.9903398143942,-120.817598381982,-3.60575305239763,8.71507850123271,440.294221357275,12.1944223779428
-135.59478755384,130.808140714405,-21.6396357892081,-100.344653339947,-4.74590422783513,5.44499103977796,748.199428526401,2.24423561702133
55.1818921330178,151.216657183904,-86.4348828750881,-149.533275286994,-11.3164050687337,6.69207106763361,407.603159442049,-45.0668992913561
-328.727770096331,107.574423391372,-29.5038756927825,11.3095678195969,1.29899805919558,5.39466636592988,509.018545341061,222.487899101232
-20.5926454009605,49.9499384094815,-69.9957195388706,-49.9572611589683,-3.20825822179904,4.2857162324508,533.208805876187,-0.462442523188656
4.05345700910038,152.767978608394,-96.032217986809,-25.5547720407194,-6.36810018909455,6.41225656680763,336.848383701355,-33.867920216413
-271.314607526467,90.7263002372783,-35.0162232507137,-79.2664675855049,10.6620112041419,3.58752525976888,1150.74473223131,54.3813452961185
-22.2095425130501,97.8534214140091,-75.6428486015138,-103.199078883234,-6.07859963164083,4.41845633924822,584.886221863846,29.9990618958545
147.895101096699,228.099126621848,-109.913865660346,-100.877190257146,-12.6551393369346,-0.804764603017247,169.159265543203,-8.89777014792344
0.692338876528083,117.543525359593,-60.9383760069177,-149.371825877199,-9.16323387570992,8.56748281326145,506.078872674552,-0.56282496068161
-36.5484698984073,123.995844843954,-37.6978281515767,-119.871652046917,-1.54442293028114,0.00342739528423408,338.189525412163,91.9072916183941
-90.7055745799153,66.987595042352,-27.4470103614767,-60.2252715559007,-7.93049076522948,7.12131411998416,444.229321509454,59.9858422355173
-243.694618819281,86.0177366053103,8.79296766182961,-140.577946806472,6.16498872950461,2.44136798095496,176.766941911672,125.648473964975
-136.347471638026,74.665713665152,-20.705363093919,-68.5088401392859,-2.89208993274951,2.49822905345354,586.150981078565,54.0920392168773
-80.7226817970186,110.650167018233,-54.7683639243769,-99.7561104703709,-6.26660834551149,5.38973317097407,891.115987261903,23.0836703196619
-22.469271169859,118.478614900359,-46.8888486717206,-66.6225863351137,-8.10646673322481,6.72448986858944,259.407937294083,-13.2856560465152
-113.544981307685,164.534199578658,-32.5707004284341,-156.136535248646,-2.25359029866377,10.9320413298847,786.875382013146,-63.9870758365068
-59.6219313169859,142.572478795759,-50.2233840223926,-154.787477562,2.92311509241881,6.39218579605222,467.762214202507,-15.9568248006181
8.56959280550655,29.0884987395257,-92.096910923181,28.188216450224,-8.17572933527845,8.39443424846104,1340.76086678384,-117.488194185058
-61.0080774199396,98.1285860876706,-53.1767054564298,-64.3151650499858,5.63922071349953,4.73405001974585,321.826809870872,-38.5961287975369
9.94597909165896,57.9583534462872,-75.0407044118183,-39.3532867311333,-1.99480107679847,6.61480334517546,746.850376519098,-31.2362184798694
-46.5241817657516,214.487173753907,-48.3685183289272,-159.343868806172,-8.92012001317926,3.39855895432993,-19.2549961132172,70.8906885513411
-61.2904666099348,118.411883302237,-45.9483823784112,-129.608239326597,-3.20597761879617,5.1973519690946,530.601561096817,-3.37051685978804
-186.801808355929,100.466849241362,-27.7511865966371,-65.2585955487157,-4.26415661562351,9.80835028932779,331.719002842838,47.8762653408776
-13.2563792534347,60.0197302509041,-53.6964408142376,-89.9018022136297,-11.0055234310635,6.73043020599289,313.175148596638,34.9922776052845
-78.3119248915173,29.2403177184024,-20.944845381222,-43.7598463029499,-1.70012667470291,2.55850085970451,277.168608066584,51.407772266175
-12.9735622315893,136.569297248992,-39.805623726581,-101.694930359867,-10.7930256213403,2.14789278665558,484.232517799886,31.4848128843078
-71.0615377922077,109.212971485307,-45.5677867611521,-86.1645606779084,-5.90033876702364,7.86957004297437,704.251420144445,4.39627877558451
-80.7658619155409,121.432782461168,-50.1100791725039,-125.633685398258,-8.98088963386544,5.0096074018511,898.799953277492,58.3927882932767
40.2963712384371,44.2225283379958,-70.9011937248433,17.2090992770682,-7.12840368261095,1.8319268357518,534.473162376436,-0.855321143841138
-116.139018713671,100.891506081054,-40.1080800886775,-58.8508668827635,-8.38695952149283,8.65401334730996,1344.27783695279,-24.6825042483106
-113.778763202077,49.2228884238793,-32.4808486877591,-65.8908728383067,-1.47138235141756,4.04552796021017,277.083569694227,44.9614242478856
87.3329308298271,151.486561712372,-68.5185997685567,-155.514406818875,-12.1326182568682,4.11009615511284,417.165909386749,11.3032394347829
114.444719764091,57.0936906748684,-105.159128505387,-85.211039859947,-2.15202906645209,3.04924404936901,486.210243022462,-70.507747868367
18.3383232925262,88.9483498914415,-48.0736133231112,-264.30141494557,-0.843551975158334,9.38363862937331,258.195629691014,-61.9128884194652
41.1585324820699,14.5387026260432,-11.1486743753485,-109.701442693688,2.31084326717246,0.763126149366144,-32.9662953505613,135.702170029435
-20.8461950293713,65.3006286912569,-19.029051677906,-81.3674325629763,21.4862951290124,-0.288633168122033,-165.958966241917,-40.9259307342727
-35.8012956184175,74.4806126990006,-24.3995539108,-29.7647803293949,2.09609726621238,2.53317759878337,650.920352198489,-52.3949052429871
-107.00439259877,135.762498042212,-34.681560534038,-153.201830172133,5.3103568409133,1.12793808509741,456.451632400509,25.4732942972987
-281.282955433271,130.103457807265,-31.50183939825,-169.110565217052,11.8696072374005,3.6116789507505,602.973394467132,7.68644465727266
60.9023460688913,157.912726972005,-52.5655863354332,-81.2370583149968,2.7755650987674,4.72922512167133,927.129412257884,-103.14852355019
-125.731196491543,98.7372645117575,-63.4440111449985,-126.841083401785,25.1534874040226,5.24030550489988,9.43052673486818,-130.931330054082
169.15989331888,65.1939999433598,-30.9987951669027,-126.896666107383,-4.10166748312452,1.64477837676532,108.41930982325,12.6795797200534
-51.0586430171461,48.4566962021854,-60.4978008279395,-43.4212232369027,8.23102704511984,4.7157378772763,632.503256048192,-100.99619975932
51.5083772326107,80.8764364655508,-54.8059383743239,-102.340602637123,-1.22083442493749,8.40283838224423,878.40926289163,-27.0769485798228
-96.1511103563898,146.562904546998,-52.8258762516489,-159.750863528301,-7.07911800919101,2.50336562561279,421.190447867495,42.1861418897024
-213.414589753,91.3928231562604,-48.3221925762264,-100.420741123824,-13.9758102843916,11.2937988336344,1285.64827927708,113.609150034852
-207.811556491914,93.2651892437971,-27.9199626395712,-179.758549714272,-1.52871970487467,3.30360743281199,698.429021163982,139.160302298209
124.511065034258,46.0488791286334,-69.7206669876869,-179.496321099694,9.05708161354414,5.033720727326,780.658135733,-98.6749542416219
-358.757223226268,45.8304620655108,-10.5958670560212,-106.270683779003,9.25650490469343,3.07353066451105,504.056595689792,-20.174517609179
22.2924258297426,32.7246337059187,-23.459264822508,-52.6508509600681,12.8465361284398,1.3694193160627,416.065139107733,-75.7774614445298
-47.9748770340157,92.7809045343311,-15.2412257387305,-138.312778555375,2.4338443519373,3.5259156011889,440.426609861888,-0.859600612166105
-135.324407104807,51.6747943739902,-35.1321551601141,-98.2788567681266,-2.37266991913202,2.01606137221097,512.737016735453,-33.8605865191967
-56.1398444472215,33.0657626419852,-33.663412913018,-41.1870974089543,-5.89395612948283,2.46786003396846,-9.17581741645699,8.21776391859748
-21.1045351533976,43.9392203077732,-28.6218926011934,-66.1666124349576,1.06894993712194,0.870488847314846,-11.8188904436392,-39.7189479070075
-70.045093272831,55.7778425058787,-29.6398734903778,-46.5132260541795,7.63134626143437,-0.345081009289061,-167.134203949943,-29.1171796040799
-81.7777340550165,41.3353439798011,-33.4362990147565,-88.7474379928026,0.836634464103554,2.51007198711523,268.174092795991,-5.53975175661344
-96.2453371640004,92.6631554505439,-34.8457453255687,-55.0312897194526,5.69780954348971,5.79910332005238,747.965312259606,-99.6544934768754
9.80049569826224,125.400295061525,-42.5614001536742,-155.656296153291,8.15847148845205,4.59617649152642,128.49739046325,-139.348970727042
-11.9285418241634,87.9711817636708,-46.6607899239025,-175.570557850007,-2.35691493663762,5.49072344519664,423.016482555802,-34.2032541582485
125.522465448768,60.4329106280675,-85.2978159143095,-116.214277239735,-3.76179160285392,1.48347957477381,184.575738336367,-75.8207477207143
-2.25974664581008,190.602001785592,-64.7964552131452,-195.0930278413,0.257477082002879,3.35125781319221,467.505896025163,25.4465283173195
-6.0060900446606,104.549670257939,-47.9985963272047,-112.111539884645,-11.284257751744,9.72487169639498,-220.486629560182,-56.6652662743945
-358.345301198467,35.4315119516104,-30.1877833668186,-72.967689207464,9.81389093768666,2.64198465282334,382.835109406842,-32.2089933959942
1.55061351387121,45.8179735203776,-53.9120860499243,-120.210457122434,26.1318889868271,-0.0405738768458832,213.58350844754,-166.311726946282
-253.127728639607,93.5111464796937,-37.1549440939853,-205.471750708355,24.2003756321647,6.48777771819232,1542.90629144799,-75.5362282121787
17.6790207629638,98.1387942304718,-74.7480860177748,-57.8538757555143,2.53230807397631,1.98183760175743,113.794317149557,-45.6607125417795
-62.9483312259435,61.9239305791561,-31.2083500259178,-85.7591039095132,-1.80066019285005,0.804942053640843,166.233938992067,-34.3764145129826
17.0856768892991,166.224654695747,-45.4982565659739,-281.401309363795,10.8954977083486,6.02147228324611,1316.10262918824,-53.340181205007
-149.816656384297,-1.06613505884889,-64.6416450960678,-90.4855474650067,-1.93459210690344,6.30535298944596,-7.55861190066207,-49.622866945283
-7.55997749723792,77.0616419284515,-54.1821495556942,-173.518176528567,13.3840494718993,-1.14027696286939,428.614637402628,-109.427439644234
130.153871580376,105.704695008016,-90.6418047085608,-112.540077371334,-8.28910034734872,5.42081201916153,240.229540869128,-81.7400516536363
-161.360086862442,143.701575599698,-51.0681486127287,-113.83980500685,-7.3416331224289,2.61806573382637,-67.7699444895516,101.062413380532
74.3835940645367,73.2678034308628,-76.4788429283799,-194.372376590903,-6.17764505746891,6.52293484344409,444.4876619243,13.7153847147806
89.2841127185238,85.4021464001562,-60.5065869780738,-59.6294045219838,-4.60917311452795,7.69137678403058,1127.29735610576,-78.6482736827893
90.820443257282,112.575471463075,-65.5848514378449,-91.7860992284259,-14.1795081048913,5.75081898621283,376.202194531603,-47.1615935532172
64.8341888739615,89.1064915346942,-39.5242730311511,-122.152929956719,-9.55334513320122,5.98245009122184,-80.757595659903,-10.3001192865049
-164.800350428719,82.4714974805156,-30.1577348400606,-119.641241579186,-1.6692729854185,4.39094418857712,894.444575784975,-51.2236083428434
-103.3930322456,209.500414823739,-25.7585770092846,-195.619907429864,-5.57219899893244,7.0324466755992,-236.322086000393,34.2945705390302
-55.5844068201332,67.2312183012837,-72.4274447563803,-62.6729246142204,-1.55694658422726,7.01192438042199,614.354579974693,-109.564600152389
-73.0692770929745,111.135022963485,-36.4197925854205,-105.69446294559,-4.5537820198806,2.63113839016296,501.191225865943,59.7344493793498
10.4189180057328,167.392341442123,-72.3525669193477,-173.533992130135,-0.20488305237086,2.33538952346134,74.0683189004048,-18.4726667949872
80.8153887913795,84.325368573016,-22.8244373452326,-122.215718138723,3.26914342075179,7.98993875486485,605.213971244182,-40.7930181950014
-5.98271543442388,144.430974737974,-81.7484514907992,-116.547104363488,3.98316586223518,5.03213456962703,746.929513346506,-129.052753911572
-193.799695666559,116.225529717172,-32.0385912372294,-112.774067696344,7.57692271809628,8.12455381586915,482.045510538592,-60.5171454103911
-174.390531655372,83.7285726747789,-69.8089815579006,-96.4156537152012,5.78519847377902,4.00340623989177,269.970248544905,-85.4696048366732
-130.789996920081,51.3021762285061,-78.9202435749467,5.66925254735543,13.3010299807356,1.46080191618239,206.11116441022,-29.8933304322272
28.1721751146615,81.7070403107791,-32.759966664933,-175.517352353556,1.05076268877019,1.7636401963573,623.980160628358,51.870252304725
-142.965811312948,70.9490927457664,-56.0178362774022,-121.851458034882,18.4475618092401,2.38317484347499,-592.098563211541,-57.4907371651789
-720.75224229501,183.527574501029,-48.6447404624632,-170.120854757406,11.3147615851776,3.1276535622892,-580.725472311213,-44.633859122463
64.3524395177374,146.516791289978,-31.5520506208886,-162.997612572381,10.3101773780822,1.48399700564187,1047.66009315089,-123.472713450989
55.350305542248,105.249188438496,-94.0302455917845,-80.8207448424073,9.78132788129005,2.73517725078273,1097.77678413347,-35.4221890861227
-458.778887166583,0.0530865316686686,10.4898974460521,-74.7536642008199,31.443934288749,5.00769261315872,38.5422777570493,55.0856345587927
-348.037718480016,184.986275276418,-9.68610482538497,-211.030284191103,21.540901896602,0.82385915654595,9.95678329665679,136.089450780477
-104.245528788044,99.8801523892325,-36.821631718336,-120.020971045305,17.0040774231893,1.90242940949975,1840.66884208975,-151.55488729661
-347.750798985267,57.6003129523233,-34.5857652923587,-43.0123584496614,19.1828007585136,4.60856069884903,763.623005210538,-59.9676951087458
17.2429786027933,138.240976564564,-40.4691510594639,-170.458779672997,1.89407757546724,6.11031663205358,367.088343979791,-56.271736222483
-243.607788733127,-3.16976093992707,-24.5791903228819,-85.8476215051378,15.4997679149237,3.87040221654024,844.00318978756,-132.492613396804
-187.559889392112,80.6933163140566,-31.7009530799114,-127.224931158504,-0.80469787758193,4.52007510868134,654.226077137195,-102.514705136749
-241.388538896429,143.662706247565,-4.33729200241214,-129.878340266267,11.9763297034588,2.05799098194984,317.233382607403,-5.43953907809919
-195.041581107871,112.759133550484,-29.8740838457888,-153.210158984599,12.0393531895679,4.57020927727717,938.577448050375,-103.617225146903
-149.833286278532,47.5730650016194,-29.8574066044093,-40.2158201900093,9.3735955603463,2.46933012847148,541.107186789064,-21.6912301033663
-340.338144116991,107.233972704926,-1.75401483543101,-155.636652582965,17.5219838855319,5.82477721484065,858.311672268144,-22.6969493173965
-368.891294236877,183.211857517032,3.55016604700359,-202.04160343745,13.3342520922497,1.15708670104505,1335.1963483716,22.2409646296001
-130.519178058523,160.005385872937,-17.6007193851692,-73.0990997145709,2.7465252838274,1.78627481623334,253.82701121211,24.8295863265212
31.0795070662862,98.8669588610064,-52.6782938235774,-102.83089128416,-4.02473779044158,1.07539999681467,323.706614422452,-44.4593831068341
-115.66887418917,103.638955019385,-46.4195307521732,-144.749434236015,2.11020059633302,6.30902607830649,481.810995627937,-51.128633312328
-242.557878114632,66.3861446162045,7.91249357207562,-72.1631635556696,10.5404592676714,5.01430695541785,1413.12339988569,-4.69044494412447
-470.487659155329,42.066357442076,3.22779939292377,-128.522969858604,15.2367773675796,7.24205432246345,1183.67170517125,-91.8876377621928
100.030729799735,85.1129514539207,-57.7708950128435,-161.225147552817,17.2172650803986,1.87849037478236,-283.978519236771,-130.612328532303
-81.7737232872896,192.237915004021,-61.0961237310694,-232.326487866987,-1.42333703822806,3.99990422697374,1022.4487278273,0.928700261036283
32.0752708272339,130.079163491115,-93.3056859648059,-98.273432042246,-4.72831893352122,2.66295369140607,-7.58063061759822,-37.8130053832283
-157.396752040324,112.549252551908,-46.7416267946683,-181.239827511186,10.4821761892745,-1.7932152669382,-238.388716231086,2.71181907254504
-52.1253957132285,46.9688066763283,-52.1413471313281,-10.8340526381144,16.3260914423736,2.40723333737697,509.196499933976,-96.4387323055307
-31.4607150069642,98.0802522986487,-44.0444207953533,-105.756577509374,17.4538868760937,4.08972429163987,-14.9749451380339,-54.376789518612
-138.883633071353,87.449400962083,-71.4168529843155,-129.46667248923,15.1342884745518,3.82963980116983,1154.30379546397,-128.724589572492
-320.246878632155,184.639715202458,-52.6008694775956,-109.524086707272,0.046608995180577,2.68158977600251,791.000176839923,-8.50750963827886
-48.3330142989689,87.637960754364,-17.8552546806259,-101.843155867608,11.923236839968,1.14482659661735,784.058457609382,-48.4266145064839
-240.016229228346,95.0683458959102,-21.4642092212016,-42.5115540403931,2.42619989436935,4.43808899707801,793.423437829246,27.2756011556994
-299.36513862179,59.0170037662174,-22.1917942729051,-50.7016754238575,-4.76396082618157,6.83949837787077,600.05623492875,42.2731460384821
-183.508775500683,107.182736407471,-57.4423012227053,-156.980828667205,0.0875350821443135,2.56456556779449,53.4802651954487,-39.6622484187683
-45.1197261068883,57.6442062714777,-41.4107118121465,-46.9035167111797,1.73591262556147,4.96166073702625,1226.4408928335,-38.7982786351677
49.6676910489605,91.7217006761348,-43.9290486444079,-37.890680640633,9.91176194346917,2.69353420863627,718.29156386925,-60.5033678491563
-112.313871930135,110.483521642433,-64.4732503584382,-129.136928507091,-1.79360080127663,2.47442483631312,-129.893813925722,9.71262398567706
-22.5643395766965,243.07535773053,-48.6125077071629,-163.731027437447,-10.4609308069377,6.99325418492663,658.872762569014,46.8358402483718
-271.828034020058,44.9211354428026,-30.7750424395417,-21.6539087444253,3.08811804736615,8.04061117500532,649.995565726436,3.40959443248721
-25.673634068371,17.4995416210713,-14.2013770102276,-131.620722168278,6.79220962684485,0.315886337215488,-216.904919446883,-5.8694161278836
-317.764099373424,160.713815371855,-44.8934033618716,-226.26416870614,-11.5381384092034,1.95306014997186,50.6244047809887,97.4613903858117
28.3132520401632,79.5463697096566,-47.3975746408541,-26.1838248788554,0.425942374073202,4.66055271917139,145.390395872673,-100.005046568156
8.81223710061749,173.740414851673,-53.8296356070841,-212.954377403679,-15.7715941073111,7.07863006863045,766.778461664784,-62.5615291254617
-149.809006036638,98.2643673502316,-14.6112916991715,-96.5984892816632,10.248589110699,6.36874486373563,825.14253126015,-17.5470612180416
88.6880453858466,151.921814781701,-35.1835390444612,-78.8559236097062,-2.27215109940153,7.17676303751068,-56.4427040058654,35.6806396267202
-296.454366712278,82.5159113402478,-35.9701013032172,-92.315061733636,20.8732701629197,7.82112454427261,305.252144686325,-136.252073843392
-181.091589000484,54.8508819911367,-9.66081471572397,-119.77176895827,3.56400483756443,1.37798910000129,-215.702286027679,3.09340066910954
-43.7642922943342,129.153328791697,-45.9439459049463,-148.538617802842,0.157512164878426,0.147951155922783,657.029062410176,-93.696774581811
-304.319325597025,92.0170999894308,-23.6100637385243,-96.1926390821463,22.8990300529113,5.80416916420654,378.1946245297,-2.04211929633129
32.4726704439236,131.421758792683,-28.113941124444,-56.9582489202294,2.23088184082008,7.03864467440872,288.212788108533,-42.5259701357136
-50.7748799747787,62.297481913105,-48.687622088939,-128.522420080189,8.87705335953797,6.15802982227979,420.874740209983,-142.689230880282
-25.0543237087841,75.6450082242663,-72.1675050569174,-153.509455724929,-0.716877019847743,4.69793067526189,30.1035484740278,34.1641090490957
-153.648339352745,94.9672564911089,-42.1903337367912,-100.269147984145,6.64608545920055,8.38918545312481,1197.18950078377,-74.1310640852025
-303.109907326972,166.145867950923,-51.9930678489036,-217.036787341043,9.16264379322092,1.14969937496062,616.89094131146,-68.398888109492
-56.131998631754,72.1117089741056,-52.656462509447,-132.428755340923,10.413565298395,2.27446507894274,187.991005503281,-85.1443105860953
-42.5295377394759,171.899731038819,-58.9131859444897,-210.563202834543,-6.4148865363095,2.91510712658055,-1.15919934134581,-50.7968318444837
-94.9479323305059,126.662380783469,-53.7665903123852,-128.98964613934,2.7425446358975,4.533888784179,-585.452867254506,-0.755445460148621
-47.8250409612447,138.842880994569,-60.2439797239131,-167.716776926216,18.386670883483,1.18574495143548,196.40160209022,-49.9072270785255
-402.135785799794,98.2890699224154,-10.5170317167212,-76.2825602064258,1.7442207545937,6.64732321514748,915.874501981863,1.19252298920037
-91.8437879777484,133.29258815822,-26.9636847950242,-119.797296154677,13.6826852521481,-0.389205675164703,471.320523259841,-47.979362957456
-122.152048043397,73.774546630797,-53.3453658438866,-91.0041893920679,-0.199739941977896,10.203953648539,1135.40974193206,-49.0636846740563
-233.149230177794,99.6492197569169,-64.7867318313802,-118.626836986572,5.00550415683756,5.90997611053172,769.510653788737,-80.2063842243078
-219.992448426747,104.218833335701,-37.351876438217,-113.593580123343,-4.65070328523507,3.77751317799994,482.529296348512,-21.5275621016917
71.1098824464498,162.059966474655,-104.369430122668,-91.9928863568639,-19.0500486831115,3.04117701735595,322.601887741406,-1.24327854636067
-258.213644336152,84.7750903982524,-49.1301185590128,-19.7799441927746,6.34070557096857,5.84153554633303,738.80195228805,31.3416407679906
19.5282811952638,167.984394098137,-93.3239232376582,-298.749048435835,-6.82917208368599,0.381541123966599,-72.3556333242159,154.575110190308
-184.227224934832,126.889301114003,-33.6226010142273,-117.602179714944,13.5191290220246,4.49575010447006,1083.35269800166,15.8360464332072
-108.524747935066,126.717848497836,-66.9061507860461,-223.863895612521,13.357944293879,4.41355769272195,744.2767678987,-132.401410625811
110.11552068842,73.1193497791828,-116.396745563325,-31.3591842470632,-11.7203414389078,5.68521684157895,423.799359951779,-100.907937086682
-374.227096660958,117.581115936846,-16.2002633824159,-105.325561577261,18.9639693017307,3.69271447326173,676.863378687587,-99.8306481132313
-385.667082321939,158.769959412297,-6.45187649541185,-145.719847094966,-3.96043964919954,0.638144121679943,-271.542328768468,136.20220114039
-163.348410380087,78.7219194573154,-33.2959084684553,-56.1823316415248,10.4605526378582,5.67599782708567,-102.234651746752,-19.0465042543074
169.704042013476,111.26296516251,-30.8982509321031,-157.94742046688,21.9876736013266,1.8308527812087,-538.917222575183,-69.1398980194426
-299.943694650996,83.9543957277783,-26.2897535179218,-71.838581396647,9.91815622041759,0.0182803234129096,988.982420572196,-64.4882440555957
-286.468444924656,130.685508108931,-9.69037564157043,-214.95467178509,1.42024341413708,1.00275354870246,279.318203408882,46.9552554116817
-42.9988371814452,55.4526665287431,-30.6278858776277,-165.282771340659,-9.00903496608953,6.71681623874974,1040.15635307573,-22.5188414471791
-46.8144840088587,23.2798322004091,-26.8048992836848,-39.9725636348157,-0.16513751851744,6.31795999711903,23.2988492823133,18.0991746092859
-46.3183260169171,103.767204778604,-22.4223062935052,-117.061143772051,2.06987027650757,1.00764575691574,-82.7141778307559,-6.98954881727695
-19.2417651145515,127.208572794654,-46.8166718915454,-104.177482584986,4.93114749861888,2.46777148418187,453.116531933539,-71.3480350394384
-34.2552824425729,64.7527835005312,-49.4147583433369,-91.6540243756026,-8.94308902538614,5.78278269097791,-28.2647685178381,1.9270662596391
15.8432174686459,56.4794388525188,-52.7610587637755,-62.3749355152249,-0.699202559597325,4.90381095472549,205.242150537757,-25.1446758308884
40.0662965375232,123.245509065142,-78.057568988228,-236.434931493422,-7.68707574421569,5.31673783389851,508.873462151911,-4.82180626507034
-83.2835257689439,182.639352727154,-67.2380475202408,-70.4309452100715,-1.36204276059289,4.06347577216729,1186.05896747671,-31.5346926562743
-226.14126460925,144.118258751449,-6.91425850105588,-107.691527632021,1.47938126223016,1.96035808481975,-328.398814472948,147.135609711142
-34.6012952541496,90.3429549534048,-55.4922981932759,-172.880912216322,-4.24405147838115,5.17011389529216,-7.07605526532279,25.3071679393579
42.2819345572643,128.866764128165,-88.9859613254084,-97.7907576734942,-13.629807817837,5.73248891754338,-387.744061584672,23.166426148935
48.700082889336,85.7034572858538,-43.2600408371363,-169.173584528304,-5.04472517546901,4.51366163921853,323.038527175726,33.0686413457443
-33.033457896614,105.094282966518,-20.5714101141057,-66.877934355929,16.3156829223808,7.31529872338433,617.260714875301,-67.6258163888706
-91.3651645236168,105.191398418332,-47.5569860426986,-124.37049766272,-4.29414776491467,2.50798580160881,1015.32988302063,20.3334232023044
-61.1618850388986,115.821813808958,-31.3481257328604,-145.987846412172,-3.13397570335655,4.56927532497502,553.90388134899,48.9659160248411
-5.83968093672593,85.0171345012859,-79.1306506752007,-73.1239561403781,7.09187085783196,4.48193066249223,531.260286242905,-122.498505439748
-13.0415183673322,99.5383882153246,-84.999027916987,-150.964831775382,0.606841772707412,2.10850830674462,376.379017106465,-33.738862901344
141.066949455642,129.851142771658,-88.9584202438637,-138.898595993403,0.4254097189405,0.48089304898167,-221.590989863216,-27.4292659707426
-12.080862156763,29.9251455553949,-39.0281577235874,-55.1969593500326,4.50838597109941,6.45063987984213,840.024514807039,-71.9459306139033
0.36072287857678,61.0163901816413,-30.8801153759377,-56.0171946347837,0.416454093395259,3.99874001770513,449.199757872091,7.15751445760725
-154.436427784036,56.4014017495065,-40.7228776945267,-70.4281578561495,8.26259274902895,4.7435436941887,905.570731151849,-84.7415473468864
6.86112989317189,138.114279411791,-48.2337681905483,-211.691449144229,8.69478292637359,4.56735016725725,626.331149894628,-55.2161616767553
-11.7297967036138,45.0337076279357,-36.4502215328976,-47.0227610827569,2.17933846692904,6.11764474284428,706.452648088634,-21.8070751329069
-305.571199142898,30.985180353433,-6.35306789729157,-86.2773796236725,9.87822421894816,6.36886258592131,901.880554241419,-16.6475142237905
-67.8846624198777,123.307686043438,-57.3510630382516,-137.410609762876,-4.19388127687853,5.98198585782666,474.652374764151,-64.9392324823129
-120.464209785394,54.6647831724549,-35.1562209215772,-121.234350099083,-4.4973479004866,2.77390528133401,468.600012839932,28.2455505241815
-83.0398102074614,238.24020392666,-28.0795171774735,-108.236766415226,1.10284713321016,1.45709213981172,216.958617773227,51.9727605123044
2.15215210716866,174.260959050982,-79.4895575883711,-213.269065776039,8.97612677313737,1.85888208076358,206.308911112721,-82.9042702810402
-50.978078205957,132.452402824711,-55.4769090718837,-162.357813007693,5.87783001547359,3.83025160539546,153.172850207935,-98.3089771075138
-283.923563265736,130.112101045819,-13.0807821629132,-90.1457630731175,-0.155253328601248,4.64458889747038,4.06667108905094,26.3368590186728
-120.770562394673,69.8160313134649,-36.3823089935322,-29.7864769171138,-0.570540274129598,3.85735182020289,172.999038791582,9.03164861444384
-175.112196406102,144.330244963799,-46.3515013844017,-55.1874205672357,9.96434511146799,1.58041466391296,588.227326641027,-90.9698037782509
-247.303134019334,50.6689974226883,-53.8420713597952,-84.3249339591748,6.95999564611702,1.69404177446268,484.221783268658,103.598450140067
-11.3503228907794,92.6364386987261,-39.4197293757898,-139.903689301551,-3.15010956735205,6.40368791036599,476.787943196934,66.4367247791015
-217.557192931883,40.9469924824953,-35.5191084985418,-148.391705248498,10.836358613582,8.99801637970813,206.420874514908,-150.260689065675
173.64005776566,100.045095093228,-59.7563310574478,-155.489010688194,4.49740288387693,4.99896273274499,335.624271290504,-117.787758826176
-65.2951710437337,131.414521168183,-57.1922328766254,-117.513743691656,4.47489846270764,1.06305510798848,-95.9929276959738,-84.8320576823171
77.6354704211408,137.933446747191,-67.4046562212316,-171.370493027585,0.344580493845569,2.673555122994,-314.18680334535,-62.0096033859882
36.7827506882495,138.372901885235,-76.0315810338216,-131.692925971671,12.5197402154736,2.37308705275063,-145.754529579979,-55.6890027295303
-165.500467036232,265.483916511948,-65.3835441959964,-200.934845772528,17.9699990406516,2.98269603260997,807.502878559077,37.4740387878264
-263.820518960565,80.2784873083001,-5.25490276318305,-49.2303064195148,11.2061625878596,1.63192313393665,55.2668966909259,14.0883087410257
25.3867584770082,73.0899921485106,-54.6512593771731,-225.832816605136,3.39343919430394,0.956156688600458,-1.10093358339509,-91.7514321720228
-169.165547273995,99.4979438950086,-17.1295625855637,-77.075499511091,5.09353740845108,6.770595734366,410.624284079764,46.5942373273647
-71.583601945822,80.2004958383041,-31.7523999845725,-156.864333781326,4.41462905117078,3.15670486291401,473.330644410136,-67.5856595767145
-15.8555393581264,131.695111250349,-48.043493426012,-160.409550441924,2.48037600975658,3.73100554101984,367.74969652381,-2.50010528028361
-100.211994539364,140.811957598751,-28.5996106777166,-115.670178452507,11.9157456178946,1.63043733927771,537.882336634204,-15.6321627259022
39.1456729993879,65.7135857945614,-76.7934962784639,0.8085217501648,6.17049312483869,2.04230864223791,128.328617709342,-118.667128699919
-30.8041461840621,94.3005671160354,-41.7388280580781,-172.111141739908,12.0696607996251,6.19352002386222,537.645268002929,-105.121544608133
-6.157375886507,68.344714949948,-46.6315049936238,-86.9833301190665,-2.08538732735906,9.01301921362756,354.141067720659,-96.116968552873
-132.992851818795,87.454767288611,-22.9997768250141,-105.033702053159,-0.0762339445282123,4.43070162600634,350.366423322455,-40.8762022704468
-99.7433047178347,65.3823449708289,-34.2216262999718,-151.184817623995,4.55308978472021,6.70138167314872,383.442797536016,19.1091182593009
99.8348337657226,100.010553971981,-84.5795293174015,-114.505617271788,-8.20824832091967,6.10675419474865,-364.141896893751,3.36649151872916
-162.908935550469,13.0542135180149,-37.9646294334161,-56.244221606994,3.80993869531085,5.02941707739956,342.319693193205,9.23926339252648
-41.8640332014766,108.19096455058,-3.48542912449921,-59.2469755499333,2.96550857457623,8.35461559145551,862.820031931387,25.0197619809333
-347.304446289087,69.4385756347474,-20.51853650884,76.9296604333076,17.7864084832181,2.83380383739495,1075.0525411428,21.5703428581764
-198.332633079466,101.889995782869,-54.5540425711661,-42.8800387663505,-5.98751971552701,3.80010653503268,458.960167746359,28.5364193167989
-62.8756207301922,76.9195572806348,-23.9247073749575,-146.617717210931,6.2821402943955,2.62675905078868,645.780881801355,-77.6335753199237
-16.2280070979614,47.4759357309085,-18.5695298975552,-55.9282028354064,5.67983192251268,0.553541941655567,415.007339754993,-44.652782256715
-61.6066395641246,51.6202193611734,-22.9009245958878,-65.4428530262376,2.80433900281787,1.82309092597279,487.18651073693,4.04341193584332
-73.1988398483081,22.597944321722,-35.184118997975,-119.588212409843,3.42565670586191,2.99967291548819,844.609450155665,-53.7925796157215
-39.6552643412797,93.6128770368787,-48.9988071671105,-84.2628682976283,-0.277927513852774,-0.696194978270796,149.91067513451,51.9624810499045
-45.696781138904,63.9885860698705,-27.8512509712164,-171.853986917471,-4.67664166873146,1.69059325593116,564.302072646162,-1.58057027430186
-22.9037503823674,102.988122737268,-53.6129778953327,-166.919732758688,5.55013547090493,2.22151499121537,272.900240288123,-44.4292356197839
-73.2641302119282,169.511484605842,-41.4092516626988,-118.521513407512,-4.61352812471159,2.7910957676404,523.445880081053,-37.8745852929569
-285.265122653887,134.389135670644,-18.8653873771837,-98.4019456560054,-0.802887764809157,7.83144689331903,-43.6473670724154,94.2984941380273
-56.1590140341868,82.555760827192,-23.0050699776912,-114.933373282984,2.53721283991763,0.360421501129167,254.834396610022,34.1771568456606
11.9227685827536,47.9486659430258,-30.1042956396122,-63.0522735863051,10.5359217282094,2.00525254667446,275.878841237471,-23.338410835946
-61.4760776213225,25.0180136951058,-26.9929451640055,-73.2450413647457,8.07782500513713,6.16183121272479,791.728736523035,-87.7428751510197
-14.277551967687,66.2167724959727,-68.2930830032565,-31.4917308518925,-4.7806447558396,10.0156778423625,679.438077569212,-55.6617670392297
124.991170140813,84.7205477597454,-86.7599726602057,-165.585034451855,1.43899042738485,5.53480788828165,540.00871054313,-125.703946135225
65.3208307349123,72.3627051914955,-70.3922468722158,5.74086198939767,8.20989812460539,0.312265702756122,143.366042235371,-75.4825998109009
-300.012172920018,144.462552755198,-23.5013631354959,-181.752771225729,17.2725385250378,3.42618265075726,791.618625441159,-101.415866414478
-15.0118178842422,32.4427022843593,-82.6744428620877,-155.712570169067,-1.95470179698896,4.75159725805861,-25.5696497265599,-78.2107713782316
-497.909524476374,8.83120501975645,-28.352389656884,-64.2295659310839,20.933378033078,3.97010312408383,-741.628787320893,-28.5376234985451
-189.331134546737,143.594430803205,-43.8288447295781,-139.804070788225,7.65282816404942,2.78167967952322,486.124199869544,-29.6322814252926
-42.5742369203872,77.6738008622924,-27.7058857958909,-92.3051889329072,-13.5395557385928,3.87964506086428,-200.359827874621,-35.3305554885883
-51.0893980107439,134.977942871243,-64.1388597349287,-163.22151542778,-2.55224326542157,1.29075493148412,-378.156872701082,-54.4166825357388
94.2103767204972,115.753772249576,-33.7369251023629,-118.08739635891,12.1326362274121,0.985535100749985,907.860445315164,-139.261662492398
66.7018443904526,83.9902486911296,-75.0862455339957,-71.786624681481,14.7266082154529,2.45410136585997,284.647075413348,-123.640512660808
-357.793765379582,60.7047941997225,-9.44822362479954,-72.1044584104529,16.2155027551635,4.59178008192976,83.7976270495201,73.9273196797767
-131.738047642886,39.2917663309199,-39.0715996002491,-88.4014390156626,3.85677349168691,3.49715128937169,365.844427720196,9.53244020995589
-193.336840009419,157.880288690387,-21.9693609914902,-184.562403671145,-8.79049370533903,6.95763031431125,573.944908854737,94.3327495267877
93.4804461633648,71.3522517276579,-53.9599922909983,-136.492902719299,10.4696022343778,3.40376593361725,-241.389599641989,-53.4233649399987
-44.3622473951837,144.956698440343,-53.6491273847496,-152.910059178786,8.78558795120625,2.58835330905458,424.074269202305,-45.2750293120262
-99.2569053145708,91.0008077915118,-31.4228275778823,-66.2881163239217,-0.660846984770615,5.47548459899917,249.815598490764,-10.107366768847
96.7717428357128,116.666649284554,-51.334928543467,-88.204949168372,5.10089990953566,5.67482344785822,911.158190995538,-75.7625506488257
-129.870329678481,51.5219195499667,-32.6047549138748,-140.099643454363,25.5561172183297,4.57148571830476,323.955707317567,-88.2125921206898
-253.151776987936,26.8268557601004,-29.5845164886705,-49.4823908160761,9.43279416556834,8.06870421284111,678.492759991226,-127.788984238105
170.009295250747,27.9602928271779,-59.8431965359778,-101.582669104289,-4.50129341905995,6.56004897788807,-163.967792542891,-103.527038995351
-223.597005367024,80.1062049913744,-13.4564850691095,-84.5976029865269,-1.09191744207055,5.7297485473191,632.073908685357,21.7231553319434
-108.597838333168,55.8428040158178,-13.2210403987992,-56.1139490753776,12.4588771911222,3.40935420255119,-194.954365399492,-37.023782714241
-101.635558733047,115.223781618857,-54.3818181833849,-151.197726592392,11.2635684841134,2.416155642386,847.749780905881,-73.961064071038
4.23034609026217,145.65115477307,-90.7546883643081,-12.5901521834603,-2.24116132169729,6.98582566142431,700.89715013915,-26.0400091724005
-262.132450722536,48.8974083349894,-47.4616601145244,77.5368694900535,15.7032291806463,6.53215923589505,332.278993733431,44.0900619511085
-213.316700661378,88.8414539600344,-6.43879622310487,-7.25046932708938,14.9931366993351,3.7388938304357,-358.307786171237,47.9989214589586
-232.472131640916,112.279279936251,-32.9115785702525,-86.1776215524224,5.91173118659208,5.48982667954988,607.472529196879,-48.2657091515648
-195.564673428082,195.550003305223,-48.2162382733684,-192.169553242304,1.19219258929661,2.81372679997003,449.5557170629,18.0594042721241
-37.4575714708044,158.600616031839,-41.4292943235414,-100.086657456442,-7.53128609840132,5.17516550575965,727.763777755987,-4.62532446923433
-2.03831122006522,8.72591397006181,-36.3397763641988,-95.9774643595738,1.74303793163563,5.11113679563277,619.640285091242,21.1760091172764
-103.794064766058,63.0678583420377,-55.1427114257822,-146.276540239662,-4.76202744253533,4.95791020699835,193.925294812841,-75.8664831826391
-269.742680988165,96.7102218211076,-20.7171868433215,-133.895444930829,14.643404458664,7.47525521541684,529.793446117728,-121.842928777354
332.82177093433,126.332432601499,-88.2693476224013,-204.171222191406,28.7249722348815,10.2503485167981,1196.76061326832,-331.163966433698
-111.186830584651,134.214606095196,-63.6639409141353,-122.657582082164,-1.15671895984451,5.38455776515184,393.078205498547,-59.5596296025869
-172.972001552451,100.000902557935,-37.1406379891559,-160.998116365969,-8.69319693214493,6.30696721168351,775.133254090157,51.3535374470084
-137.698266147912,131.501946937264,-44.7537816139811,-73.4970017918677,-3.65843288938686,3.64743998252288,287.052025114725,113.370785644438
-139.904522624442,178.973722313327,-47.272821726292,-150.650918653409,-18.298255906062,4.89303614145319,1114.79194728528,140.638402974226
11.2451253213803,72.6997560775708,-67.2072183728751,-141.984171853983,-7.46011512438417,5.6999790367845,606.576161813151,-3.57022208886337
42.4364434410672,169.498054026379,-106.399526080349,-58.4536593532539,-9.58239545518154,5.05199510684179,-132.852044420273,34.0174934806128
-8.20331263907792,178.572460462141,-83.1989392701216,-222.480462868363,-2.11508443136699,3.93089278491243,857.810212638273,-44.742254748955
69.7468088443106,76.860612380231,-49.5291698281071,-58.9050763688283,-11.5169436910364,4.79208342448692,22.0791417176661,9.33297265469446
-0.822067694363795,70.992279027414,-56.5164260413003,-136.861496788304,-9.23701756518858,8.16430016132654,785.635121423024,6.89481222962786
-120.096389854094,149.00987110319,-31.9719466497154,-155.285259335851,1.44714207217658,2.41740413465595,453.018019088831,5.27259456602042
-112.97067791174,109.837339228921,-51.914750425989,-56.2008759487071,-4.91727755448665,4.11039143909693,792.491707413796,20.2340650673577
11.7378737161634,73.1589134942915,-91.6462428012746,-96.871225181414,-2.83372332623912,9.09976258131064,517.655906409331,-75.8273946437694
-197.642135088934,194.845387806472,-29.4628441056411,-115.616937621358,1.69465905226025,7.38695189110877,692.046188806795,48.2455305075127
51.3098048253742,249.452633271634,-94.0126332996588,-252.131090552277,-10.6147648091428,3.35423631827871,541.452330433822,4.97807288120384
28.8990221946005,175.276918045078,-77.2920244710767,-236.884398242604,-11.1794512008491,7.27968935505487,153.37499451033,20.9472909685719
-46.9777273984218,77.7873510302088,-58.3482918895825,-26.5947648539004,8.16418115547276,3.63438740366837,158.563327096119,-38.2330742810445
-169.035291219509,65.6814512640121,-20.2731618472026,-35.006746033323,-5.75020295016293,5.01276400035567,1283.83575291801,52.7796168681853
27.4918735027604,152.733963002262,-66.1477176526605,-192.207305542866,-11.976595832879,6.34959026356228,113.091868175019,17.9604487379838
-5.00376266185776,151.221275220101,-61.096159853797,-167.447789417463,-24.7217569143249,9.79973741050344,338.452940840245,123.212866698654
-40.4833937638468,113.274397651607,-56.4037334647037,-129.227904407846,-6.48118221730692,5.84537354642816,501.467914123728,17.1002925705834
-104.915493956973,59.3393228753121,-38.7620465428336,-16.479984607111,-3.56395330041414,7.64300212818489,41.3070560631022,76.9477991819003
-164.752140065015,183.871872546122,-24.3036997789095,-263.564792954159,-8.42478410797048,5.09916695602442,795.329848696158,77.375696858915
43.1318960186113,92.8298899868969,-56.9821272459376,-123.875781321338,-8.23001934255444,6.9401727066579,220.510852130617,-52.0345569250585
-81.0510520692915,132.147463143694,-44.4158527988038,-170.707757209166,-7.92451470434025,7.38568761870556,843.300994709338,29.1064909998386
-52.521929581053,129.983165026206,-54.6315572925378,-50.7929257059004,-0.148607201361301,2.66243511332868,574.67434265808,-26.6355084212743
-110.717684229108,238.747076386214,-65.9643918123511,-290.419631192359,-9.96834511378984,7.64073824511433,705.227716616559,93.2664829610015
-159.641000202886,179.568550730063,-56.3065915713669,-242.807289468328,5.49146394935087,8.84679071468418,1303.65599962681,-64.8527331273363
-11.8438814054534,53.2015612933319,-66.401346866267,2.52963088358229,5.08218584387942,1.09107316785048,239.05505804962,-36.3260672505312
-114.54754581982,160.601054561819,-47.7030744234507,-139.473910427405,-2.16220021953995,5.42750159771094,869.45604754673,-21.3597444201587
-119.565587014949,49.027036630665,-88.6084404000503,-171.404278746806,0.693248489245889,9.64622357208282,1216.17288773435,-11.8537214881108
35.2948033971988,82.4445390380424,-83.8598456216095,-157.181684942116,0.328496925678337,8.25823632019456,422.220916071979,-100.779092960591
-115.291682616982,154.873099681921,-44.7655592313531,-157.456713040589,-6.69121918661403,4.95604724947771,756.559985359214,69.4965075439768
-141.318047099427,76.5684799391984,-39.7328334659978,-38.8678569543845,5.83563350806071,5.94650290209393,41.9794899528715,64.1214887122587
-62.1490190297191,82.5414618496579,-46.251018706309,-91.8072030737821,-8.02867747232813,4.85901093721623,911.202632621003,31.1406901521223
-24.703735962099,114.135833687405,-48.4667889755801,-132.260199381351,-4.48217614888563,7.69188253130415,688.606998784221,-43.9372557095776
-132.404168235989,65.2236236168428,-26.4761325784784,-17.9607354695618,-2.50733135442715,5.45557612024277,781.561960291756,25.9998560612439
22.8689968181425,197.468321062935,-85.7750061172701,-88.9564986454479,-3.68328860361362,6.53781465938664,632.983023508001,-69.2039592370274
25.0876469606883,115.163955524142,-67.4115313742705,-133.362826721148,-13.5049840447755,6.03269571697456,873.00325159097,-61.2630720913003
-29.781764465657,123.108925110842,-52.4385886488999,-140.522533631723,-9.86251879719202,4.28714870210388,439.101595741755,56.5366158283432
-106.790301091009,66.5067644197698,-67.7721713884756,-71.3872413968784,7.52372542880039,6.42765433093882,480.878254690102,-18.5859689623467
-59.7221865200554,94.8364379190316,-42.8423068062548,-111.563979588653,-8.3178291516524,7.36299864498869,672.604726575169,5.98280565883033
-122.614229628271,111.803659478974,-40.0562489172153,-72.6354423947632,1.29171718019643,4.71197959770507,741.170053311347,-33.9711649532692
49.718418917817,155.164611926593,-62.2658069842,-144.408050563507,-6.26743258474562,3.61343733152898,138.122861330588,-10.192326228469
-23.9688347531919,40.2599743834617,-45.2337148896913,-83.5812338461037,5.18193183806579,5.78642157439754,379.271941708241,-77.1248053078161
-84.8230496851611,163.627259253859,-47.9184350149226,-44.3317582708842,-4.05545557351434,1.59118660350214,34.0973748182587,57.1621876830613
98.0088810303132,98.8991359162028,-103.258237433693,-76.7911375731201,-2.60560853988864,10.2201400023132,323.354295312864,-138.91015204438
85.4127152836045,109.718393283401,-70.5058066266392,-131.962044829255,-8.98940869252692,4.34152990750863,386.049952318237,-37.0257086007769
-157.105940676091,144.654668088659,-51.9202082334377,-135.803436005895,-0.753254184797697,5.91761269641574,204.917929224903,90.9774332005836
26.3852984409968,77.9789518947364,-53.3578281646915,-112.180841304915,2.87481002951972,3.82617864821805,-36.1938618124695,-37.5068059090772
-35.2775537290054,113.81054207751,-48.9344641038588,-51.6866984400185,-4.1551640577818,4.95057094900221,533.321592318774,0.909354766321485
-123.25942595139,129.864296294225,-46.8798397290375,-80.6883403755201,-3.21178306441288,5.85448582522804,622.163712035239,69.996172831452
-102.212245462011,117.086443816021,-50.3096136662789,-138.527593413222,-5.45806750646443,7.18669018923538,973.57393542776,12.0437724591975
-194.597062287037,66.1819459959806,-33.7764461512343,-22.9351098210827,-4.03454299076111,8.33766570440639,1348.00251462982,-1.6543462635891
-51.6323218327889,148.40420010488,-51.1038263196497,-169.094705485659,-4.35522755344573,4.91925598228408,295.393049669423,56.6409798376262
-76.3784704593418,161.617773889258,-34.7236574706476,-249.728097854993,-4.80283037595655,8.62772095289984,652.741603900475,-12.0392404225504
-139.572846341442,156.598687507852,-40.4916103259602,-163.546236711532,-6.60177980567096,7.23513376538904,813.066893393931,21.1579025213287
-56.8739504051046,73.3974310364574,-52.3761643378821,-59.766042436062,4.32185636799807,6.64706196512998,227.049771578619,-64.026849600501
37.2785258889926,105.673339978886,-57.0223204807501,-109.478653308135,-7.51996599652921,1.47777033010061,79.5763853812823,19.8561877551838
-106.546974824414,66.0182069917792,-38.3433613470552,-96.8867365557526,3.7697376557735,5.70413887361065,643.216723973252,28.7528481169575
64.1608473864762,209.713697972009,-67.3732133326703,-204.458629597109,-14.5425225283834,4.17451371028437,-39.8239325063114,60.6027599763183
22.2462251519464,105.867604631785,-72.6178600616113,-82.1577530302166,-5.48355425569753,6.16959580474941,868.71584595527,-38.8377409265377
-57.4147669618251,98.9582346567622,-46.8737914067897,-77.9061557422101,-8.8600799695414,4.00716871766781,-314.597782839833,131.636218620755
-63.0258526682519,111.747702479799,-65.0634896414235,-67.077545569231,-1.2770157679339,6.15112923541164,239.348449767953,31.3126192514392
-19.1287930859835,31.7208053234262,-60.1215844612743,-43.9181532480411,-1.69515411283646,6.34828695499891,197.209625188334,-25.8936250829429
-19.3316919437202,132.417441790909,-60.8968417502765,-103.812459131615,0.105744226708339,1.20792383972184,50.6510264078825,34.7778351512534
-23.9531417385515,140.209460211696,-59.1307820720103,-140.7973913764,-9.87297540256532,3.93840133428421,172.603992250002,67.4965096541218
2.58289367135148,101.170669591793,-48.6799052528513,-134.781394053571,-1.16424331165035,5.16813819619711,40.6579381272413,-60.8630026965548
-191.977906475018,9.63053009525174,-38.5153411515057,-51.2421032275888,3.02314118269715,7.07601129719114,826.877798133295,60.0195362984668
140.53754371213,121.921533693127,-105.813642859124,-41.8512481199214,-10.946456712205,4.23348130195518,-109.877782593096,-27.4384114993591
95.6103048776567,73.8123088744469,-84.8635656607221,-31.3187904778824,-6.7067335973552,3.85914426487579,82.4407123690144,-27.5351216859999
-6.75275262669311,101.059824835831,-45.2466521043534,-95.3194210020156,-4.41587558024912,3.86835910388618,135.335540406348,21.0689023137347
73.6000602862696,59.1295446980694,-75.5765212245169,-86.2031429941417,-0.883804818120552,6.71360231749713,-93.9299742675794,-71.628151572977
-1.58663036180224,213.409968079013,-72.2978069645251,-185.440012150182,-8.30830357022933,8.26567595250526,7.75380067017977,19.1316007850128
-46.1536852115423,152.577504322355,-55.2641527761298,-147.168183885115,-16.5162487948546,8.1533127006187,1067.31467893749,13.0770245739404
-51.0217670772981,64.3601374732389,-35.4286278796862,-84.9252596782753,-6.82395322585216,6.92124052837244,367.775514701236,27.5101610289566
-39.5906950922799,72.9693677950781,-40.9958133496693,-82.5304898744507,-7.88433836281183,2.78276350384112,663.588236260995,22.9680704106067
-26.4705972204538,133.800230671684,-36.4122036136687,-154.23169474442,-4.19267682088685,0.909914757939987,-333.795115937028,81.6451672715484
85.1523307059542,198.318212122122,-88.6949615502963,-118.200925761455,-5.59943510199082,5.42690593708539,-572.691301798004,-28.8503431628924
29.8577896818679,147.937289806796,-61.3827872309848,-105.459976089374,-5.51666129671503,3.8343697053715,232.380865873777,-59.0763195170439
-72.9927635606291,132.204051144065,-38.4692164817534,-97.5831786115014,-2.78522824284664,5.9927827767101,232.270943826596,1.63967715126819
-43.1885781507881,89.7399350571504,-43.3164528853704,-43.0530019096914,-1.18129815120483,5.38199946242821,187.827826522145,-22.9875713026049
-33.711493694238,132.000648153669,-57.602457394576,-183.639680914777,-6.71835089127126,6.05441857813275,614.178870024673,18.3159063677012
-5.10520076955436,77.0332634056831,-52.9339738700073,-98.9148852970538,-8.33604866100359,5.71184223913406,503.49705898817,15.7218634274559
15.105725330679,66.6429603207798,-48.5889898554451,-57.5180006865994,-4.85173706253408,4.95771049050381,9.6736729389595,-2.73455764818937
-86.0148008458928,55.0537166259091,-24.7440831721469,-46.8260926459552,-4.91241187491687,6.40695668551052,590.353514114424,13.8327088940896
4.94857658773253,41.6729761828174,-56.1805015146965,-92.9943690762614,-12.6538773280627,5.6018889500192,714.803145727783,-6.84646783376229
-162.759433458861,103.44873491253,-41.2339151483902,-47.0762178299774,4.83630149188684,8.08586088009179,1105.11958122168,-87.1303283840825
-74.4455613256796,61.1604342966457,-55.0758481599478,-57.6449945240638,1.70416001426929,1.96409040778599,390.275979374375,51.1738800433232
-150.029449490175,61.8379991424736,-22.3524971146544,-99.1124780089449,-5.92484131416859,7.41813033027825,68.2598100651521,92.6806151079363
-87.6126687400683,67.3401167150296,-26.7421580676528,-133.594433380233,-7.26042223445256,6.09020219284139,615.307578062042,38.1163559849629
-33.2541625197628,139.057701269747,-72.5893874441681,-163.665923863751,-7.14145792202908,5.22715177666396,24.5327058543044,79.4413795621399
-74.6075034233218,115.647911219432,-40.858863569505,-100.586946745345,-1.51466375089512,5.51707604338299,470.006353490113,-14.9918290326168
-142.441131011554,67.6375262648071,-34.7387749025947,-43.8461355374311,0.615752633981174,7.85412937263027,779.583661391618,-10.1333370696593
-86.2723830560353,146.012997168495,-55.3289817328368,-137.947047732436,-7.03462220702204,5.51005982057268,649.191412425513,73.6928681833451
-93.0361688004632,129.732664149051,-50.9491597736342,-17.3488659677678,-2.95097463352067,4.91047592757968,831.487044486072,47.7112603324804
-40.5095980998185,40.3910195200515,-32.5479434535882,-43.2150154988194,-2.63121962211153,3.99005414497515,113.634949090134,29.8283826515399
-74.7113163941685,74.0952396125176,-35.6707216363575,-163.863075071713,-1.54051125178012,6.58065363176866,710.748062429935,-0.437332344161405
-166.100729897604,109.815720225877,-22.7340554816619,-93.3692068477903,-11.8550091762008,7.89030994084897,906.398672212148,99.3989139205805
8.93594624736579,122.027752320428,-57.9087270376185,-97.2071486214263,-0.848414247036999,4.98546420621278,249.40827604293,-66.7098098965653
-43.2589112196001,242.667596608604,-61.4369241432505,-121.643534965118,-14.6836148773691,4.74335828909534,134.994361252771,118.050078680462
-31.6652117856574,114.129978954807,-52.2700430893929,-176.8473239429,-14.133091139578,8.18273053288158,-76.8947082352242,83.686670525276
-58.7125278113526,84.5023770171392,-68.295665056241,-38.0394967324246,-2.72298751556809,6.49621552340977,520.844097121513,-11.5233751468331
-150.86352455274,192.44253283416,-34.2779545771555,-165.079408141617,0.0199593283759896,5.33145102086564,448.825921006819,-0.842404117060141
-90.9651947188031,151.623279876672,-56.1767949525092,-121.952391808503,-10.7085237979481,8.19695722247707,355.382450100675,28.9478673350168
-36.4602580547071,157.34741230568,-84.995277041472,-150.928760147523,5.24797862199921,6.95768914639484,778.083683114281,-142.188454044157
-7.9314550165218,171.86548619112,-84.8963956046791,-85.2453737629403,-2.51809431629954,7.251998109743,628.743526978855,-49.7790165720216
-8.06492762528069,72.4005798282305,-69.988750889017,-78.1074073425552,-1.73703466664301,3.47581475278594,535.200332431661,15.6916805821893
-184.946079348665,116.803226879238,-32.1287480118917,-23.7883376867685,-1.02713083650451,2.13958870992792,1090.86151902955,90.1833305000328
19.5630364809913,116.204809671828,-74.5127834453742,-121.177967463911,-9.41914788208669,7.87808857265918,487.723948699073,-4.62595605006095
-202.159340703904,95.6292235480159,-51.2127764887118,-101.643053884938,5.04042517043126,11.6013570165405,707.316887968584,12.9600399567571
-184.051497547844,52.5838058554145,-4.49253378959111,-107.363905368387,1.16797676862188,4.54434729886998,807.673941493558,52.1211566424754
87.6240151440725,144.77971426124,-84.7059463404758,-142.483914819182,-26.9436105815257,7.26075446965115,455.351745483553,51.647998614033
-145.06333404281,55.1806385093078,-51.5405778690838,-108.831213944803,0.231028068239539,5.46575464055059,862.57222445964,37.9966710067492
-251.927529169032,148.067781086687,-35.1156540678639,-78.7144592978002,4.72259623350692,4.44976436539582,899.80932845069,23.1954969673534
-9.08257515191508,101.037927469682,-89.6707700434927,11.7808758764768,-3.15746004643006,4.29130447938223,480.764652816877,-14.7607397038009
-69.2003921272044,199.680226040538,-73.6331171424245,-202.754373628923,-7.38535246936954,8.73464474627417,919.23358506526,-37.2736799851991
193.232278040785,131.298314834843,-122.810919038064,-116.291174144666,-8.14774999227984,2.31191632202535,-158.050686431969,-56.0793232492042
-123.146608783485,105.045846277339,-34.9186678420083,-31.1046278286467,-6.42817662229936,6.7503400008718,588.499097558961,49.715343768079
-109.843721355966,139.613605043007,-47.0975468864053,-112.849655093623,-11.8698900345917,8.33118836587528,479.390059186662,120.242025430278
-111.581235207377,72.6947519979221,-52.7752080289938,-51.5330591360071,-4.64191298067453,9.47927776495635,1144.49872151947,-29.6560158677748
-143.177072331498,88.7490806644382,-27.2642310137271,-80.9775686952926,-4.62286423407204,4.08603730829628,583.447639885841,86.7201784185891
-10.7822164096324,109.619907988468,-56.9248683203987,-136.228755032935,-11.6547630157293,5.49071341454692,819.089171368701,9.31079120658978
1.85556333852583,21.2118231536369,-71.8177924246993,9.34926211796119,0.427937191714591,3.95928680629004,481.1249760426,-8.89716429265536
-146.300900499918,199.145435622633,-51.8956970699073,-194.222387671281,1.46225608338136,4.39181417638611,1119.10651368258,-6.20549567806302
-112.6365209668,159.879182768069,-39.1456107156409,-138.830673786137,-1.25353539324715,2.94661473458109,722.950174900383,56.9380372957967
72.8833745907177,91.6093625964932,-92.040889051219,-146.857539458237,-5.17599142331892,7.33986481509783,-254.674985915641,-13.8493668908122
53.4889647258242,83.3474050421501,-54.7681929054088,-98.9174905784812,-11.8599747958942,6.54806225737411,552.637068827811,-44.1522180143802
-66.2135892400547,91.5154826174112,-34.6467127149372,-113.510321179812,2.28337732894579,4.14137260689313,691.275725036765,-77.5222352284181
-44.655457789253,76.3538528931767,-47.9324745290141,-117.663985382675,1.64504588680575,6.31947503977426,441.552904703363,-39.0246727353224
-33.1205443150247,127.440037591168,-50.4718183896621,-100.617692975829,-5.51461752771866,4.99474249123159,239.398978496505,37.3081680184987
-42.0253310288026,49.3608557034368,-29.9060419735179,-43.4966684778628,1.57649216616846,4.20456092520908,174.740651775646,17.8943489659214
0.488251582124576,101.82686141154,-55.0481318993261,-152.150116730401,-11.8358063407504,9.70654084754278,1187.12268972801,-69.4497850475454
-103.723178859691,149.813933195983,-30.4630758775747,-152.693271890079,-6.54130108406389,5.62691364507191,594.02671794652,36.1191579517763
64.0324784566728,144.012962849767,-92.4619633027178,-129.947738026065,-12.9115089472471,5.35657523544796,-8.88234943650605,5.40925268369028
-2.00777331447171,171.301689174463,-48.3524893737631,-228.192533688034,-16.5357627661797,7.2383086734917,-166.317180269456,73.2734751942808
-109.062275542208,115.200765383677,-56.4767888515053,-112.772481694119,-13.8382502576424,3.49613839344238,1326.05735039766,101.029178821234
75.0663576416191,108.347295890024,-82.6115303033584,-99.8227611081311,-2.99275987833244,3.78567795973504,115.323594486428,-33.9664928583661
-16.271327755745,88.6353784114144,-52.5606152513647,-58.0183167306823,-2.07209180417703,2.47676235352264,519.907558163322,12.7741667160881
-22.9567041995469,171.400531031481,-45.9554204245069,-82.3906627178658,-2.96703119661834,2.36292176799907,-232.683479725504,40.1186824407778
-60.2581437235713,60.427085873318,-66.9403142425581,-58.6335502566508,0.421953052818026,2.70378551771864,333.831107311591,72.5862360532701
-78.1691570508992,156.297869933773,-28.8410638506903,-199.019851220277,-6.61596450177603,2.94281156663783,459.170579847385,64.8134980831237
-57.3130176399573,6.6633015698244,-56.436586088706,-98.834238314972,-6.36849829944549,8.1813120097213,812.548821681878,8.97089532575774
-86.5395590399421,127.254017325569,-35.474931390112,-155.616633125435,-12.798402871842,6.68718926180009,533.867750396719,94.1969909855688
-205.636473510589,104.837756418248,-42.2792120271115,-177.377805930519,2.20938764583843,9.58723751685466,1038.27321623943,-0.593414451897843
-174.785636466928,167.457470345893,-42.1929796952318,-103.550185107517,-12.3074978532095,8.45432365369925,129.005692669656,156.510529801926
-220.336291977408,137.672335505078,-31.1867437412657,-164.93025608435,-15.786924099215,7.22307126276428,925.203797331385,198.168587700289
-110.895422356625,151.709596633882,-66.4835050071997,-112.940234469133,2.260983453074,3.00456690943975,391.848282726045,15.7866696489436
100.795048016879,92.1839190573664,-72.315414088167,-136.704705953525,-11.8436899205844,6.96339621086372,-295.847184568393,-41.6590503359621
-225.811654964447,109.657796340267,-12.0359269168985,-26.0295624150967,-7.43983602807566,7.10540540875809,964.121529077493,96.6675419110252
-114.658204691928,86.9640623028536,-56.5505919340358,-231.462286113834,-12.4728158443177,5.15397207194474,1013.79371249291,122.597296139269
-115.149313683847,32.2813151048904,-43.219436894753,-10.8337806963245,-10.9524716109154,9.08600346443745,790.530615547832,-9.28921580032329
-46.5649338488292,157.446719097352,-62.0229776869019,-134.827081740339,-5.04710776882712,3.84482624137308,42.570957710137,74.0931708280841
-135.097287868673,108.820162010874,-37.602521154884,31.9157525761402,-9.53132976623601,9.07129625108064,907.846561815677,40.6689917215263
-69.4048155217315,124.396976239485,-33.6919862855248,-97.8865230899828,1.33491168555338,4.02623134228446,228.886796461769,51.094289494009
-167.937717239256,86.5199086822395,-35.4565224766702,-48.9424205085088,-1.26940325806208,5.14824371754366,722.648613567842,60.9749922053015
58.1305844270973,133.938954468322,-69.3405852885226,-131.793781504763,-5.92859416260035,9.37505950793275,-76.1314605390944,-20.3845851758961
-161.310212481701,95.6389490743604,-34.8937315141011,-109.477794585968,6.24859585796366,8.12631840723043,850.820764570522,-3.97785473200202
37.3104504016337,23.5843380422593,-61.5655815250793,-65.7472622493515,7.18472729840141,2.0715890027559,-224.726739797348,-39.343628740462
-94.9823152607605,102.863020395918,-46.5043394032982,-112.925464991076,-5.22167904250091,6.28619015968434,369.483964217912,60.9221801166714
40.6541579798795,39.1891017109883,-55.3063616563377,-101.565175379394,-4.66618291811392,5.49863816775905,225.430770705811,-59.6692445555964
83.4244568893046,47.5193123099889,-83.2352330807043,-64.2935870788424,-7.57431059193186,6.46889916650616,605.838897917285,-92.412220222137
122.192998410552,77.4339549952309,-87.2797893207608,-132.566652677575,-9.3417895106686,6.5760435708462,445.252603340356,-95.3305597333529
-98.9884903219208,136.169362184301,-55.9849636433646,-92.5830613437574,-2.40155417630831,3.47661988451796,676.107309137064,41.1091310951524
125.590460180538,136.084970356227,-137.724150679427,-103.626857729192,-3.20548950263765,7.39756220348499,722.190281052386,-144.055736965514
-18.4257435020481,84.6763376516465,-56.4757319970813,-124.773792351989,-7.77317738860438,3.06388625874388,373.185448268769,60.1821904584722
30.468788981113,75.1634559841477,-74.7912785289009,-86.3026714195512,-1.57418515571044,8.9730530564957,323.438512531095,-87.7019781865238
59.6961448986331,162.692124074209,-86.8543006132459,-239.080253045686,-9.63657294190489,5.25670095366513,401.570519482644,-48.9894622877036
-150.7620220155,113.563132673182,-56.397464399517,-137.280475241794,5.91408930676334,3.11788907248774,765.508504003577,41.4627011211633
22.9588424689282,113.057244673895,-51.7836456519217,-123.272556374155,-6.67954857301083,5.77961557372328,572.815255370078,-33.2597164014969
85.8906035041218,138.543814551638,-89.1169954582147,-232.201393090829,-13.7686089051131,8.63572306250535,-249.713219109879,-4.18375848306459
-14.3954721532646,100.839016085512,-66.3288495373708,-61.6483962196839,-13.8437543507753,5.10470692369563,349.569488847184,66.1427369835583
-73.3509407074962,105.550812858506,-33.363870941319,-43.3343754506059,-4.16718164192571,4.1450887300889,265.232044578639,21.0794196408096
-0.775872379745124,83.8547562502208,-42.7135901311522,-48.9273480798074,-10.7479304857552,4.23944429906987,207.982426310555,27.0192224542479
-40.8051839663494,73.8610702551669,-37.6485579796426,-77.5825528419082,-7.74971399792776,4.70355662034126,241.606007728913,27.918005298292
-19.1951153860864,103.453465235238,-60.093156024639,-8.4462363934872,-3.90393069975835,5.30676685417529,214.380629621504,0.645708852709504
-42.4574690676236,83.2955113977805,-51.5760325166775,-80.3287700299989,-4.58886920443911,2.53163491491068,133.169915446793,74.327734150429
-174.974000827973,149.777402316889,-25.8991330862336,-15.9905232397268,-1.62059337993105,5.50848271616269,874.8372873341,26.213769387512
-42.3671610122547,175.273790874911,-62.068460094175,-82.5429090211692,-12.4111737496569,7.47915506653226,961.469157961124,22.3314670707041
20.898806491241,160.993184244027,-90.5229080032441,-210.423672872697,-5.4500501100556,6.26507267794295,474.288405559339,-31.7858402003767
-77.8118464228464,140.875657108314,-61.363197678882,-9.06914057166432,-8.90134329033026,6.30937673634617,678.289859339551,64.6746340712998
91.9614025339251,101.064821819986,-123.108430353808,-46.9716054864984,-1.51897006711806,2.01900033780657,542.472802461736,-83.0960665576858
-135.642305743124,132.583423053584,-37.276464939132,-245.955490573397,-0.399570215929998,4.91421686649846,445.007408556696,48.2497972269703
-75.672266117268,150.593904421577,-52.4649152577622,-78.4443180875278,-7.56587108768872,6.73275413757074,848.485621759202,-19.4412706012154
-67.0015565330104,190.190404484536,-72.909016788195,-118.871870129922,-1.91087486455581,7.18400062825822,149.924829226569,49.2582253678556
-186.981060619524,155.180138915326,-24.6869570669369,-106.905643068691,-11.8931963077293,7.1455230229185,1450.41554218088,47.5447218437621
-114.116045034345,184.782365447576,-68.4111797983787,-76.6095768442028,-0.419694904107018,5.51030233646452,997.808160117391,-15.3333099086303
-203.161000841355,93.0584555732639,-23.0942372960053,-47.2873406897343,1.83446026191814,4.72923675639686,545.668096180678,68.7620586977855
55.0897819533129,96.4751252866845,-92.0199441103832,-34.1249550022731,9.91822780597431,4.68488512390468,182.388859481702,-141.735246433753
-156.127282140864,57.7290585911469,-44.162179302235,-27.9205389329218,10.2069594984059,10.4429219863887,592.648396932083,-129.071414929553
-24.2222467984229,136.621036092925,-66.0027141443861,-174.63712196378,-14.416349907915,7.28543383959186,654.349999081751,46.9202514557546
27.6940017694596,39.0587963913385,-55.2528598506624,-63.1534270008997,-1.55031257373048,4.84076183394063,337.25502715123,-47.4090429589924
17.3001068356389,46.0641386504285,-38.4469562689774,-52.7174066771404,-4.21227047846696,2.66317599349713,88.9148402541823,-16.159619746948
-23.2467430321267,81.6439369035361,-32.8523141950718,-85.9184598688735,-5.39909649532638,3.17280214786297,465.732263774407,23.9515787012715
14.2798685663538,86.9669396280588,-39.3780116721173,-59.6513329819572,3.61363282356979,2.77181104244301,132.192685088477,-48.5793627949661
-60.8890069948102,52.901638866897,-29.3086442165222,-84.9922855854384,-2.15609014149231,0.281527977407677,589.331311252341,25.2313916439234
-80.7877375535609,38.085519932396,-21.7237847960496,-79.634810148611,0.512876643897471,3.16046477809323,361.821207878636,-48.85342685668
10.0045572643576,94.1425214854462,-48.1364973370291,-112.81269801216,-11.4210309218906,6.43671773165261,353.390295330959,30.7181912518718
-35.6450040572499,153.33936212922,-39.9593303621223,-83.6233002767549,-9.60266047244431,5.20878240718594,291.77793018012,44.6698599368392
-184.625918837322,158.209589500468,-37.5569324982789,-111.781229264976,-0.429913238956942,4.64062862093851,146.319508539509,-49.540547818011
-145.761674233872,114.186174617731,-37.5741222134686,-46.4862302287802,-1.67318754204462,5.73070353794901,969.226059399138,-23.4679745679896
-61.4351373624522,102.60095932486,-25.7490443529532,-162.43519373078,-9.05661966256093,5.1185152393009,450.357010806518,-8.68616920703789
103.729446606478,85.3089030618285,-55.6244053582923,-82.0753432049387,-11.7851180396246,7.00574575681821,184.715778103349,1.7054523799452
29.3180708847358,82.4693110722728,-38.7532292000542,-119.558331767075,1.13840558494849,5.11309449410692,90.2164750473166,-40.3308048414219
38.0826564514136,209.106121939523,-39.9543314481562,-280.724832826825,-6.23334079567576,4.41847868114291,285.11890656488,49.8257401072478
-42.8374210600741,50.7315532607608,-38.5928193007712,-113.133905973416,-4.22429364843993,6.73323955587693,-19.8672410048675,31.9014863099328
-33.6796256403322,74.4460436718655,-19.2164431413148,-148.667907818264,5.32542767319683,5.98335119804096,735.596864784646,-7.9629736752031
-161.966563875176,3.82569011117448,-10.7730546176317,-75.6496600985411,0.260815976656886,8.94151549799426,589.400165775995,-62.4806240820326
-226.473805357498,118.067694802041,-38.1878320988908,-75.9527019374473,-0.242981642149971,3.1529556876776,-219.94893970128,47.2221890337823
-8.58234723715577,149.902618682041,-78.6895688565855,-194.705325634983,3.78101742723084,4.55800671741599,-199.272784505534,-79.0027836618101
-30.9456233674136,86.8864914177902,-7.99119038513163,-139.738502722186,8.93939456583757,7.37162179317238,525.640611413801,-30.9082699988066
-189.471403272779,102.214692181966,-57.5216780247597,-212.654987185437,8.92842691414262,5.57916593572554,-462.510185496081,-35.0642496103028
-42.8821928091056,107.180865263494,-84.4204257578385,-92.2061290898564,-3.75924146278703,3.56114995583357,-116.983408452186,-66.9855900618131
-205.462860151514,76.1464803776471,-29.7380532351672,-128.73606544068,3.35010056646331,1.88087882842228,-39.493869550497,-88.2382010407091
89.9229132113251,190.764728555674,-14.0176764809294,-210.1733964983,8.6201880715962,5.62679877478513,169.6424482273,-39.8975802263994
-640.779339322246,170.917270467835,-5.47386173802079,-139.583785886265,2.62004121532664,5.93804151559016,1160.88794788541,18.4253077814665
-122.340537221753,115.153980251361,-49.2875554545899,-134.5725800863,0.495611357371672,0.687050029722741,684.483883449924,-3.81120201158046
-18.8350584028303,101.261374192109,-75.0970117019606,-165.877636963996,2.32205092347431,3.0855916684086,367.315226716397,-112.70797331764
-38.1058981206588,61.4919307622185,-32.3519366874825,-195.755701782444,0.858346593464375,9.89459979433741,1712.46160515588,-71.8405521980021
185.356737723378,-42.6688723380867,-97.9294168831257,-12.123993742156,-5.58136567002657,4.84291954537912,382.820759713039,-87.9901698905524
-57.1925897844194,139.302262690442,-52.141031740277,-121.126926026849,2.22511255808058,4.88388358574593,1334.8485589113,-33.9929517199052
-115.918206338887,98.6573698776265,-43.9151460009525,-190.940965691587,0.373447954312724,3.07762704464039,23.1501551424517,-55.9098421509843
-183.636622140504,139.926855508907,-1.00557416426454,-105.549355852098,7.03678930658498,4.68235035764064,595.058540422673,20.0508204069811
-116.591820087167,0.853928198732319,-19.2777562483461,-6.5884035287454,8.06702613415837,3.89562920499884,529.075107003633,19.221635686059
-95.8387544907164,61.533990004682,-50.8737550284895,-126.711402363937,8.7776681035466,4.49689677490096,721.638062239952,-38.3666615630791
-220.010094463141,62.6407569992589,-1.79531742515974,-60.1296950182805,2.15332216410025,2.8727017234196,361.865185219325,141.113968361813
-22.2800292484317,76.1848136287736,-51.1553524257615,-115.707290185303,17.2854095320217,3.09269628307084,514.762357801581,-120.992844170141
28.9649960977004,75.7900404626489,-41.1636942854966,-94.0888451898354,10.1523720014084,1.29717360986979,-205.332446637927,-31.3284524264454
-189.483284052447,89.9855740077401,-15.8307202286846,-134.452423699215,23.4367661214346,3.10367954128378,82.8390766467128,-60.9505418414628
-485.87126076172,129.145448484195,-37.4634100218682,-77.4305301491404,15.397193729601,7.16344317978655,157.908236010728,-100.640971966353
-473.834892856357,186.635934136786,-73.1978798555647,-100.992551499949,24.6745340690904,3.69077706683311,1060.53753818832,-201.339177921502
-97.1323084174255,180.59209195424,-6.58660508443427,15.2671160430618,13.699401475591,2.53154295092099,-960.420967981219,37.1994132468244
-145.646519782458,121.035900595263,-36.8233370655507,-142.711848487668,2.37531133842276,6.07353542870987,-201.282219823144,53.2124924530654
-134.133808734361,138.451196833514,-37.3759834492084,-206.27344857949,3.33415481795964,4.80885160704202,821.319583847486,80.7650629867567
-231.646923480133,99.7150128981157,-40.8640741108102,-136.468518322916,-1.52935144592993,1.43322241735632,-321.54111374532,-99.829765768347
-118.895443548041,60.9499817662072,-42.7736332915665,-172.199688066059,13.8600927019252,2.82170296285767,242.104387035215,-39.0796059119748
27.8975278412327,-57.9930783325617,-43.0787249725254,-0.324137371273537,5.08085836706596,9.32208615599666,851.614069853116,-78.971006873122
17.079056957853,103.958522526074,-54.438777848809,-251.128885300504,16.5416014134244,1.05129907175433,469.885787727491,-121.227231564393
-46.9730768927111,172.22870343292,-43.1687545893219,-168.410504274842,-0.220840223099003,2.95285940583562,845.423578457267,-61.7252184643585
-60.6459093918384,93.6167046134942,-46.9760000217539,-158.444069601032,8.27434747081134,-1.11147171808989,-502.181661673327,-67.8383972904994
-185.811247540318,135.03424799291,-53.9159292350523,-172.076119572826,0.932201147254091,4.82637010166218,583.515861361928,53.8208587560366
-19.3634820305015,131.180394962983,-70.6600578792277,-201.499871574109,7.86255800388608,1.19208642711601,-262.888192088561,-54.0863667725353
-11.517296104008,197.26272940643,-102.810686152105,-127.92958964291,-3.37465734534635,2.75641844174243,-63.9351052944694,9.31812576163065
-242.340074886364,129.173160605307,-28.7622138889856,-253.654863996344,6.90549758782799,5.87195477569185,345.455106674639,161.0822307497
15.4753536064118,153.895145560286,-40.9753998683082,-243.003866847284,12.5910720628526,7.07922670265816,39.377564208502,17.6377129552639
-371.916546622902,118.127460385129,-40.0832078683889,-74.2435210297408,12.9426719564362,2.52500440210315,44.6628362545962,-56.7582626765179
-10.0591676430631,121.401285373599,-57.9634551044437,-162.990468832995,11.9851438345795,0.484379423411156,608.752968260087,-108.824466871559
-135.98844450929,18.0491198737982,-36.8110283981659,19.3828917867213,4.86184311655234,1.52937180746812,397.903357317657,-13.1658654896673
-24.4600902594102,107.422142359754,-55.3491618390253,-51.7708847093454,-1.4694341132265,4.87590951372658,219.126293747642,68.5857642293849
-196.644970021494,74.7850548251881,-15.5131360621308,-196.99367613779,3.37838090656351,3.71642989807879,485.299369128486,32.6922508926145
-23.4788518599962,53.6265946801432,-46.4542075036443,-56.5253315707232,2.60109153427038,1.19439179220353,1.08456603903323,-25.0618960646534
-113.114650399366,101.323402467449,-59.7201704462568,-71.6349595336123,3.93462702822217,3.57324983620492,283.130867053158,-2.13846804932837
-125.472347187519,120.078333794372,-46.9315933741746,-93.7995666953648,8.0468443192658,2.44870857498609,-11.4336154894554,3.32238176201645
-23.5029146842862,103.775424763597,-44.3717718630069,-117.28311064055,-3.98407837896957,-1.22749230802583,460.261001300787,-6.94616980898809
-18.9732470684394,21.2386386234575,-35.8305592015677,-77.5982311883017,-2.87265625832515,5.95320785764488,280.275818929091,-46.6974689595227
-19.2658431948694,103.910715664642,-40.776592986098,-46.7223342342913,3.00986560281672,0.245874935506436,299.638313177471,0.168447880336316
-61.815726202733,94.5955529607309,-24.3300219245793,-176.833255615638,-5.83055666119799,4.08900613099104,401.860416739411,73.9691432161708
-99.2788918441329,33.0063969220646,-42.3225078008763,-103.792705315456,4.02252390087233,1.65319057252782,237.1789899297,-3.99781849326973
-316.661240787171,149.049199208268,-20.7851860762939,-163.888431472733,0.823720356711419,5.26236306850478,405.450329423686,-13.504014139151
38.2025260294758,160.090747033086,-64.7733370701317,-123.892664379091,-0.829991450722446,2.5311389224953,519.931145972409,49.1858553541533
-38.4397491234704,90.0254206643294,-78.9579443751427,-181.134067394569,-1.51742985709836,-0.267254165744816,740.430202971998,-128.241688723327
-415.761444887059,37.9395406203694,-10.3921779586526,-50.542348880801,-1.82294394596192,6.44532696114038,-210.09384743734,43.9178332047159
-68.3774050373468,81.2351424537264,-54.1523210637679,-189.739946256537,8.43120649992488,1.57543880576122,-91.6129008676799,4.68079855811084
-43.2511141839495,117.484203785585,-26.6498438425624,-166.528159078807,4.35162135997962,1.32741123312189,266.192577163309,-16.3913374816184
-47.0898562526854,72.9445107488282,-24.8496718613096,-70.1069479770085,1.66120322875213,1.98299109956133,795.723628724954,17.6845666392182
-89.9778348061227,129.022556172422,-72.0421724410844,-117.974317018234,10.058076797286,8.94253983389353,359.922018911107,-112.669719083744
36.5482513774477,132.369912811264,-24.7067517689138,-251.292095308745,-4.6363573136623,2.06135669106152,497.646563005968,47.7936222095559
-201.721705494854,78.3632773565187,-51.8374936580367,-169.138879589103,6.71677216112585,6.87184647849062,1491.40883220324,-106.298422314241
64.8451003295413,85.4225470319943,-47.0992381781871,-114.291680151502,-12.3202927019738,5.77155622446116,511.250044283195,27.6976521943143
176.238328384323,63.8055228313169,-82.5235702173813,-171.443635945034,6.43463280636934,7.20092682903487,1344.78926706256,-114.370316192537
-285.326164545026,67.847421709419,-12.4597829055783,-65.3877184093581,2.76327217297512,6.62049904082232,1082.83559111644,43.7241855004686
-217.551240448258,86.1405528284376,-67.1157847724389,-65.2320216855587,8.12845710378315,2.05846649571322,443.380822962936,-89.9532053714884
-197.446206745826,41.693921252554,-54.1952312017092,-39.4650719639649,5.63057906337781,4.35198188142385,986.904702717962,-99.4742066063127
-39.1523662883883,147.155211216323,-36.2203205817323,-207.296652877689,9.06780062898179,2.04327217473838,163.752302722656,-63.7073193735341
-317.219216690966,82.0168946249614,-16.5363823754597,-122.466188521677,21.2746252689103,-1.18175372586848,162.280213045859,13.2602590730166
-204.983671525057,31.6825579308788,-39.386753015031,-86.1884243093882,-1.57348826083762,5.29144346142857,595.599995362325,-24.4641972921963
-134.365287961598,33.9637959534202,-26.6679217500496,-79.1851027924276,9.47131672846444,2.23195493447929,-228.543380719293,22.6061605734139
-294.445296750389,111.66400515946,-6.26539951752056,-39.174428816732,31.2861045810278,2.6018440790649,1259.70713533278,-41.609136056838
179.495800865989,58.8389242621197,-48.7604062386963,-105.845657588055,-1.09645468633244,5.3501264481165,-146.535327294536,8.82405408365594
-88.0275661788619,143.048157504709,-35.6014402602741,-184.383890837893,-2.19334095253726,5.88023898383653,732.680215572829,60.4237297750951
-49.9193011003517,54.6424486866454,-73.1012264023884,-109.114697471552,3.77847467959509,2.87378137804626,-413.153898035031,-13.2043513068347
-230.779380836888,45.9824514802967,-46.5390778004657,-145.264659284603,3.7844505776884,0.159176521905465,637.495295406043,-74.895814403746
-61.8091587137751,112.326068914583,-27.3310005556996,-96.1906386786577,-6.45457195868221,3.4623926173881,474.716296724902,-20.8882781615393
-111.958927540312,38.6897086079116,-31.5167368548318,-48.5955079357591,4.63879476670991,3.36301453583292,203.185839668813,-4.87347381832978
-96.5657955626866,122.488941941439,-34.4528876535041,-126.85953439727,-6.72015575618934,5.51872953127895,165.580006822431,-44.5291041170822
-89.0726977647261,89.3985199199233,-37.2011659355485,-70.0709161832638,1.21251842942729,7.86322620363353,899.952765401875,-7.66756358084967
-94.1072769762759,138.329046952928,-55.9376414480794,-184.917188970452,-14.2287224555621,3.62181109053199,525.584326302273,67.0522017134354
-112.689775431747,122.335587044217,-35.1165704938976,-59.0609851510235,-0.0736242674029199,4.39311879306115,1144.92565099988,-20.915198364688
-165.157815173001,28.0104455125547,-41.4915396846627,-77.2204661238939,2.66833400657197,4.86658894080756,616.99325818909,64.1913044452958
129.278689502768,118.177354596861,-69.8613647667808,-206.478967413277,-2.52420839791012,2.93479119283802,414.687670000066,-79.3776365651865
77.6620028991583,139.795447831653,-56.1372464634969,-143.808419919347,-6.8155578677688,7.48602470255355,468.517074017596,-87.1232063573771
-195.273171189314,108.333498135893,-18.4493205769541,-97.7939235406811,-3.34003634116016,3.66672031041526,505.238477879338,64.79384107847
-114.370566014943,57.0682472909393,-32.6437347786559,-190.463996426246,0.0957610974592171,9.24515361586236,1389.15115253493,-97.4882006669213
107.883493504603,68.6328777799645,-59.7987073277036,-96.4221144627081,-4.91497303498181,5.71111473686778,451.035234972034,23.0817755027092
187.842224709355,172.923052353453,-95.4258349699521,-164.054528103836,-10.7755401163013,1.96053904587279,-259.183367576945,-21.7786101656529
-75.4829270634762,85.132398168138,-42.2361134109378,-49.4703169434069,6.87534164925455,1.08210897562822,36.4350248154515,74.2683928478509
-112.458214779574,212.879392699979,-76.4814313542738,-243.922185685151,-1.66357622030773,11.1931456989842,983.984510386724,-103.538889111864
131.802008044673,70.2385885896365,-83.5531286281548,-120.183792099429,-0.89627578385921,3.58345338639629,-92.4486184958514,-78.8886188174874
-53.9074315873295,139.422899624013,-40.9856492417166,-144.689272398595,1.45560461767309,4.32396470326057,116.773127015986,-19.7828531894484
-69.7794053015241,45.9058852976787,-27.0883453898587,-81.1652530265565,-0.719057220274408,1.166076982714,193.419123124229,91.3677712197241
38.1562406415251,112.492303231855,-59.6590866402694,-103.107284291356,-4.747114926824,5.29552852692723,310.78246110992,-66.9522997790191
-66.3235567879783,108.057010027667,-36.8964312300177,-175.243744948239,1.91906450936222,5.34595987304783,879.448799742706,-53.3526062268356
-69.4038418542186,122.349062046684,-68.7834753700117,-184.332174797426,-9.63735947979148,2.14474423963338,860.052358285582,134.802097024643
-12.4154102520988,133.263409123737,-81.6785432069737,-142.996474836444,-4.12754537644651,1.90246067859698,633.147355694207,-23.8149181457047
-135.656262757126,47.6873457369002,-29.320548369571,-88.4365473630169,7.45932931642164,1.93013244482063,390.0637067705,13.8651881345359
1.26517590642652,93.2822983225924,-65.3032523090972,-171.042523203112,-3.22406743836473,7.04450512372568,517.271437164163,-69.1903120341594
-85.5791790948606,105.634059385935,-60.5559488047584,-90.5049288309856,-1.81356979769771,5.53945172429667,832.714361942242,-13.193055704789
69.589681290483,141.234666162092,-83.6998251064852,-209.292131338641,6.10534374411418,3.64382897765609,326.324053750985,-74.556987007687
96.1161796675588,81.4042237313952,-31.9629765055724,-167.269352019997,-8.71399993414343,5.54918442750932,518.626051693034,20.9948436248678
-110.15875134102,94.9703356828395,-12.5403427262208,-126.472348556999,1.28914665944467,4.4081679460578,623.833472846629,32.9844196279882
-42.0313934647129,80.3032738683214,-28.409588929404,-144.884309515619,-2.83287821956037,6.21491579833673,276.069584755751,29.6348786780436
-163.358420204715,121.148833150073,-22.6590553990973,-21.010956534843,3.93141486530658,4.61456254651421,757.099050682606,29.8168156124448
32.1907700336378,101.573652152958,-80.1388688948355,-62.3017310763898,-1.7937293361756,6.53228827886051,527.564371220069,-75.1459843291086
9.15062577392575,128.1992236816,-60.8405205022755,-106.695470764709,-12.5961368605053,4.69592941843439,-91.3101453773647,14.6481258130516
-137.398457117539,74.1022367451078,-17.2262702888547,-87.1834742070932,1.10550846508704,4.35107801257982,893.281655269675,23.5212992254674
21.4606458498311,122.53907776402,-50.0943235185587,-101.760293422529,-4.59555910649942,3.09855790324218,88.8430605679673,-30.0597950565862
-114.64653959815,161.861989596255,-43.9852762205264,-187.178799413974,-13.6254041744687,13.8938343495101,1146.07692252356,-41.2006725983229
-71.3450695667889,151.483596731559,-45.81599408287,-91.5059862221096,-4.83810916157381,7.58016101665999,384.565030863945,-23.1636306961882
0.380700498208171,73.9761321689148,-70.2064218327105,-75.1137137162048,-10.1664329285559,7.14999722415814,372.032137859842,1.81981159542192
-32.1393203526823,116.380553829847,-50.9107324974684,-192.923210206907,-8.36817598518974,3.99872396938008,545.641765989436,68.2696095379943
-154.467757827038,129.822154011221,-46.4954500052554,-91.1641988374176,-2.56072959160883,6.39582605913165,640.411009269537,55.0280105145939
-11.6838733359182,87.6641037507216,-74.6064990090672,-231.021255138709,-1.08047141254065,3.60527163671213,488.7182643048,-7.55132220518317
-147.280045915277,86.4004671330622,-41.8826117814751,-64.9195889962575,-8.13666045859281,4.6977399434254,1141.84174748431,99.2045970837935
-57.3902906637304,203.922458308458,-63.036877407314,-161.619097912102,-10.7586949600081,6.91816785170886,1145.28276406343,-19.9038323129644
-97.5518961748767,55.8830653690238,-23.0928313501063,-83.6910711404635,-4.16668536349607,5.96646111152222,552.424837308718,44.7743050548197
-63.5708322782157,81.8243280996248,-31.8772915136942,-93.9229889440066,2.81978437945509,0.828146994463168,640.630242962885,-22.2785793320509
21.3801809234428,142.574696194963,-55.8916286314634,-147.961094009079,-2.61489520655596,4.95460162138806,330.753675367385,-58.8304387627068
-85.7925263787256,102.447613933709,-48.3461096907704,-168.558420948648,-8.98257841376471,7.47429154666315,668.917113440724,24.8085064814059
82.8339379340759,68.7723636171777,-105.36647240055,-61.3784712716879,-7.44497462077561,6.38923440294457,94.2683046990132,-24.8953476539536
-174.91248682118,132.455344059126,-23.0304998009451,-115.103085276962,-4.20710773019528,5.83435459650718,460.615899392331,130.936801018239
-62.0920601021498,37.7818072511873,-67.8332344629953,-133.59246471709,-0.492163350485498,2.08920738317829,1023.55865777898,11.2260013887862
-4.18305941601284,177.083456324515,-60.5992426838529,-207.538672301969,1.86584068555749,1.63488340482581,376.322591068194,-90.137518647316
83.1136467723918,88.0605388419754,-71.333317558805,-81.3791862976796,-4.03007620762219,5.8196653697305,247.334754508192,-117.848538488455
-26.8682733400346,88.5585087756381,-70.0829720409529,-21.5438900900481,-1.54299643520608,3.68899261690967,967.087702547209,-48.8846848515313
99.7841032833585,188.654653156285,-101.343159032345,-204.534773854408,-8.17187582810584,5.99107829591958,1138.69414758058,-125.388689986847
86.2928356734628,140.295415011438,-100.464759268405,-58.4837286344264,6.19601247636456,2.42677551890665,240.304605749297,-145.555683164595
-91.8637781559228,116.337303982231,-31.7729435990004,-112.632422692695,-9.2411591198761,6.0192294381668,438.139835009308,111.795631522138
-43.1564440923732,59.4017671398033,-36.552069587502,-44.8307046647933,1.64983192369982,2.49258794620982,589.021959007514,-21.8233562240493
-70.3020960416561,97.8276156803913,-34.3411542346876,-55.9887016569264,-5.66304347006371,3.45170544687426,483.498699817672,37.9572966689411
41.412414523802,136.232046499063,-68.1360882630688,-102.423618587854,-8.10326581149093,8.67939965020923,564.573542696657,-59.6887174720177
-76.0427551376924,106.427751905867,-51.7402824752708,-85.5312829957875,-13.4486142082678,6.99235521025548,753.9159665927,46.2702643943776
-62.0152431774768,40.7196675557643,-72.0630553845549,-111.589304048264,6.67668080335716,5.9858707789972,541.455411335191,1.34457789395674
-37.2300264604564,164.796422006097,-72.3745394641301,-177.283444915935,-3.02480261457822,-0.639299353817478,-7.19593337266997,106.908374422146
-77.0790729992636,101.401676125057,-44.4522954150307,-167.492357129384,-2.17449179763207,3.52118971227901,518.282858834427,61.1919825797813
23.7120667303388,86.6409387374151,-81.7353100634064,-129.583995516237,-10.8948476305377,7.44638585447319,271.481909984039,-11.5829403333628
22.9885483960097,105.160954243474,-76.9335993857821,-112.297689838582,-9.22918803879293,6.12086386384181,368.748667766806,22.7581315135467
-104.534751513929,140.559115594515,-40.1237676252197,-114.954459750355,-8.29298081140587,4.1367162346578,579.918411395203,105.889777837419
31.89822800205,158.72375060065,-64.5886514167069,-137.168599662771,-6.14394237552187,3.77161453904409,-154.927074164494,-29.8880333049892
-153.872841818476,14.6418172616686,-38.6106094327406,17.3189091531385,-4.31847090245174,5.69588899231167,1550.96573830394,52.654602090457
-172.192058066748,118.853371141959,-56.1131440564714,-118.517740413838,-1.64323794146185,8.55797213421965,1393.94091694872,-24.6498211915532
59.2302086445561,122.610247851218,-92.0887126783182,-106.850969877727,-11.1300287829799,5.4042114445474,626.650780424126,9.47727412602399
-65.7382233771787,151.143915001929,-49.2471157853743,-98.7900596482796,-2.75223898734839,7.52032796854746,596.580241843469,-29.9201334559039
34.4237137845139,143.693245892195,-60.9984683252769,-213.519480509101,-19.5902650387725,6.46914185406058,-247.717317457194,104.127888176299
76.670677045593,144.357736575417,-77.0769971683912,-165.108341879968,-15.2636399406038,4.0471493882942,-402.124988965661,82.9118857879075
-43.6877422487669,175.3433978871,-62.71200257499,-163.602671579662,-13.0748672791378,4.50315938477434,463.13940534812,82.3822616156249
-38.8729020782557,9.76561508441227,-47.43038368009,-76.8100910205685,1.38207322219387,3.92626631646999,249.861152255966,1.87752406803338
-72.2273677050107,143.411485436722,-69.1065811532899,-88.3048347591903,-3.06277368668088,1.82858518965986,803.361653020504,23.1827359404299
-127.798523339323,106.89518669156,-32.4683842712111,-147.644607078255,-4.36933847095497,7.23638438955095,628.380931559617,55.8971207241739
-71.2791958551097,96.2610278590291,-39.7763561391621,-129.963165102083,-4.07380544444459,5.8728307390993,783.530890804817,-8.80998548225034
56.7977337517077,126.338479237114,-70.5101572883577,-144.87857451255,-4.10395853462978,2.85117209347663,-289.63683511308,10.7961557776252
32.2021849194498,164.090359416703,-73.9821324908989,-129.89248693737,-18.4591143850121,6.35206434119755,862.046897531429,29.8434456844807
15.0030843303757,87.4231744634308,-50.6595384153916,-217.852508924272,-9.32539667000674,7.45132928274688,417.725438233872,-39.4029105658119
-89.802313412074,155.045973930028,-39.5397067378362,-125.468782199168,3.45515308677568,6.22358180460287,250.387625608193,-26.9949115862109
-32.2999682224181,197.980244846403,-88.5060145393727,-173.477450897844,-3.60294309776509,5.45551218415494,596.522952758314,-64.0297032956842
-14.1359942822164,115.269541917849,-66.98323257624,-207.880550991758,4.10968809282349,4.65906581780291,-301.527351847424,4.15024727066339
-64.0949642318771,103.08445696572,-57.9871431866995,-33.7243736683158,-0.377227413584478,6.41709427025125,720.743978557555,-36.9643405341485
-95.6329563482577,118.099501209348,-72.8156952763093,-14.4234134644794,-8.8739565993892,9.39427037653513,526.95559504081,52.5379929800838
21.2789467179937,47.9384151505874,-61.8332400458312,-151.07050783428,-4.50048841807575,4.02051409927662,409.172832595956,12.5649296552438
-81.5934943515313,91.6756144565588,-37.1393957866212,-22.450494785232,2.31395045104728,6.42365997267916,445.778022682061,7.18157930050802
-96.7695816114665,85.4912839902972,-31.7833871705461,-53.3763841161854,2.37326407337059,2.21665090566967,739.930650378315,-16.1239697908131
-34.5926720744163,102.242862174257,-47.3661018583807,-37.1292323718953,-3.3780276979669,2.59088462138607,650.029919438199,9.1164921553609
-51.3137828311046,128.744887453237,-52.4117618229284,-121.125507604025,-10.9427885811892,8.03868258857983,517.186868481667,25.4642110590285
8.4590102591028,60.2179733935482,-45.7470995010817,-84.8982106830517,-1.66225024299638,4.86020932791871,818.585014370531,-76.4565158571495
83.139564045222,78.4818538606487,-67.3587621273691,-54.3607431552446,-22.0263363019549,5.83972274044936,-262.349022828654,52.1582082607492
-39.2583395681577,88.0762892001949,-41.0775033903774,-123.091175735812,-9.3441707699385,7.65890266739007,480.924721979012,29.0877883530543
-51.6449351000992,127.266747405665,-66.2122259764292,-64.3061108925758,-5.08317010760948,4.65249678961118,776.317821831733,-19.3290395084769
30.0955699675178,46.6650667463546,-50.5021756892093,-90.4173458195146,-10.5297338174159,5.78480272051092,278.929397580359,26.6711503879051
-145.55448079807,116.538125634834,-42.3583670826338,-128.838116455881,-1.55217869079206,4.54332424722816,453.891404960217,50.6825075082743
14.2245062243601,163.562897558004,-75.9842829864938,-217.610078188096,-10.3904439323233,6.15561484949285,767.282862328289,-54.5828993842297
70.4734051820706,91.4988988597015,-102.199130230205,-148.217578299699,-20.7652601737063,5.69326526357327,620.260097923863,60.4445387163723
-51.3388224419177,105.759360925091,-41.034240844574,-154.446898635448,8.47543403833424,0.632301330770133,-389.61695906911,29.5001637948735
-193.208379930627,68.2288518562273,-31.5453792743137,-95.9344314234331,-1.87247382550049,4.61316737842481,1035.99022425021,119.395957930174
-38.3433547024906,66.2076516938105,-62.1105945399249,-113.995254268077,-3.11441743075557,1.15095946364454,736.280529672003,29.357805072359
-124.920523057262,160.298424735822,-62.8755432297767,-131.252053548116,-5.4290724593302,4.76495488171349,323.924140797186,66.4848850176568
-65.5650592215243,161.419079805112,-63.700191788738,-129.752162250006,-2.69821704298374,3.67336091262405,570.24387234461,45.06886844775
18.2963855574344,79.9596528021502,-67.5824524015479,-130.531969287735,-4.63059039503423,5.88839567970717,267.039426990261,-46.6922573981501
-28.5193489347585,26.7994589931332,-42.6296845866382,-59.7303051883337,-4.33927896332898,5.63632498114885,124.39776524694,41.3696611922642
-98.7659319373197,111.229269090283,-36.0807425744133,-73.8432524453383,11.0998370141369,2.25138032087125,-68.5976692742988,-29.7524502879314
10.9919195949842,152.662724725727,-58.0983607893586,-109.12680171033,0.229488588630375,7.6758480501594,563.540046399139,-101.88193436393
-175.002165867627,172.075146668125,-45.4430578727624,-179.414113716652,-1.54360304606507,6.18805715884082,665.533015051384,63.5691631821537
-27.3923130767143,133.277966721857,-55.0671637892337,-162.682675102958,6.8058608533247,3.68912508667563,321.394574773702,-121.452319003321
-79.7266371726837,94.4761198971828,-45.5756741677678,-180.641616943474,-0.46010488246975,3.1554674560939,662.256341447428,-0.109353445615852
53.2969406206921,98.4770810286864,-36.2815957311541,-159.838713525285,-1.79571391781792,3.66437300672624,325.893716380859,16.74768123994
-96.8064428395228,68.6828223249559,-18.7857700776221,-192.448557494885,0.692142864237212,4.92668099301227,926.104806286821,0.930023946828442
-270.340740101963,120.110411439033,-23.7779477432923,-18.0849665986316,-1.12419471757948,7.62044512902503,588.518076306201,29.1497209002555
-22.6486422566813,57.2978803128005,-42.4980433612509,-165.406104377584,8.89071584142948,0.412985713832313,40.7129692478848,-6.91166428968427
-75.4502578065094,62.5162963573966,-30.8338410257275,-47.0303279791042,7.22312205994967,2.22662591164408,179.491463854021,-66.9073416143365
-35.7834661438683,4.31013995863032,-48.7582255513335,-76.6409991546479,3.08614733783179,3.62217015801434,878.197898231898,-0.73942341041402
60.2518975049315,186.544209522835,-77.4630929986306,-208.828471709683,-5.62417283996638,5.83331293203082,950.540872061596,-58.0826652890246
-136.370336694279,151.453424175008,-37.2521942525636,-142.79304841494,4.55216228703102,6.35370682153734,171.921546774625,27.1794085284782
36.0841855826729,78.7991399168386,-77.2553826045551,-76.0321184278873,0.706555281740293,3.57063636966632,470.556995650128,-107.351349958422
-96.502921277046,94.923493975155,-32.8308720795467,-67.2609096857996,-5.97876051664934,6.46735363749031,28.1028686031204,41.583111322936
-59.9119099266627,164.867827718626,-45.4718770467643,-147.854076579242,3.75420022020262,2.07747396892228,613.828571407998,-23.4911456112313
-52.7727238773423,92.7432473215376,-63.2530928589767,-120.84342444926,8.63055065943627,4.54784495953936,4.49917999221361,-69.4970810582163
-84.7756977107201,38.51960891618,-31.0665823779709,-121.835376015508,-1.99520930508152,4.51337212198996,794.05758383908,34.4224936807877
30.0338020466588,118.807531860253,-108.612489409657,-178.47300008309,5.87701446858409,9.77728369861143,901.178952750604,-222.229650384033
88.1738784796762,52.315676063241,-42.3831887513516,-132.10952984172,-10.3490977813344,5.64269178025279,9.06971008377877,44.2765965889848
-279.002734948415,77.6360938509461,-11.0426645069674,-54.6929821570811,7.78693152809319,6.90053646193701,349.260064281887,22.6956028035196
-292.81335582165,154.97265090124,-24.937871164977,-190.839019950916,4.82249115546438,3.18815336117405,312.004893392881,28.2192311032068
-329.027254831941,69.528518277526,-10.1251836882911,-111.838232898823,0.803037761244923,3.62214151998842,357.85520600235,60.8722619302571
-134.080115650038,-8.06075484369649,-37.9490262953477,-97.1900130213471,9.47070246745716,8.03460653315415,1221.07121247994,-105.906152598604
32.7900157356853,129.406492040711,-43.4824186325568,-92.9143466317182,0.357949985465439,4.47498025761888,214.565179409328,-7.49341374494543
108.062026865038,89.4968912860568,-40.1895424663208,-116.622201153004,-4.12382464284019,-0.141094449660159,527.583199172564,4.49179858519346
-178.655486891371,74.5448427308438,-14.1791079617542,-92.6271513895408,-2.03807313460129,6.49899362880387,550.113392442843,-33.4853450589871
16.034525268471,113.386492451456,-65.547070381539,-163.976395920006,-10.2586260963653,5.69561943245935,-36.0028117778857,40.5183056227979
-19.1976917688007,140.509542497843,-38.9110387890541,-171.241812097098,-9.72407406847924,1.12649165280163,260.839906348032,12.1655728402548
-160.069476173398,167.467449589109,-46.5721416743909,-161.029445086082,1.71865048527252,4.32883864000178,661.016196484328,51.400716431388
-79.9890095288429,70.9011597482095,-34.9927007704391,-79.8366619134486,3.98825709073571,5.08071613549691,282.416722155249,-55.9394973926828
-28.1753227024165,80.8117300133017,-59.5316438647133,-184.751435031532,9.5115835559518,5.63645206568981,996.694123303416,-71.8575565166611
-22.3280420703668,112.849480595592,-51.3394724038008,-138.789746749865,5.85790320587694,8.97520922921831,1088.27974818232,-75.5819377333974
-164.949613805598,85.0323542973201,-47.5922279143124,-138.255314957416,16.2339828112617,3.4047829778865,326.798702582106,-83.6378792121832
-210.550174731266,83.7018221360704,-4.31448643923795,-92.3589103974518,3.54142960748868,4.10516206691682,482.891553904643,49.587072027527
-23.6486748508105,73.1825692819111,-64.0296380218881,-118.944100127293,0.196878709943121,3.44128041401564,143.663031796876,-8.59688976085454
-39.8762952919642,88.6216150920372,-42.0110302935718,-159.505541490478,8.48150283137511,3.76574296268518,1258.82330433123,-126.14334778233
-136.255361016694,93.6008150083653,-22.6444643504801,-135.544570362206,-1.13771076055127,3.8304472626769,-96.3632094454661,103.492228636256
-17.932017415842,66.9538876968436,-20.1665982325994,-66.3893766764522,3.76111561067228,3.43817164239226,681.336739050545,-74.7664541826089
-180.668563162513,77.8519645265187,-16.1292510277453,-128.630421030794,2.95817442107364,6.35495694648125,492.366529563511,-5.0962923628831
104.097376799247,65.302268328116,-40.0599873399551,-111.327314345137,8.03750415187096,4.30865888934932,275.543588796507,-110.234258621989
-221.565999788465,143.082112072909,-4.88027673326724,-166.923212600101,-1.50950561692298,3.77025602199137,984.029311654507,1.90464899901417
-312.575974697953,102.041022059944,-30.2986299676486,-154.001017317292,11.5669564153031,8.94588305130128,1697.62259543783,-128.121546968148
-184.556706704461,144.965854547771,-30.1874622452015,-104.073153037578,2.42269477631908,6.38834284403856,863.131659206469,-54.1253731363395
53.6712061357639,86.8313761323807,-35.1483882072675,-148.723887330198,4.33631251690895,5.33775116014294,346.929636347515,-66.69821278987
-76.2659192123829,68.2287607680628,-24.9122055735788,-16.2149235989709,7.51635268400787,2.58870896029111,670.454007454551,34.1798727693385
-12.7019151573086,132.071604423087,-29.9930981034549,-113.867637224517,-4.12999206109089,3.97534523226204,473.30448603729,-17.710328329943
-53.4451005243463,100.864525527548,-56.2274053087458,-121.535700303066,11.740252450345,4.01663654534786,-83.8840569651366,-68.2349624409908
101.355472777504,222.901367654533,-78.8683987034019,-296.509003685875,5.74377868913143,7.5216921057654,724.340700671182,-106.657574428566
-132.985979641293,98.5973882036342,-47.3187757745036,-120.422162750634,1.39703764815931,2.04799901379738,-511.641833476097,29.6143408017952
-32.8023160075036,147.553305180176,-42.6531154936674,-233.624277123978,10.8045931292145,3.64433035289403,1098.67062090887,-91.8537498039368
-104.747287453634,68.8855075863248,-56.3835074461967,-157.833646828261,15.4118047863313,4.99760894206702,-72.3966739357675,-5.96828144416213
-178.286937671743,86.1638762579951,-44.1901273253025,-108.932365560303,3.52486504660919,-0.480113357130904,784.929308900879,27.2399370623589
-216.548956436978,76.1672800849192,-29.0940456777607,-119.270831506583,-0.356342900653544,4.99254392730654,1098.91994295367,-15.3366900767287
-61.3137497183925,125.338822270442,-35.9110141483598,-142.589326760608,5.29258164074417,3.28195411472552,691.11200400212,-22.2950715618208
-138.396753856185,83.2329965170211,-46.7533035086817,-62.4987325862603,16.684175626724,1.20676877062306,437.394365274693,-67.6225063900638
-593.17922635494,23.5541080776384,-22.4123493359948,-14.8565805028702,7.09875527814438,5.81508042170753,734.655550819642,-48.2235504328564
-121.637861018258,193.336643781804,-61.155167587407,-88.7721835550947,13.645420861827,0.314492891309783,47.9821804940002,8.84817324144387
-68.3470873770711,124.843782440337,-71.918171522615,-197.277885685849,-5.27302837637762,6.35582752333721,-184.996698337724,4.34710702457232
60.5972381459724,211.079943699675,-96.8333113796543,-303.935703944262,12.3858173997723,6.80282118897594,896.905143349126,-172.104682500591
-31.3341461297823,72.4959197254211,-63.2209073587651,-168.257701997587,-1.4499221520673,2.46521919878433,931.019622878674,-35.5846553246665
-211.570467906044,69.03440137707,9.90019513904554,-180.355238049633,4.5564306613087,9.1012457642064,676.375714971466,53.5269650229748
-313.445572976125,247.537822764047,-41.3511478297733,-188.291146240728,5.5089899093,1.59994284677759,177.988295454503,11.4873196263634
-397.357078420115,150.848057254996,4.25285663711838,-113.542517636628,-1.03241077381244,4.33474654225483,-87.8714692623107,117.877327651411
-204.097306373267,116.36958379305,-7.47271069093404,-100.502721073863,-5.2415501979267,2.20782663130376,470.111257611614,42.0823663994524
-36.9848074941838,131.394933786083,-28.8115204635128,-166.994918718487,1.77778006375593,4.53936054922451,302.712448164442,-21.7295999729831
173.648296979807,96.7967203818553,-110.30217421033,-92.8657435448695,0.670266392044141,0.613767732487759,-550.097042902853,-45.9517110353336
-301.96473769952,165.835238982792,-13.3323252638365,-61.2461939294153,9.31771431886955,3.53125443345925,294.566921113088,-28.1869123311189
-283.17151550253,108.981060356469,-42.6003313980545,18.8557935067511,7.01168702607174,4.39282087805623,315.669205358165,17.5540541605442
-311.658796057838,201.477802371817,-42.7984180839267,-156.027262142583,20.372698665351,2.05951859217021,161.768975601153,-158.534851604723
-142.916136832253,95.341290900411,6.14881045153015,-36.3674346351108,21.8323459849853,2.97746821517649,-612.235047980255,22.1195852238852
-389.96021442546,112.759055522241,-48.0259080067917,-67.302093272061,10.2372569963773,0.617030405592232,-185.85690159124,-93.1303809880774
-149.143822038634,106.792114940588,-41.7522887470259,-132.707224980661,0.552542844699929,1.43890577986895,-326.233893184544,62.183843634979
-372.449945819717,115.593965169282,-34.8915886932518,-174.211657660751,29.7346363053512,-1.38160484746368,508.187394911154,-96.122047796176
-82.5841217033449,31.319777705532,-16.8994558959166,-62.5695332488904,5.5715287764906,10.3611132445058,416.434757441653,-1.87725907978893
74.8409826356365,131.146422574413,-62.1250981622288,-170.297958943687,3.88436101586558,0.80480621848983,-163.691360580095,0.320675532278983
-14.8787388466626,95.0187823999222,-22.0626788438603,-84.3276401139447,15.7424044406944,1.68269915875862,120.877558321838,-47.4591722319747
-13.4112487623788,136.543037335226,-42.0588401379646,-172.109472182528,-2.84603488916764,6.02844615915092,-697.497671171994,-37.2677278004849
-283.738895810995,110.64311558292,-29.851411936208,-115.779312913,-6.16302942763042,5.30286403675564,-211.765559588355,75.5590631148152
-388.862703759063,121.617386823884,-16.6894413461632,-212.771140527257,1.01268292739405,6.19482688818243,846.814408304228,-3.65523880494584
21.4674419565054,110.326911271681,-41.4846324991668,-149.612156959638,3.58851426338151,3.81009468878619,447.326946161469,-55.7373209835787
-235.183990137317,113.296662753695,-22.2511252254922,-132.619699211209,7.81558076296642,5.70522738889485,300.856769075006,-30.9604801755631
-250.919114177581,26.7554289683685,-26.4810283154657,-111.125794610722,5.38084993634766,6.53333828624454,530.843597813993,20.3863639338306
-320.026812999218,62.3358073770432,-6.7946036392168,-189.03080903085,7.7359611216234,1.70773277027183,75.0211105841372,29.5646866122515
-257.505989888072,131.943576110236,13.0702401678809,-129.835750410319,13.5738872046022,5.53127067635432,1014.7544447985,-42.3096517637168
308.058690330319,69.0882906224433,-94.7576725631807,-145.91837897354,12.3460809773533,-2.29855424364359,-57.890011966927,-56.3758850446393
-97.9796830640407,62.637137509977,-21.1128098379995,-40.9697849928925,-7.669261443305,5.8040953236632,-35.691011408544,-3.81374031409359
-20.7758253427164,20.7938172514769,-35.3050666657509,-148.159530596007,7.90916084196942,5.42483155165974,505.733813884501,-45.5899914768288
-122.78114981952,80.1678586088728,-60.9908162564971,-154.043744169234,-2.81070319518039,6.44254916139471,716.98844661552,-39.9556540390986
136.262120594882,33.754277678614,-32.8295475255436,-142.001512403116,5.35400349658448,2.58672213913815,516.22559896548,-26.3971545208478
104.025896922161,95.5579367803875,-67.9996336250551,-171.090164334753,1.77850131053128,2.01935372277512,-295.234044241314,-9.93908836384071
136.524860988604,108.004776658665,-105.634791098273,-50.9338755240533,-9.98348672893917,5.34474415771547,-166.55197447812,6.05971962501644
-199.058565602187,181.655249194417,-56.5192248783405,-90.3218064049142,1.92820495393244,5.563760412595,959.025906660652,87.388809529948
-25.7270098342033,143.00156704853,-79.7252058144077,-224.004878123906,2.07813545622957,0.195927192849922,393.119093668443,16.1764633974799
-159.64472031214,101.981515374144,-49.0727681391145,-109.470921681546,1.89467893978872,5.59443800847839,951.466267106967,56.0135997286416
-5.45962267342838,118.846047374129,-59.8032702597666,-135.710129977233,-10.0290429196866,2.34809179451986,326.923011196457,26.924767943965
15.7601466304332,38.6510967142312,-54.2938192050642,-70.9223144454154,-0.520915192992106,7.89747400778288,-128.578852704817,-11.6616820993077
-34.6917839231901,133.216339796127,-48.9025397836449,-132.897798499142,-12.3396767363884,5.28130900771066,753.5952875082,54.1510682565422
84.3796164316664,160.654194367409,-73.4442270901927,-149.648086976202,-5.3746237816154,0.666117045449937,-401.729445386445,19.2075470122654
-47.2550352056496,107.617351965251,-34.1764178326703,-133.298554764362,-0.309565405004832,7.3581467236956,-157.783573916196,-18.8039435291867
-77.3033159554179,86.5993951042474,-35.1416776600308,-141.06466314345,-12.5003890502267,10.2829745275594,605.379241207178,21.0337497951114
6.21825329039712,169.302727016562,-46.4547737263201,-203.518874894799,-10.6456250224437,5.0111499040795,484.161456050395,33.8342854897346
57.9709496298747,73.4546061179135,-83.9674119090196,-40.1293270046008,-10.1333640181547,6.08057993401599,660.738249772578,-40.96296344453
-127.822319886604,128.997194268217,-36.2556657602909,-104.46694473167,-2.26090661135095,7.80944979090418,619.806795371478,30.000701091165
-93.9258501096483,149.082123951433,-41.0428742652002,-145.765314498582,-1.75865187392583,6.67463205088279,154.079168343073,42.7745495475829
52.9129553011735,81.5204211173987,-64.1459075495077,-116.081135929991,2.92039190597279,2.04230200010352,552.399494537298,-86.1600000951385
-9.72758483790676,69.0237783912344,-45.7655807996634,-52.2708381356279,-4.72817963297712,4.376806123606,480.912162542183,-10.0072694712217
37.3899439635613,34.9223671315522,-45.1041511320618,-69.115974743152,0.0377547122479882,5.18290615797014,438.366428481939,-51.7305967359416
-71.6978236080467,87.52084082074,-24.9328932779608,-78.0257413215877,-1.03032525970775,2.14742594512063,174.562419462898,34.3326429613226
81.1665526964644,83.2811147825414,-65.2626583340316,-94.4462963316473,-11.0022645981128,6.76555843233655,308.773165465536,-51.3546383734792
-69.827482799752,200.172958930754,-69.3146107101056,-106.562978072558,-4.65915889060125,5.29880362260155,613.136846975474,17.5476886216347
35.3993812536064,113.417446534935,-64.6201317600789,-71.3867793440586,5.26111761978973,4.73149596448638,546.035646684206,-117.860148448224
64.4264732357042,76.7280958971132,-79.737809876533,-154.133079797466,2.93316839131876,1.23416577029275,-197.692188654248,-40.8529633227936
-18.8255674948014,94.6274741411762,-50.9917689488066,-60.8494190134334,-12.3150330576136,5.21446421080327,178.252907210568,68.0176175537163
-38.7519559200882,86.8551708453015,-46.7094897427087,-106.87725826673,-6.70525950236333,1.77863416937907,315.028683974233,32.2851866886122
-98.4545035868068,166.420239925996,-41.2879237923335,-99.7947779095921,-0.230627969081979,2.86413870739489,151.305814623513,7.52437578211538
-200.579327420442,164.737302034555,-19.9255850588233,-207.497941573034,-8.39053897425765,6.79322652967869,919.244592536797,85.4652739898811
91.9074649445538,72.4879032137833,-70.2695876616181,-113.196652344122,-3.82457555862493,5.40524278607336,280.393288977946,-55.3375060521284
-90.5194618537207,116.294848499732,-54.719345264486,-55.3783295593648,-11.4489303009032,6.98871429905557,497.641547270163,22.2173145113629
27.1202043309167,49.1615578815909,-43.2399539808612,-110.342796532699,-2.24213771934956,5.57285425820737,196.96994263606,-17.7260344816696
77.5484825592575,156.559737087591,-58.3855346144992,-125.780165273289,-1.70196345431032,1.61519007688912,-414.681216492609,17.7446189519546
-6.66522005893057,73.7309106456523,-50.186446892636,-106.91638546656,-10.5762074122176,6.25381867252872,174.039272580383,80.9603269969302
-7.25649721518857,184.985545197236,-77.5024224517256,-234.029948294425,-2.50107654950989,0.0823453593620798,-258.123808630691,127.217181222695
9.78604931230802,104.011182519338,-99.09029975054,-41.799628689012,-14.2479948884284,3.85600032590446,122.361556752323,22.103551799737
-216.486608821564,77.256724477149,-70.3773434540599,-136.518628840917,11.0782571182499,3.20086407881172,1004.72017122044,-37.9036296314152
20.7485069170652,86.8242516905884,-41.9135018369707,-78.0785218719975,5.89089240728936,4.13546394192963,246.51435960149,-47.0513027534616
-39.781805057195,153.230248026342,-46.9057170423912,-95.3852528434873,3.24347898295673,3.07578745170031,282.981916631931,32.3329544974113
-59.8332143193693,168.132991698742,-47.8537320659989,-112.535850332475,-2.34969454669044,2.27898310493038,458.313262550662,43.3360549148201
-76.4994667098508,140.031210777328,-37.4206578287631,-152.605302193047,-0.840081720380113,5.07197331604402,959.811110339739,-38.2270913978282
57.2250667995977,53.0758929002477,-56.811849700287,-118.597572667873,-8.40772190310417,4.42449690050489,200.414029200656,-9.6119868754904
-8.41638879816128,69.138778872788,-64.571072637671,-98.0178576125618,-0.0221767768380232,4.11300926576951,728.598327942136,-94.8994909952162
-34.8578355739737,65.281598678208,-66.5312212760982,-184.502314595533,-2.27590698876884,1.17947826259478,291.882173450838,8.64271639427898
-81.4789168437783,65.088399691871,-67.4012054579944,-97.3661717830691,-2.55855537721072,9.88504462081619,810.210362468307,-88.4573019756062
-31.2535981401743,129.21777616375,-53.8245741965366,-220.723560455284,-2.15499496875054,5.87297945190221,558.912326671388,-19.8548320875852
-150.929710117522,158.195392768597,-29.344945239427,-141.406688956384,8.45716771078878,6.38274087689206,19.052636098022,-86.0244822237146
-177.399226243491,48.1457693232296,-20.6695252634909,-69.7183976688393,-4.47219892866269,7.37746897718171,1110.83815921191,21.2418869618996
-14.1085601437662,54.6637328565785,-42.0291513644042,-130.600299218331,-11.3480554479756,5.66725611269067,378.12280083973,14.8390008544957
73.4539985260344,3.04879734126735,-80.2230253029375,-147.640986738552,-2.58058852842805,11.6382040406825,676.65870725784,-128.579034554285
117.66123376452,169.920231528668,-76.8110178979696,-47.4126878457823,-5.42482445847418,3.26931784351473,-72.2152167956228,62.2394079963269
-167.536770905574,94.5639099938562,-35.3405987918377,-127.405474809391,6.04502339751343,3.89351495771552,-31.4430851847792,-16.3510397243954
-52.9924644997664,88.967248418252,-31.6095243654345,-83.8031261624128,13.0813805004,6.11954209590476,852.956175856641,-117.981632320545
-24.0371625474518,90.3625204314039,-56.0339128414271,-133.610879567845,15.9448662218783,-0.755193563309149,760.895899556606,-7.54242241847851
-177.628061393734,75.3860031589647,-18.0935194102494,-84.6859636042936,4.96758545483317,4.70775989332469,437.26460658334,-12.8439279850718
0.742566135706511,13.8326963826557,-32.307274220002,-25.2622511729642,3.69349965981382,5.63368680031272,552.262807987368,-19.716960218997
-185.848854792159,79.8695450093819,-60.4116965756421,-86.9878383953546,9.88025052892772,0.481661026322399,-93.838479854865,-39.3937886587737
-30.4903147672885,50.4900834326891,-54.56397855451,-67.9988372137886,-4.59898712948052,5.69799112582405,356.206321108781,-53.3721642380988
-101.295668909734,80.8183917928691,-19.2245537972049,-135.726945410846,18.7221985355718,6.04604600917082,1052.45427228042,-103.090565594423
-94.0646358275262,118.367613440932,-31.1520689642202,-110.232044336823,0.0495850514780614,5.85888445429009,1351.02053684457,-103.562063361547
72.2893121930392,102.190616942833,-32.9893752823991,-67.5890544698486,5.71354454733228,3.68865612425725,-103.214287141702,-77.9498940491612
-75.0759767839118,123.679833434144,-53.0373924119012,-133.705653797395,1.29333503934322,6.3578340715685,527.068625048628,-35.89036735025
-379.444093225946,105.047845290683,-65.3272452542733,-122.44691313988,-10.8776644343307,9.32199506444158,619.09562076516,-11.9828420130434
17.6331036538541,179.010859998554,-97.7508473384078,-170.519768555081,1.20091189611048,4.81439857516671,139.12770172314,-75.1866103632965
-38.0960264895702,93.4356609843453,-72.7029222050915,-58.6406943768088,10.2150950030773,9.43841168876679,1825.98954757111,-193.550986438757
-38.5059662845706,191.313759954151,-64.1754114745781,-128.836618803121,-9.52591964560997,1.27505513990764,431.748201705137,55.0902284182739
87.5525215134767,-9.36248260975481,-82.6145718795178,-28.0943509428762,12.306316566639,5.70707411359763,427.342727624768,-176.536960881822
-97.001615890229,113.747807955806,-32.562355195907,-122.203723995612,-0.483524172086618,7.4895389880985,616.043635526206,20.6205194013455
-127.150035494451,119.371324943218,-17.0345036096405,-236.384896552961,-3.28074274279788,4.74006180507422,544.488912856003,68.9081544419314
4.81110126514614,94.0929546206753,-59.2459419520092,-231.835692594279,-2.64883800449024,3.51017947048604,691.6253712693,-84.7858130699024
-115.751697717395,177.406392718534,-77.7159376746422,-171.45222082844,1.62781857152004,2.59059462312143,1420.21082669692,-24.2803540277173
232.685866431028,38.7329669541505,-129.407627048466,-91.4651839200815,1.75034045449866,5.35453112034338,20.1749922753443,-205.222801994279
-39.0543411015096,221.760152862007,-70.9959187486093,-166.34013078094,-7.06958916457006,1.91824474575697,327.715196260891,15.5652871477359
-39.7043388329766,78.6197054060094,-48.9656519921555,-55.6705089492416,-4.54280502315305,4.67369869767572,879.804905662422,6.44744890598668
-49.6666919513955,106.910807707216,-46.9719123619725,-146.153481042507,-2.24295957941649,3.88461527015897,641.8664762353,9.18709587139165
-52.4930263716014,88.2674647311796,-84.664305986691,-87.1794804570382,3.91858163130019,7.63590977477179,750.275401465784,-114.711821923313
-190.319330606053,204.722086583366,-39.3079458496723,-171.353710165647,3.06179918767884,4.243728188565,1139.38752575694,3.62807575930492
-320.369262949834,136.278620747562,-2.36090498699923,-100.348094025489,11.5946105580297,2.13267286620976,548.77087103331,51.3358267971344
-169.264493624964,68.7858066414192,-35.723774232727,-134.491118840946,3.81016970075507,4.00271048306604,394.5560338672,-33.270638379312
-219.40483377597,152.811648926814,-8.67584725280176,-67.3918976344576,1.45175365296745,3.0531188405057,807.231052044772,73.0108088056004
-31.3137635448657,116.95030998726,-66.9310824789136,-149.602756012406,-13.4679219790851,6.86455923138419,801.415508731639,23.8491885714175
94.8040120222722,97.5653732067185,-69.9158183803492,-197.117510677308,-10.7483190905623,5.16464695410468,126.209650024393,-37.6144273653699
-130.127484325509,49.2007554651354,-43.0517048253387,-106.39663441274,1.31987443368416,6.04385220324912,1358.11159341349,-42.4294933256169
-65.6484933912689,186.656694644349,-48.5178411290599,-198.722994608877,-2.19118939423061,4.79768062949006,167.747409604768,-12.353901550392
-46.4387701709929,66.0472037986183,-46.4512128856441,-114.54328013229,-3.97072765560006,4.82735304333983,676.491457454285,-21.7843773450877
-183.552564780839,137.332437564095,-23.9664030325039,-177.640548045922,1.39861720390763,3.98177079745074,553.111332950793,26.1358591253447
-170.512738959231,226.867037768758,-13.3167619286687,-190.562876902171,9.74252194314613,1.03520017648589,1044.80842510557,-27.7121012553653
-53.7292768294719,84.8845385243012,-60.824703261067,-135.39611066285,9.93368288666534,5.22763071549707,745.17413128003,-217.03327895097
-195.148208853643,63.3081589961512,-20.3779037077511,-82.1872374838567,11.2050253809866,2.65119891180075,-177.534427198992,-14.0949128093671
86.2040895739628,95.5508775301569,-39.6359767338872,-163.825776488608,20.3373460057774,-1.53586884897959,-649.577103217598,12.7904059779539
17.7569264872736,49.7099155106753,-38.7058461125816,-42.7305631699419,-1.22459536828683,3.01722468645312,611.631348150906,-54.9201682512939
-36.441860322404,35.3815150102746,-38.1532845098536,-91.024883042337,7.23185629493673,3.08712982547695,-254.029623714247,9.1103793495713
0.438116610457655,40.8340941751667,-3.67925972858211,-80.035448951865,5.02733774745138,4.05077487049857,528.781025481519,-67.7010790955974
17.5866991155926,27.2226849433937,-17.0210061309335,-34.0920819863386,-1.43752493627835,3.60389335535001,177.951814433793,-16.3000988908752
-12.0565754123927,16.5967534725933,-25.1404228764186,-51.734333872093,-4.20797839916486,3.84709005785407,253.462340138191,-49.6771377935365
-58.5762954012243,62.1320366575528,-28.9637115982914,-63.5990651204775,4.38851851251547,1.33073781881467,243.44736715506,-16.3879894952443
-159.318918068166,65.2199616902799,-34.011684118319,-101.094118996214,5.95543381961943,0.0768320888591916,667.715015991424,-38.784232742325
49.0784128807354,87.5788636049983,-82.64430053666,-55.8367725710705,2.48795750994759,1.59898532966326,182.50275402634,-20.6540532297913
-64.0650687538728,64.2147668377293,-13.0696943808434,-52.0921891646576,4.65332082823534,6.12354869271803,676.618643002381,-61.9109359225185
-26.3890781996306,74.5749864819627,-45.4948746400842,-127.120757895085,1.04239337249601,4.17690391710494,446.048652121855,-24.2352495281593
-276.406584278811,56.0457082966386,4.61958190589212,-46.8178321976411,22.7709750126232,4.816900750895,923.69887129686,2.98644983571285
-87.5487960162573,90.979365113104,-16.6297743845062,-139.621474729647,17.9576493123095,5.77877979675395,132.128082769865,92.9497939280263
37.5806949200196,4.3898706240434,-56.6795418984257,-116.703504485005,4.35211266379338,1.64794087468181,567.48507080866,-82.5911038403719
-25.6824307032657,68.2601569431135,-78.7179897544265,-94.7874656034182,2.50077511360723,5.87096605077386,-96.741530368774,-166.612645385414
32.0870003689297,71.4692141552728,-18.4083902585735,-87.2139618786205,-3.92868830887892,4.86224675449193,507.784058621575,-37.26726787601
-5.84598141175229,36.8313369432217,-27.3946971001715,-57.3939574288379,3.89399184107606,2.9701309101074,7.33927528173081,-32.3720237235684
-134.116412823496,68.2329380198644,-10.751577196691,-34.0612786517449,-1.55933070289029,7.87342500867817,454.481212051804,51.641864540783
-44.3809691542992,70.3446094509127,-76.7608095819596,-89.378544629406,3.35795613475784,9.41095520820818,646.875500853595,-94.2016753509233
-139.991659392834,102.716253373783,-31.8576151942969,-177.308336532515,4.63843871756399,7.06561946753936,1002.41414864833,-50.7168467480515
-70.956693590284,133.485310616568,-84.5114116255645,-109.340500488157,-0.110917550840895,3.09331443287374,-646.344836580072,25.5201691551047
-13.5385943962865,102.090761924163,-43.8077337873401,-93.7330432663348,16.2429009257612,3.47382162297436,1102.73672819258,-96.2517671142123
80.0938736121602,104.728139331477,-64.6798016377143,-159.221311986694,5.63946887354541,6.88705536266207,688.223084315204,-114.701809173304
-133.836719447892,77.5403217337116,-37.7978674217011,-78.8496165607648,2.93658733941265,1.0720992594288,-230.587179086928,9.92014398313768
-27.6097927476003,125.611082673451,-45.1567635070678,-109.947675331568,7.60968965371285,0.758315560216943,519.346470795761,-74.7284982099372
-44.4817817990333,110.463410814074,-49.0226379499072,-75.8095772247907,3.15194824093487,2.62007073925633,425.144134661969,-38.8908783529769
-140.296023018775,86.8592775921861,-22.2341631882919,-117.301132400113,10.0128449050681,3.95043079961033,283.746107569328,25.0631338667372
-179.530791233032,29.8467137431435,-33.9060826564964,-35.9071698045991,10.8143123106856,1.13676131729153,269.208012633811,-54.2875397660246
55.6066568610258,100.656755381897,-60.8899933117646,-149.49346372846,-1.47534757538233,4.5879193388264,401.500361379003,-67.6123028219881
-83.4845750152344,53.6926825469181,-44.2124896114401,-112.916023863791,-1.79949400173791,5.8888167499972,842.269595606427,-40.2013990163323
-87.8829227899878,84.836741990337,-51.9037524306186,-139.97159947858,11.3809557543209,3.78947341003732,281.710572179334,-34.9968195939218
-296.50978865767,-22.7286719299009,1.58093164215097,-70.0643948468933,13.4495752268704,3.15487773646601,742.580105726534,32.312117156845
-41.1788570974022,31.1422381305377,-45.1986198075665,-23.7853326964541,3.58201718805412,7.26026406244364,289.995617916953,-61.6031436982339
-151.36099108505,49.9990620970348,-8.16799905459629,-56.390816061783,0.808490994408203,2.65889055233674,288.920189026117,35.7902086959002
-129.786320193962,128.182651464111,-21.7722058872168,-184.737395513948,15.5090740254018,3.8952941795942,400.144299599946,-102.147438610002
-632.549358109192,116.936792105262,-8.56463020367664,-132.14847596809,11.2010316752494,2.53335150744533,717.413186371727,-28.5576752145644
-128.107179991697,171.677662323222,-44.422598846766,-186.501034489658,10.1896227369434,5.44601067549956,17.2261813373952,-89.6889465202476
32.1449623343651,195.879485767175,-13.0579887842905,-142.272071666725,13.9756585717842,4.96161280637898,672.425469556416,-54.4510642960631
120.613999091205,106.264041414732,-52.4034168003709,-81.4024755731516,4.43120566794096,3.27725749643287,450.004840661051,-92.0499237101176
-104.926172669234,39.6693564108391,-12.6556696764455,-81.4538372950774,2.45684851921396,4.54715175172896,1031.34179966077,-15.352144122051
-63.3971696926892,100.971761567096,-56.7871025013465,-94.0757882161379,-0.236262275051558,8.29871057601849,544.82786162816,-60.5787917676134
41.6459235542898,129.461199200916,-73.2133351325756,-154.513850470626,8.73415839460449,4.37710535644146,680.027697309844,-147.118509134263
212.389919819412,131.395861107514,-53.4274367400358,-306.188916447762,3.87975817839106,1.69633560925831,-23.799262747063,-19.9795907011139
-18.1870492862945,97.5327314153401,-42.6671028455603,-119.624072558276,-2.0622412977973,3.22066514741164,-559.9420734429,-27.7538418546465
125.495657664491,98.778558272887,-5.65314455961925,-100.22460307306,12.8177179352206,5.7476675768994,29.9329550063121,-23.5002884891908
-126.601510227159,89.2696123752103,-35.7545987616759,-117.215571359047,8.79137824365898,2.24452186515555,686.697674797266,-46.6199082554983
-90.5576709485031,73.2000016156089,-20.240510110867,-209.853531766596,8.28625060350168,7.32118948954303,1533.53037562255,-95.6206009430171
34.3597623390815,201.031115880789,-77.9291904870624,-206.582890244841,-4.17878680534614,-1.92314335651463,285.973766537649,23.7939098071001
-113.182253081643,124.307173843117,-35.5245813342044,-107.471815736314,10.7485373895033,6.66466274695995,-493.026671976579,-56.6837934471259
-289.932846300596,106.819362376445,-16.6076550889084,-82.2364417971403,-19.0580439286496,10.3380446743222,-405.549643162158,135.923734907148
-140.773384290485,15.1073368312709,-26.3659528225689,-88.3515954953764,9.83345154286417,4.8020885894075,1130.48077470853,-67.4275220447589
-205.895787046746,52.2857082472401,-54.5394088351477,-32.3162256991454,14.4382838252932,6.74699613659322,133.617715701221,-161.685582217848
-132.890717117589,49.20955203216,-41.5845291034639,-68.6582040825742,16.7389860835683,4.89270484182634,773.735901281703,-171.36944573067
-16.2553192959022,78.7267626607936,-19.6739889298915,-106.64856203919,7.76808177440398,3.50579375782399,306.641082563132,-43.7228117853665
25.6094302761048,23.3085428898921,-64.0096753035759,-66.9675674678292,-5.4868479387369,5.62496860748797,488.17008008738,-51.3478153872129
-220.3276262,113.587433800421,-12.4791517352423,-63.7761728599035,9.20583553603501,4.18388767743454,903.378858334981,16.0635695376113
-167.004290763251,187.387838748196,-46.346887484804,-219.045309830368,-13.6234333612665,3.58395128048141,653.197977681266,97.0616408357309
-62.274945778503,58.451509372193,-60.8190886096418,-116.077589033288,10.6164729549491,7.46954424129217,1157.88551636603,-82.1885962626675
-295.837256976774,144.017117351963,-37.0510289170197,-68.8597129318368,22.3114189755288,0.98153790870856,885.461341478811,-124.066012266136
211.094408259094,78.6710903016647,-69.0693010614486,24.9616936277016,7.38985422828955,1.46239750216773,933.996632285443,-8.33907186228316
-329.293327230524,131.415109043815,-24.0022161424713,-129.998837187144,11.9099527325889,0.357443293767119,-148.640691403576,30.7571651073595
-383.642615141134,162.410739977553,-24.6201745345461,-61.478947232627,5.51607727437477,4.91683000457851,598.315051259997,73.5510374697187
6.21917026407027,157.943134041074,-43.5588170890987,-91.6137616200576,6.41535970518453,1.19682748135529,274.16294994668,-89.1609976952168
-101.820085327421,92.3451748919251,-59.9551138999377,-71.9913455099595,13.409390603847,0.948320472802152,3.9870269019666,-51.8889414845471
-486.337757412824,107.623593949786,-25.1983802663308,-170.407753575957,21.259468215645,0.957271181017859,551.225634046896,-91.0811586258351
3.5594331100292,128.298085984701,-19.2592249151348,-157.056906350394,44.3546875792599,1.22590941653471,-23.0705191172892,-148.781366068484
-248.379488001301,139.400228317099,-43.1932741635246,-155.776990059254,13.2204020336558,-0.239194868860068,-332.043010677611,18.2994187900913
51.1701731780267,55.8222172659007,-40.0565835637681,-117.848853476607,11.3129853189021,6.65721778979059,942.582064940358,-195.317556731665
-176.537124602823,131.087571801007,-27.7375539858185,-121.26973648477,8.50158411372104,4.87087778602654,-649.573969574056,-63.8056738009145
53.3867321243451,154.04240578899,-36.3500289162621,-186.578127709559,-1.12707007931749,6.32217836878499,-327.842048313367,-40.0580028272234
-20.9124656148342,150.582098540646,-71.2593367405061,-135.918023514881,5.89605957074673,1.37432255815656,563.684140931171,-45.152409483162
-5.81383711059698,82.3147170383527,-38.9543467306685,-62.6636339365359,-2.8677625531127,2.62380606128136,148.685223464403,-47.6266397081563
39.6219168872703,6.44628804884269,-36.880522771984,-66.7189617224067,2.5015927326167,3.0990244361019,570.164624993253,-33.7817079812667
-131.134607433989,73.915888209478,-23.2220320034721,-140.063447048757,-9.18490753119113,8.8533239273238,452.345462052916,-25.0592650354374
2.73954668036822,71.467059042337,-34.0282858929713,-56.1092347922886,-9.22986856435364,8.54757170513039,106.400973415155,-54.9941387564832
-432.776681938005,146.563406438159,-0.246518330837716,-126.573905051278,4.4185870705478,5.14244660775876,58.168768422147,102.314218604093
50.1175411876675,108.320620580582,-38.3894369439076,-64.4045126691672,13.5065499580523,6.73111012829759,388.885283011172,-134.26470447256
-302.617733572202,52.9317316197557,-47.8774111289949,-117.6257371385,2.99879694629635,4.33799818482294,269.844738376283,-48.9011129151186
62.1985626372043,68.1377571533376,-35.0616926595067,-77.067763567582,8.31669796865754,2.44560515068588,330.923350234807,-54.8398710398615
-95.9199880972556,137.527646680028,-70.5194944529321,-146.151758481225,14.4787879633514,2.68116552938591,1497.90579442637,-124.203825413511
-111.430653097406,115.023997299795,-33.1431214746262,-124.86075814745,-1.01101132998156,5.4195973801834,106.544675070734,21.5383410033974
342.55680460541,43.8903548178132,-65.3272369599872,-113.107049488957,-0.547065829174244,7.11309495783462,-383.803082445287,-186.845875532701
35.5733194038257,43.6644279757566,-42.8184152172471,-114.580153412709,5.41596749781456,2.86729352162911,274.942863404598,-134.44078732653
116.325052210363,-6.38196752995646,-45.5401798933563,-125.521175392347,5.78044396874745,3.53990776732098,-427.234593749192,-13.889097382722
-584.526745447074,128.797693050903,-46.6026261631305,-140.577934948597,8.97123542662302,8.27479508599208,1192.59631065162,-105.189485451701
-144.08394869027,37.2767407762731,-1.21353560873831,-176.61117629362,22.2989362210792,2.40001282392768,1120.12351889042,-69.8899572868977
90.5294442476079,104.960317377583,-55.1889083173082,-188.79169593524,-14.310572944647,2.58599093658268,-159.054143041136,46.7415202437551
-204.05450891106,162.564769942874,-39.6866327878233,-203.111374700406,-1.87382265451015,1.05493829306215,-84.7473274272561,-49.0459734711621
-66.4853248340733,160.005267360044,-59.232985682218,-258.511891487586,9.40009034771538,0.226596607128158,132.903989561433,-19.2576849909674
40.5987067700335,117.464655263524,-73.1748255266211,-134.531020132941,-7.19629753843765,8.05056253246585,465.835990456515,-75.2857340625487
81.3437154177591,95.3861300907738,-43.7548267427264,-121.345512565487,3.08749235258438,2.76280533950558,-181.429063195508,-47.7193511119694
-589.455746874039,123.051677900643,4.61159490793943,-152.102948544663,-1.93126786826178,5.96939745598866,-349.774404789772,108.572955426738
-445.626909682673,185.506302286543,-9.14783595685731,-283.827376422938,12.1714041871601,6.21964270484204,937.819596507557,-13.0923661967427
42.641997742714,123.388414372428,-47.9984459854277,-121.386574017626,4.68228850577725,-0.13469905112288,637.598513835779,-55.9857597188675
-350.557308618962,164.580779180513,-29.546756572905,-66.2759249669616,15.0027896489555,4.22801934671588,1235.20391000637,-93.6686690346251
-166.84308454764,59.4031935789535,-63.8693203806324,-108.526018070905,10.900271796625,6.19098993972875,1526.97994848937,-125.025097902682
49.7581574630021,30.0486603406243,-50.3290862481881,-162.4426216633,2.01631545589771,0.343168735034851,774.594779955594,23.919815010333
20.3216903264401,16.8495658280935,-66.3083191989608,-148.046310969505,29.7277963683446,-0.452138728916907,903.682216331072,-21.7387779596447
-373.444208098459,85.403154234009,-11.3872630719561,-113.489849046367,18.9113797160244,4.45828062793589,456.960508785211,31.8955240432551
-186.748268080091,165.14190181905,-45.8503578261589,-189.301808401317,14.1048642192545,0.407625121599267,490.028490370169,-27.105927462675
-108.043752172933,86.4396114988358,-33.2597133366216,-87.3934772812026,-2.25660192611394,4.46163882473775,316.46986674246,55.2085881281819
30.6983312097582,52.3525884878836,-43.1167638054576,-74.2283834971604,5.25961664703209,1.04185306613181,183.367280486971,-13.7916221519699
-69.7314353884126,74.9702903002617,-14.5651410968858,-49.5938127747213,4.01224081392866,1.90204038885713,-28.6747581048912,16.7631681426719
-20.7853416479193,23.6664174782672,-35.9211655112231,-43.2195211779253,-8.1206046899315,4.22323283875448,251.889026378361,97.0501229292786
-54.6146244548399,80.603479540936,-26.9309374623117,-45.2695201860843,-9.3647784259083,1.20665165121318,77.1850183831848,85.2339833483238
-42.8804585618609,40.986585619341,-15.2168027563894,-28.6517475469882,-1.43593963381136,3.52651767630596,352.301303024156,-17.4450367992958
-11.9887166229892,45.5135749627661,-26.4245374884631,-49.628141240275,-1.50931899506577,5.08273668251059,390.510606581243,-37.7096631000823
4.88742394397559,68.3661774208304,-29.0571626946912,-59.7595209669526,2.00647470317199,2.32080314734776,-38.7899217016238,-15.2597588463686
-105.485319819545,128.959884657503,-24.1272745741589,-69.6134606021369,1.177988546493,3.83380066163954,158.009424827305,-11.8306955198932
-44.3522210546071,76.9584957309999,-12.8655653876631,-189.904477116244,7.35584591733641,3.70110979216406,-171.877749733918,-18.7224363926725
145.863522037478,73.7908040970797,-45.5429788427718,-152.945678435666,2.70492458710214,6.31423928294316,40.237107949928,-35.9516849757347
-137.113355525813,78.721536143632,-16.5615781920933,-77.6589043222302,14.5643080398877,4.31920153995452,-504.505375829831,-42.197757052505
-340.693178806119,48.8647306540515,-24.1281152130978,-91.1526784536982,15.3309378833947,3.13068200543057,321.507781352382,-104.631507784325
168.702705479849,39.0377166513936,-66.1760092401601,5.51547623204533,3.56362966060988,2.42423817944655,-462.09219606316,-139.40030742783
-314.306852438982,195.556801240935,-19.4235922262305,-169.789643892756,2.47834470763337,2.52821367784782,569.653304132982,9.39320597691949
-24.0189607931534,108.685422794792,-71.1182068931339,-254.455858706744,-10.1228514022987,7.09547741629649,59.9868649441487,8.2927137031802
-262.7882601936,145.212800255929,-12.9850263366052,-156.320768092555,5.37134174333187,1.10890442825621,120.944850806554,32.6558291651672
-14.8717910700216,116.049681377979,-37.219444069051,0.669755378068658,2.28633951861411,4.2295124350203,357.381957193167,-42.9438769488015
-104.343992437554,67.5470098529695,-25.5384028189728,-156.218584995309,6.88744956909795,1.26450776959973,558.025912570825,-11.7440402265056
-94.2373721648473,96.9746444679913,-35.8691667985477,-98.5764231651683,0.859789903210185,1.65181293615024,194.258904978487,37.9411146870516
-199.007080423849,171.626861663273,-25.420581163422,-78.0698407455056,-5.77697604904461,4.87943480630383,670.543048193618,91.5273572119258
-54.3341771622727,134.619824565918,-39.6800810789573,-233.959867932193,-3.35378266277257,5.78411451161082,404.302768441761,23.4038846259064
-32.003475879068,143.385670000804,-68.5100572897572,-120.921752314869,-3.94554454637,3.12864887842534,557.666923541459,19.5297925375053
-59.7609265215142,90.9784983736899,-47.3141453146818,-161.670176222906,-5.35659809157369,4.3488901043238,498.514508259537,-32.579923102061
-17.8327242949545,136.97301104142,-66.2428767844001,-42.1560905596998,-5.36035391695623,7.94487232186657,250.434785790134,2.73362128910958
-17.4764722732657,82.1331686455087,-46.6366700458311,-98.1372413093632,3.51702312390989,0.710180459936964,501.286524572904,-23.0377104996351
-30.0294038995053,141.915897780927,-60.8463411861085,-136.110701915779,-8.14402004095609,6.06692048025798,620.862881906405,11.350489899065
-211.009082426022,143.561433409282,-39.7081515402533,-52.4640883427346,1.11116758512799,6.32324416276242,767.871556184109,-41.2772890069173
-95.2597216644208,78.742932612935,-72.2810327707775,-104.532861834712,8.89567136907135,2.81956251367228,1087.67269601728,-78.929676191794
20.5289748383784,140.486497819431,-75.9715768629758,-252.676000115694,-6.8915523145115,6.60873249411634,838.177882864009,-12.8231191083905
-33.0716259211822,88.7779396842088,-37.7885336560212,-56.5837519206398,-4.58378553399962,6.99067223657039,486.839547031341,-78.3450788166738
-124.33534861471,52.8484915022273,-34.5276738667162,-211.631931910932,12.4022221374489,1.50845053023659,118.390535962746,-1.13535697064526
-401.704293074174,74.8478530958382,-31.0636624155304,-106.423393648978,15.3252329515017,2.90310118963498,485.44676690009,-178.714721339603
-178.11872418549,84.6567710378658,-3.64861628238577,-85.5976550741543,12.3543267680143,6.03819059153466,1384.51575947499,5.35165717468772
-116.146978111239,8.6671551669283,-3.24956189774093,-188.0046779978,18.3802047471909,2.13333048635104,3.1714850663484,-57.8977948562242
-396.142846242146,99.3937458793807,-6.83739964188135,-175.83126750277,7.21617877766712,3.48245511035202,679.219255481643,-74.5552287468599
-103.400830083265,83.5845536848065,-42.8028517483053,-65.9870696997968,4.62780059456782,7.0577744921975,603.342856437703,-71.8475373296897
-178.097205588696,103.184500414602,-24.4223762130205,-168.403712693049,10.7012874023494,0.679199038153456,969.654625171926,-6.71635547225014
-123.427430518583,65.8819279052695,-22.139735383782,-95.8908429688599,14.7894285153743,2.91330807156919,567.445386864449,-47.2030725779841
-190.343417739265,171.127366605229,-11.2824035329395,-187.468201865689,14.2458228160795,-0.598733161139535,1305.09466196698,7.76593688042703
2.58979276944592,-20.3414630087791,-40.5232595587295,-220.277369277581,5.10983706635307,0.951338648534147,1094.44094331638,-37.0628073488188
-75.6865078855772,69.6362595777318,-68.5694236929412,-83.9629082524698,-0.0895440957319806,7.63757723070739,857.690165288041,-138.349879166279
-62.2878065063769,70.1458160290786,-60.541594154347,-95.118719737191,-1.12117255498561,8.1779944099253,748.637224282807,-78.6980938005581
-252.680640670631,194.065172576025,-33.9118158026395,-192.328886206393,-6.55026284206724,7.96699161280412,1036.87155682153,14.5375673176241
171.34550451906,168.950233596927,-110.809509676559,-127.655399595275,-9.56278494404978,4.82167798434966,16.4576725482184,-66.7876296866598
-142.662851833142,162.367283992266,-27.5714657601493,-127.986753545063,-15.7294952032389,4.69400715797383,120.444793388044,165.411072665593
73.5330915586392,76.4185914418777,-67.6669656231606,-38.3177866659007,0.340629101752711,4.30753672905848,514.664785745743,-21.7165054591023
34.0482735480473,113.860401605724,-61.0080132514704,-98.3555985583716,-10.0023084624554,5.5377401157748,452.332882043652,-63.7449780113675
-86.5576324449212,68.4961074323364,-46.054947941986,-69.7149356323789,2.91394668487192,2.32735512063664,251.227388895146,-46.8621592225536
-244.884725991433,43.7646062190361,-5.59709692308388,-92.7413584692113,12.4492339431017,2.62898225424578,1004.79958861344,0.296629816148197
28.3739814248111,51.2377241073118,-43.9794590354459,-95.5598624886188,13.8067439686565,-0.461625120711687,144.248477518515,-17.1178720829557
-207.567824977137,192.136900404381,-10.2864874087973,-284.333061783796,9.774937202601,4.727717877955,232.429097379398,68.2710881316016
139.469157690022,129.461278150877,-110.958750131307,-217.164466039627,4.55628661286028,0.861122845584759,-349.285386732561,-150.912402398411
-434.400610992952,92.9230564123718,-62.5770784037159,-77.3510114384699,9.60985820367932,4.39938829312541,286.301361156599,-83.5972091506301
-334.082094357349,47.6055270038705,-14.6989696237142,-17.4329013543756,18.6204471248348,5.26122417575971,984.624306654769,-96.4794775557821
-274.493885677526,14.3502999473494,-15.7947503849446,-67.0725884787007,8.74953924080182,9.47425003434182,650.166597962099,-62.4318234972307
-291.21127647406,67.9697454755042,-0.0696529446358909,-67.394229861442,7.74402050572098,8.24017595884288,894.788811063995,9.97256434344308
27.6345250844461,153.813899100525,-30.5970187168132,-101.219369994105,15.248104768878,0.353194087481825,207.886013240131,0.816145578806754
55.1658615789929,58.2197906238434,-54.4469551478978,-122.794160937735,5.9899016697309,3.41139238886535,107.578575552572,-37.1206019673555
-76.9856608535047,68.0087364644351,-52.8390125860751,-178.62499574908,11.550196330787,1.68639136396814,34.5659991742878,-15.0514816498035
-131.735466557046,148.070747907099,-12.3335130574524,-136.1080191808,3.746196894288,3.2486601126293,643.993599851558,-23.1377889417054
11.1440617688349,58.3413983884529,-54.6727503222355,-44.9773157766176,8.66713596681075,11.0602452376174,378.045253319404,-139.414904022633
26.3726114797028,168.4184693323,-92.389995378282,-184.311062714274,5.19054254366347,5.02820503809608,90.3732951639395,-68.0189409568848
-104.338545756197,90.0301962905796,-34.4302315288205,-71.4116497620125,4.12762040435337,3.19138604994805,166.189437447567,-0.0248357622167532
-64.6571243397702,65.8952118837915,-22.712349423251,-144.345204129873,1.69966680443031,4.93621773572522,-265.144414521369,38.6442481628619
-130.967337573908,90.6988236043399,-44.4719871280904,-83.4030368360363,8.15787226551038,0.710068726621103,658.709991766809,-50.2011170742335
62.3306257812364,170.591466225676,-65.3916933489236,-161.340636423178,-9.92504705212195,5.34342176531936,68.2126846044957,-15.0304147624702
132.750788788137,39.732406076364,-70.4069037233567,-50.1367395200432,8.32216475525638,6.00061626973184,133.949259987636,-105.409237221334
24.3989694904667,14.0080580794529,-35.1317232247457,-112.335002031927,5.97904041638321,3.88578766958381,264.063720601611,0.331396036781371
-164.393549372762,172.485334501085,-20.8612929380033,-63.3901451451966,2.90672167442972,7.40520468217437,1381.90602809739,43.3668832676194
-51.5628495781566,99.2064649106469,-28.4165840708229,-69.7766726573391,-3.36492355773225,6.76205892160942,667.453827380072,-12.8081160527327
-216.366606307834,64.3598196941166,-26.1517375008552,-130.794646906317,6.47095567666111,5.75653551567666,-249.468880610366,50.4812175575353
26.5432474578738,83.2008633343648,-28.3734890081687,-81.424006698968,-2.89532716806571,0.47539717372274,414.925699215732,17.9924314247037
-192.590826081228,71.2471984231379,-15.6451308014366,-146.405196393462,7.11942331914906,1.68785462217056,570.024228331989,-55.5150251930172
-283.474703316426,107.830486040242,-24.5045500601882,-175.00855714822,13.4458746836754,2.06335265672533,352.417697794153,79.210809853852
-39.9159163679433,154.334619864079,-59.8686921927197,-160.578318817436,-7.14175743496162,4.77483727602521,-254.275118433492,-35.216108300403
-91.2485723453246,161.332426166933,-71.9142407574254,-141.306855214954,5.72233211509592,6.73540877258347,447.857812124734,-109.511129348764
-133.115116978421,213.508908272575,-57.8498473472428,-134.670536129855,1.07836882997799,4.0400540805058,563.676255797992,-23.7983739223309
146.081735902124,36.1573679168287,-68.0062629882596,-129.209308870981,6.90632808794908,5.45234369489481,506.916311277688,-108.069992708974
-318.045751280195,114.410200710699,-4.53809623913548,-77.8389911156992,12.0720967869274,7.02807387163557,636.71230664762,-14.1301198796573
-243.925175075026,185.318167619873,-15.5749134261132,-190.561407031677,8.04611697638757,-0.0962012328091078,184.777367649775,13.5962173595472
54.5393271183102,100.172080596305,-54.0110574022256,-176.10610839336,11.2348646765458,6.53033403951849,1165.37456955606,-85.805618553466
-166.204941694072,164.326812903528,-40.94476227206,-93.5254367011075,5.13929489495786,-3.72222303321905,1256.56369560977,65.8254130948626
-198.936073262477,66.1777212262095,-10.2956176049315,-44.0944056781809,-11.1367822579341,7.04750617089303,687.413129330729,70.2742553454445
-23.6802055652151,116.105052310646,-55.1668598664401,-74.322159284442,14.1636268107395,3.62658625846962,259.188823215547,-2.57714047783156
-73.5388311215211,243.96346626489,-30.5034603230379,-237.465127293879,10.8077078377464,-1.24490484503076,433.453014427978,-12.0422656989831
-163.393803002575,132.91205021643,-15.8290604533395,-119.179970489015,9.85412969513345,0.0502884212110075,-7.0769677424687,42.3735518714404
-534.466320217609,85.9679796098353,-7.34348168974975,-114.228502499746,20.130731418416,6.06872669270524,755.071416872772,-18.5015376893534
-146.127070815186,61.4487904707494,-39.5019194717315,-55.7294249716215,4.90179855107272,5.54169995270786,354.509181214278,-36.0539830438793
11.7880382142612,115.765532232101,-55.1030981694785,-42.3986975148146,1.13930808209989,0.437553095316275,-132.37651062652,-24.5817306179897
-96.2778750649813,250.776507256378,-56.5850017388439,-186.621842795772,-7.51365315492149,3.4443827913783,394.674802484966,28.0411345072898
-119.527323902244,166.779080995853,-75.6969677815296,-14.148049009149,-4.55073169792013,4.08903139736503,520.109446223185,-19.5740450334188
-244.044640501661,61.0918327928739,-32.9723066470833,-91.9344251409275,5.61158783303108,6.58413354409277,446.372812318805,57.7595719066667
-39.7284686778876,104.551237242973,-49.4422990209132,-105.056520659884,7.94529280838469,4.63441049826724,119.302485412714,6.01258597587002
-277.486733289639,177.047202718008,6.42398288508411,-118.532121094468,0.368944719230058,5.15208996398724,503.008557588648,104.792439596058
40.0707873092761,150.039579653247,-78.5754592811136,-150.300933309074,-4.84598966447811,6.41585344640771,391.239451923771,-68.3179587285194
83.2242850455805,223.189773228916,-61.6296719761239,-155.125395837284,-1.80127139471006,3.20353979516949,945.570909526708,-81.88168156961
-9.7651246854075,45.6539602557168,-58.9372593902299,-71.6187863865343,-12.8279031920247,6.11624585048412,395.155951943867,56.7144703064259
-82.4090877018898,44.0507417659101,-40.5477816326893,-88.26909801898,3.66102132207743,4.05827775420767,-108.805858354317,77.8019381968625
109.946099579596,80.0409865137044,-95.647865455423,-101.637116260885,10.024169282784,0.628570353670511,456.844577337441,-79.9282821519009
-43.4122439099883,211.78513270829,-57.9917586828287,-274.976986788344,8.95076556690037,7.76091554145387,-164.592756447424,-64.1330750618945
-144.788370242764,88.148590960096,-41.8358886045535,-169.802961285954,-4.43404387898045,3.68892190121551,404.21648915203,4.48993832427368
-127.701387836652,92.4732886293059,-32.3340971565558,-123.041367880898,11.3407585513341,3.45762976075639,728.35787089431,102.039239149119
-72.2511955451628,210.738372792315,-63.7318189102079,-41.5034730641928,-22.7038185132551,8.79891078623768,599.83174427117,-102.703549175018
-147.076983883439,54.5259703480915,-58.4054688761535,-181.404599190893,-0.640524947390077,6.29496546050177,-278.978724111745,-67.2885593330866
38.3418282423518,123.760822518001,-72.7235880102589,-96.8073418589629,-2.45793188686366,5.80974791478002,1263.78163403441,-122.274347961844
-668.882759124208,-35.787521570528,-41.3760879269321,-69.2614175334384,24.9996985882462,4.16173666950999,-153.6654241129,-70.9017020844331
11.7643799292202,11.6044587319593,-23.4508010139907,-30.7716243877367,17.9652687925845,5.63577153959704,973.494764874493,-75.1402846560377
-29.8429259138647,55.8504687545937,-44.8754914567762,-135.608676291318,10.7465375181055,6.08206331423571,852.57147581016,-183.03680279346
0.394390355941141,60.0350105711113,-35.6198460804735,-109.268374433854,11.6397999445617,2.90476308731013,446.939033683695,-71.0521671688184
-129.592558466247,35.9648547929537,-12.5384307286149,-130.230972593912,9.09314470020763,3.81131022657792,-41.9706130836712,-70.7950599838114
29.9176461923089,90.0301623936493,-90.5941776125837,-66.2066904871754,-16.0024873781149,9.69580931203382,181.006691195536,-5.55937959640869
-169.976526804792,111.900683802945,-19.0776777188876,-199.825194074714,-4.88224218264804,2.15425279329065,250.251842575572,128.493942565663
-43.2824020937842,72.7593624661458,-48.6561855063192,-111.267032245403,-2.49161344875756,10.9042122806786,734.015087710577,-99.0609953092589
52.990709472826,84.0274284682237,-57.866498689662,-125.429493838848,9.40468360784871,4.38804645970231,543.290429092944,-113.893785917905
-88.5882619608892,16.8998299661616,-51.5479318554135,-21.9543212055723,6.91026031477668,4.69459672545781,83.4019115515621,-37.5586423868881
-20.5906146361085,36.6738547575515,-40.2629444284103,-107.018003872479,5.96417185833707,3.7211438594386,314.209721524734,-4.58368432612042
-56.4811585851421,49.1901802464854,-41.8239823489421,-101.705986867702,0.822159655748692,4.09713426949747,351.694908903766,-44.0532666744548
-4.34311143869127,130.596987374346,-46.8303471886757,-174.181179653504,-9.48136319425248,6.03782956759096,-16.3318250812881,64.6992661516852
85.0505503241729,37.4691737096582,-68.9207200004057,-83.2758185886396,-3.74129870384058,2.74168722576724,296.777956031554,-44.4205746631123
-58.8966505124699,67.5342502735148,-34.6532408242565,-91.7435058282135,3.35820799024077,7.1645858410011,730.687959910458,-84.6599572318664
-32.075125133837,96.8430085790096,-29.3591530066478,-26.4570459559909,-0.737214009277523,5.56507741265159,325.650605390945,-48.818867373273
10.8434129090601,129.230858071853,-63.040121420473,-123.76881768095,-18.0956772759018,5.65068868750677,449.24445646166,32.804050501567
-31.5891296565824,58.210408630146,-42.3839831581026,-125.742613193535,-1.30992728291312,4.41749418610561,586.582648969586,-27.6568823883717
-118.750118775613,120.454534177785,-39.6511479134788,-166.20572896197,-1.07318528741598,3.46619815137001,479.364840848371,39.3758590870275
107.183632664844,71.7109575136565,-63.5447929450456,-172.301789311809,-3.81755372032057,5.05084870893552,420.446000400232,-110.932327483912
33.7533444377477,42.3396189945634,-80.8928495444707,-63.9962553850492,-13.2424130787258,6.67464552020829,-151.788417687429,80.987147779073
-189.866671006297,117.002254791965,-30.0439080072392,-106.299476589586,-7.66321461389452,7.76714047328642,520.387772495204,177.417603180191
179.798602024181,134.165045095157,-125.40641637794,-163.288889373187,-0.701964279665845,3.78111718233777,-559.319394724866,-159.038260202869
-185.133345243674,130.737300076806,-39.6849885119736,-168.694673442245,1.04462669331406,4.04797024512663,895.262165949731,-3.65655245177049
28.7723815061254,106.785178708233,-71.0734492260563,-173.472589148878,-1.75620596684166,6.12515967173385,582.21841373889,-120.360321647706
-3.47020762115881,104.817582177835,-49.1125332936499,-66.8289035567141,-3.83966660744773,6.3324482803655,446.666269307607,-87.6898389671696
-54.3805356635421,98.7797870987124,-57.2793536965801,-160.835528898664,-6.00340603654331,3.36515983596473,418.552601794021,77.636553472279
44.6100488730881,169.377195617068,-69.3392141571458,-155.563961692242,-18.567049710713,8.99119297961442,507.696652445284,-0.822601228945132
-93.1391332822386,142.343260801623,-54.4005359302246,-105.492213704914,-12.7508397761812,8.45718218279308,562.051421818865,85.309707716282
116.940216249146,86.1091255323845,-48.4742247339527,-97.3513689408137,-7.87322775805842,1.16229218941589,153.325598710217,11.5626780919629
-7.45602826777031,94.0706091240572,-34.4879409912246,-101.886874613687,11.7303027854796,6.53403049588087,336.931828675821,-72.1578921932523
-225.255149632765,59.8414672016006,-32.9673639272805,-116.865760613364,10.8932946876739,4.89684799213137,-197.115458,-23.0369361715275
-123.008174927731,34.0434241498006,-29.2155833604775,-61.8470692239061,-3.5889242479534,6.46554640728937,688.784240082357,-10.8854487383505
-49.8695912050607,79.2057542647744,-33.1154085996477,-78.2352344213141,-3.98963967560849,5.33290905988542,717.705518122384,-43.5831821714855
3.59470534566208,105.095043639805,-49.4146974033793,-123.91227748715,-4.15238068416147,8.17351761235841,420.221857711767,-31.0404915476975
-37.9340216073542,95.1774025402847,-66.0610418301949,-75.1028302224731,-3.90826194927286,7.56165120045625,270.699869609081,-42.1363075964327
-48.9568379548946,58.5499310006271,-51.0537156661303,-146.647782238637,1.75306864905542,6.48927715118043,456.895177684008,-101.442229619577
36.6796532611479,126.247852919339,-60.7424754394742,-90.7929329195613,-8.97589371585491,4.96908167484798,404.393667533705,-39.5955262977441
-183.775127696419,81.5300214371964,-51.4583646970568,-138.167916381368,-0.270770750357769,4.03464356195764,-198.506293970531,-92.1517274775906
29.9342677047607,169.916561501945,-76.3051882590153,-153.219787637092,-8.98075608061117,5.65561214412446,804.717926643818,-73.3076663189076
-86.4367892681366,79.7700838074379,-74.3344476178463,-122.649040503151,12.1366383096065,3.6806967704797,-550.787182611668,-105.657625920343
71.440829860192,47.8416227113339,-45.8726744406758,-65.3537382263949,4.564665281825,3.66257810001844,247.381955442441,-0.65433433475846
-129.456572580537,51.2681702439149,-44.0083343347942,-12.9508261928713,-4.16462221855181,7.51218183146557,690.905372905017,-2.99709474400152
-203.478784552455,32.4409862641096,-17.8198143035988,-43.8008130258822,7.9976275448862,4.00324317689228,356.142763944372,31.1400136428699
31.9239519846706,30.4632248276321,-37.1013874853707,-26.3108954845957,-1.82349312707083,4.53801287862007,302.031379656328,-41.1042054633217
89.4177148988074,89.738123545394,-46.8246307405789,-94.144096416072,-0.722929129347904,5.51639104970127,334.302357747512,-139.549784241593
80.4663127875538,36.4469837894721,-7.08217654137115,-13.9494577190635,0.0900166548308334,0.689138404413825,-285.790444343031,47.6155470520171
28.4687014632655,66.3852892648538,-32.282488623754,-42.1512546123849,-9.23947399402095,6.82710655402479,251.41832928198,40.6124289709187
61.1712036469253,202.519769955994,-60.7168972862855,-51.961425897709,-6.38330305879344,1.52565259925905,473.343312740115,-1.33137412565702
-194.002742374898,76.4886927776097,-49.6493591350882,-81.0550677370484,10.8915410638401,4.22993281151867,592.19118913338,-82.6665544957505
-98.127012870973,108.050285097881,-93.7164221404964,-88.127178509807,25.4150614710525,4.59345382319589,654.741791228385,-177.296173523604
45.4517212662122,180.361448959913,-45.9774028360698,-136.137285605506,6.68127503300639,5.88701592580765,-159.101882455772,-80.5431610588275
-55.3859659371374,63.4771672161442,-14.3600281997242,-105.239082959329,4.74889411771437,0.443694293498993,558.348631060144,-12.5557480424759
-192.74666809864,53.8853829912696,1.06916286873457,-71.9165724008635,13.6544104492204,4.37808167423646,464.068960286051,-25.1104723467397
-188.768178068873,70.6245705834735,-4.83609253111354,3.48167559391186,5.97556415787403,3.79713044549862,371.149943751949,33.1525771711549
-136.922614821153,36.8343066287853,-12.4155269948533,-53.9969696567478,3.16253733696067,5.84996654742281,154.269109259621,-11.6834179779798
-104.983720383054,68.117778853717,-9.99643094470957,-101.798283973007,-5.27260577359266,3.66178106675216,973.016329275822,44.1092968188459
-248.556110823869,15.5415801899071,-33.3452978321002,-68.982278851061,6.93938021478243,5.09336955510662,898.16756446613,-22.3556153991522
-118.542924640627,83.3609845304527,-19.5149990925274,-59.3930775815315,9.65778790476179,2.13009713299289,920.875574491709,49.0172761555805
-326.372401567322,30.5846297207754,-1.23547057805808,-90.2450302030047,17.2609544848092,5.21366709421636,1446.15470606502,41.4146467983962
-303.028998063412,144.575330031605,-18.3537538260862,-34.8853074143335,8.9865779778047,1.39240700140363,1689.10990517423,58.8683288001012
-389.998574086811,-7.49328012265323,-12.6177416228602,-172.734546558957,3.4918561086597,4.43672068189335,599.305298457504,-18.5481861536537
14.3768005234379,42.4308886477374,-78.3578803382552,-73.759859529142,6.26425514155562,5.20118195380201,-53.7316953856789,-146.184145378487
-209.043080769639,121.477654027978,-42.2806938456488,-97.5511737833149,3.1981498729001,0.173330925754271,30.478769700625,-21.2013131359636
94.6806687208846,-0.27115386587684,-74.9130484791754,-42.7499499000769,-2.63133395585464,9.01625211141072,130.642328606744,-41.8840055450564
113.303470659594,63.4431093794228,-67.3328242976386,-26.8848382649157,-7.9063001084287,5.49449801797164,58.6471475574654,-9.08178544644034
125.042452730006,64.1189753663202,-51.8925884416367,-93.3764006947022,5.18833325771266,5.01346681285213,567.464453329649,-86.395459812411
29.8422774206847,88.0260471306283,-26.2395434841055,-104.834924406681,4.32258079538951,0.161750839091837,325.564565886176,-23.636654201895
-179.452436310734,77.1636450559308,-13.9526608743763,-91.5882723603063,0.184533065155847,1.69396856229287,252.587459254151,27.8506447938707
-60.2091344216933,37.0088361319052,-6.98784619447542,-95.6796283862059,4.84315157620586,-0.286891045208904,111.073061376537,22.6638604937907
-251.645391472557,111.409275826787,-35.3342006179591,-66.3897951491672,15.0222286517092,3.65184006208437,540.938708288058,2.60496189733385
-61.3203794982364,114.454658321993,-68.721662349114,-174.512541385018,6.13993806008148,5.37166141773923,681.821770002149,-77.4698936534696
-95.5232325446732,117.64827910754,-31.8661038134378,-183.991621755486,-6.07139195423406,8.1035192522686,284.003193346602,25.7278645987426
58.0758770860557,98.9390801906156,-96.9129058436301,-178.064185104711,1.47505894423739,4.87632002147529,733.965281005338,-89.727010135437
131.370561378499,134.3813359044,-82.481042809115,-143.089778903028,-1.97814078303054,-0.772543841856532,308.173302473471,-50.5758691958035
-159.193351789738,29.9559179132411,-27.0391405417759,-92.9864766536411,7.19779092606041,6.55405010812683,781.654663886774,-60.69947896331
-59.0902801629636,42.4231543271453,-46.0838269794112,-105.368169516449,9.5775177028263,5.21179499260688,-302.849161955142,-157.475998594309
-217.295961493706,148.281390374748,8.67927243123995,-139.870401209875,8.07769911363721,4.46012630318728,943.495233521506,-9.15003161611094
-27.2535827637694,99.2545643618942,-23.3439916647549,-86.0782264115842,5.88898745072947,0.421948483504821,128.947846638999,21.6070339552534
-44.7879395308046,79.8118127725975,-53.0677194805176,-119.34625768711,0.845894593687262,4.74884694768116,227.426576340076,-54.1476675484591
-248.783450710741,56.2070779667047,-12.0102744058022,-33.9199794023079,-1.40404358303931,3.39267280517379,667.097088948613,-72.7986311042623
9.25162760630337,3.83766290439962,-32.0720477465075,-66.0184655449702,4.93432171839231,4.10386710884632,122.603087938769,-48.7226961403649
29.9138660351164,55.7354337208817,-39.2641386861069,-118.166138418892,-3.21617040932324,4.57979424643599,406.398751521398,-54.6005200504223
-29.9880404577707,91.8389734882367,-42.0131943520973,-136.662980980531,11.580107243557,-0.325975887841196,-317.389744979722,-59.4011073891597
-35.9173586045799,82.6343536437926,-55.2789706446929,-13.9190850808791,-3.79346347453247,5.86683607744635,-23.6326505635443,5.32437664308236
-975.144430729502,143.835120501501,11.8071975836065,-99.4385385541245,-0.61000553877966,6.76814924687642,198.44873651606,-20.7707629241195
51.0007120028458,51.310401065828,-83.4587799861038,43.782160491086,2.71726744927582,3.98992266766436,-588.085722004442,-33.7024790829892
17.6163088416251,84.3957069274766,-53.8069060789621,-66.1452815221273,9.02444767579436,4.99135141995794,1219.84917517469,-66.8700772971206
-102.326918562612,135.998190382117,-71.2008309258422,-54.0869012047915,-2.94593454056121,4.96292105136672,-358.519559872089,12.5113244516688
-171.67218746143,69.8846719065914,-27.1823285112332,-62.6500780886854,11.6651259511855,2.51977608521702,525.871823332629,-73.9849306857868
61.4329097131413,76.929291615932,-45.3536623024556,-103.542953862427,3.67035455385485,4.85603308031568,532.152204864156,-43.452422826449
-25.3079543084168,65.1577568590292,-55.0282341118946,-71.3472887157404,-4.60652567702346,7.36282109864987,251.132610114932,-77.9090755437792
-34.6398783346813,46.6348564557848,-47.7458323696919,-132.445805828756,-0.0544871349266032,8.41006273548555,889.127443822435,-42.0311740185134
-35.1618656288265,200.481556150791,-91.43771141654,-124.665300660607,-0.302440817657043,2.21678294511003,-179.841148195585,-104.381031682662
-7.82898863756418,150.404069124401,-61.7234073853178,-125.181983342613,-4.76852803048678,2.91159040349885,953.606298288185,25.4645211526367
-69.822791165032,8.01011511251272,-59.8452461330671,-149.890028110021,5.84658736243728,7.601359507491,666.222123919928,-121.627136817187
-166.149699326226,223.758798745985,-38.3274082896969,-137.69379918807,6.46355098604545,2.27503964211064,623.624940132533,11.8339254669409
-366.242038156459,99.4868653761087,5.35913373547373,-114.938087154776,12.4106423381309,2.5019054754739,1131.94939459488,11.6529878840956
-98.2258455296833,73.9212364268751,-9.38124417004292,-165.510271426334,4.80022745451424,3.16962484996475,326.183574147377,9.40011454413616
-49.3656243291643,56.7730397684063,-17.8324793945503,-131.257835552853,9.99965305078877,5.6317183821011,777.609788978594,-29.5218182594544
-227.482710885102,8.94829599580407,-11.1168907471874,-117.740633775931,14.6607323796052,4.74221003447383,715.004711979895,-15.679033661665
-234.438605959511,155.6206512996,0.445797303917061,-187.457257806549,-6.01040959208513,5.0775576679589,460.787055274792,189.985393978946
-31.0352757092769,175.55039915716,-70.8721216779086,-233.390753471132,7.24892301392538,4.64539495795907,864.575516969311,-29.2287931337924
-159.133958070437,88.2522390420636,-81.7509719363297,-19.4653570827322,2.48132984400399,4.02933118192595,851.626276731171,11.6612232374027
-128.639616888308,159.57610051526,-35.4663624381283,-112.67341475701,22.6730972927326,3.23837756869034,1392.71374341041,-10.972082997665
-64.0740044985578,111.313379887171,-24.5138064792263,-97.1976985204383,1.97500730735192,4.46282503849943,361.554972509302,-29.2252040798921
31.9345715670079,11.8107025218196,-83.824833038525,27.7430661030885,-13.1885992396565,9.21231044638262,289.615370613028,-4.50679698659224
-25.2817452166237,93.3112901039713,-89.8296806134458,-189.786820922458,11.9699822550683,5.43305386925931,752.159228039804,-111.299145169076
-270.874999291598,82.5163158553187,-39.5592899137846,6.20515357870545,16.2968473996302,2.50100064841536,330.689862760715,-94.0739702874125
86.9898960099617,96.9489965864632,-20.8673441511637,-20.7790964578744,-1.73870050129153,3.39936421972197,362.876160197731,44.4629445610044
-10.0638582011088,22.571839410346,-61.4524095663619,-56.3319855480368,10.7612022531066,6.17112233630178,682.566151298844,-82.7638102142519
88.2261357816824,118.398350853735,-42.0216844753013,-223.816499014474,-9.58817553656991,4.51921697064245,-204.983580255372,-45.8863395091903
-179.10504950738,89.5750436682429,-49.1185503948582,-45.2609350754865,11.0540936921388,1.70737959550024,-84.8046860043542,18.9847882398753
-341.20286488469,5.15582380064006,-10.5233118214419,-84.5743848654311,8.34530953405738,4.05323588956526,477.735336771046,-31.6138489197292
-77.239345752896,95.3056260666635,-69.1592562509468,-140.052623391865,5.32950144093775,4.3175772009854,305.550016656955,-96.8697588495488
101.957590882026,90.338968204931,-93.798972772609,-134.276636626135,2.55007556307828,5.33030699579831,-382.861824973974,-162.431687093063
-46.3251282568963,92.8072264686634,-40.730547590334,-127.670075181406,1.73684254627005,4.92353002230084,706.854448160448,-72.2418000490222
110.423046840238,75.5359664031421,-34.5524371165811,-73.5506275241787,17.7231285460148,5.77742055867566,693.956485814124,20.8056426863477
-124.311464161817,112.571898023947,-7.237043462359,-159.7959080156,-2.81865410457613,4.28893002225232,-13.3589251387166,115.573455642509
23.6503685457428,42.2514469309244,-73.1712906939501,-142.149044256272,2.22926075900614,2.75277527442086,1092.53616256372,-75.6605403861322
-88.7372183199968,59.1073018140451,-58.8874895549761,-123.827831227332,16.5119315476331,-1.51160147283008,1079.93244209013,-94.2566676532078
-13.1520886901562,145.687479653097,-45.5008010188467,-101.201541795577,-2.92886112406268,1.2328704528627,335.187604418606,3.97854229406221
-73.370961148521,38.5197670272173,-9.79206149627862,-12.3363333480593,4.95522724036709,7.18935738455912,706.603175386233,26.6558367311663
9.769002184486,102.901224251,-47.5339043598506,-118.635009726262,0.769484249084599,0.115740166300384,228.758897687469,-24.2363592457114
-86.9902494030248,63.5961476655211,-18.1383623549009,-24.7194064516952,6.17853928667319,4.76633357421815,828.862357511418,-51.2616540456829
-215.855810020868,86.9953115567187,-22.7693563954235,-3.92560247030633,9.61736246896908,3.51379720105615,189.988176173458,-63.5708018367295
-227.979271902052,70.4730470161376,-33.5832248086663,-110.64111527869,7.06064640291152,1.43599759330391,-5.26741789640801,-3.21601812785957
-11.4710199087131,97.5950114226143,-52.0238446323783,-44.7112466119652,-6.27237994395546,4.38778528387775,616.36184966295,-7.43036175199086
-284.011864349668,90.7888142555894,-18.5819811392939,-187.415717009302,12.7598675340996,3.23457985217829,300.445890946692,-91.0532988467312
49.1995510574052,181.555444599828,-64.8624276086048,-133.015779270695,-14.4690930080251,1.54698021798686,490.561786902588,24.2383523317985
87.9022194938152,68.1085528472468,-100.626203352145,-116.388054542476,12.3514525726714,3.32156162962201,368.73062774251,-27.1298621936003
-2.35579263488762,71.7323643370182,-46.0862975700293,-93.6027261951676,5.45871041326609,2.24531331780599,394.943303543696,-43.8459292264306
-14.5011468169068,109.763545659196,-62.515932201437,-161.649345839283,-4.86049847916729,6.2576776752976,373.874341606803,8.06625748443184
-66.196068500984,43.918840216269,-55.5410000744741,-42.3082684365982,7.04265015549026,6.36827558252844,-64.7864581071335,-44.8991238329472
-72.4840334942273,96.7994949788554,-65.7140458969006,-160.540333268684,-9.05321062184157,4.24707888927514,454.182894710179,-104.681243804924
-412.0659204689,112.740323679711,-19.2458411570697,-14.4087419027928,20.8988766316761,3.42774040428048,680.939685542224,-34.3296850920015
17.0692472876835,98.384079815718,-28.335565322719,-76.8927367501128,-10.8066408837331,4.03377857091255,547.79562469259,-4.98751358421578
-10.8258267884103,135.732256009389,-61.6324511326775,-97.6812330790563,13.4991479106538,1.30520806087588,685.220361240237,-51.0419750502697
-195.176231877682,162.359020307405,-3.65392988257008,-195.66851891132,7.59666825663589,5.81920669900137,-69.8023816086452,63.2053288898023
-116.918815165263,3.30354096494557,-39.7057513752952,-60.0046025660122,7.57060568592715,3.55688981273124,209.277603037948,-25.9072866263741
-24.2746853684912,10.8184599387914,-26.6135300566384,1.89625116572552,6.87289001340105,7.60853831134227,447.350186153526,-91.4778697017464
-175.349533308967,126.686687368545,2.67747890340979,-134.193536223203,2.88993616161315,3.48096665704293,725.621922375831,129.846950100007
24.609146604751,88.3699057393969,-62.131843381474,-54.426353757437,12.8342357377842,4.40697946312139,415.628074207882,-52.3697499743139
47.9073953868028,79.0031933874707,-87.8441777497792,-146.020643743002,7.6182793759217,4.69819095931598,469.402040382447,-214.5218150851
-4.05390260841523,58.3496574543242,-31.4159237481617,-147.489253241367,4.26595644027111,1.84967379924637,-446.503564440427,8.97660187069414
-222.03309163962,166.944398062682,-27.0381855118612,-190.37868826908,12.945934751755,5.17113576626798,783.088592060665,49.3109643254829
-270.381802449077,131.215392245278,-35.1841535325657,-165.215729185773,-1.92920994004817,6.11549336955068,771.1082533882,17.2992160074064
190.339841845707,176.334514616261,-63.870716490841,-277.146088424525,6.92606021552638,-0.375772922910983,423.285707549192,-33.1333771608188
-57.9934911299351,202.873204517731,-50.1281818031712,-262.682975399909,3.33271110864735,5.03588245490027,762.523563527851,-23.2687291676557
-345.64211932847,151.7210447408,-13.9874404793372,-126.451839537971,8.51119005438522,7.9111639354669,1524.43078581333,-79.1732530925947
30.4980387642863,82.9722247979444,-34.2627598659637,21.1769922114017,-5.77876736450708,5.29957293527696,40.5837489633923,-57.2247109892687
117.115957126138,104.835296256075,-53.695803283772,-167.279845239835,3.27534272875346,0.938989508465966,280.310738684246,-91.838047939862
213.490558154437,117.040304632945,-101.344818937097,-231.604320235092,-5.81316705155405,3.33002823188144,383.584990703355,-25.037731237695
-165.099326483876,57.8349622700771,-46.5653177016648,-51.8608559200256,2.46164345808575,2.32009878753161,427.456436300403,-9.95266575234928
-49.4159178959671,123.213383972405,-12.872709678144,-176.831928689746,4.27289110934362,3.13987562273542,404.098206268207,20.6447728121971
-64.938311154343,46.3798233185807,-39.7485179335927,20.7255045364873,16.5402025720687,3.76614322244495,165.397928564664,-90.9458146905527
17.7456942584395,29.9658179407998,-23.141588441038,-127.502594459042,4.52268189174356,4.60989860273548,26.3800299918657,-44.7124922367802
293.835854603873,124.095000084661,-75.3874686343343,-157.284846354349,-4.84008606086718,3.46127837205131,333.225675155874,-115.961147520178
1.70816581110194,63.6829295749685,-58.6704168635624,-65.1338599511218,-0.884346057137009,7.17155990604806,611.412312478984,-61.3867341422156
10.161375890224,94.9092965469481,-65.8855352383471,-150.802224356361,-7.44475920275363,5.62661233480321,628.454221572727,18.1572119831108
-181.553647874498,141.540189011437,-59.0634852636795,-181.315886521705,-4.24359479272971,9.12998347277244,1315.00189105366,-21.8169462949336
231.525022760092,148.659062933622,-79.4729208107601,-130.524259637081,3.8685144247429,6.05073149623786,137.021560369903,-119.460496384705
-169.737864335068,103.974449456706,-29.77957805193,-127.139028691454,-5.71098236944636,7.17892159738403,670.640155479021,10.3877108530869
-98.2111568609835,130.492948292285,-48.7011950586893,-200.493414031385,-5.76385175410542,1.76310123510484,863.672611903719,85.3109025847807
14.0455953891069,125.619229496762,-61.4988707948723,-176.432121530779,-3.95619332436036,2.94935005819207,913.098663054268,-61.1991158982855
-186.040909159128,16.9928125380393,-10.2776980992639,-16.2410385445983,0.471510416871752,5.93599824962439,148.479469793499,37.0840713885409
-490.867295140561,88.0272303895472,-6.60766491053073,-141.239880900492,26.8520894837529,1.505731684083,413.73377348348,-51.2966082463536
-106.791544439173,88.1025081572152,-28.4210119186901,-57.2725835247002,0.710938098622137,1.03507285090018,419.836053473533,-54.4025755604416
-112.04983427946,99.9675011213367,-54.5963852139976,-65.4288121916106,12.3358944533102,2.54462601308478,-113.804971730948,-103.304242138831
-432.494552007294,74.8216112660302,-15.407977684401,-139.208257539615,1.37518203095533,6.20657431035397,717.293568008703,113.134145695294
-73.8406122242304,81.0225538868181,-62.812295945696,-59.3036386911917,-3.40417655062629,3.35255372765096,167.972423433537,16.158528645341
-3.90059397771256,119.397170139826,-37.9378625312238,-227.453708716574,-1.73179303775851,7.57691337717552,215.022079685106,-74.9217200569401
-193.76624024249,120.857056431611,-38.9716300220243,-173.974542869779,11.4728054257866,-0.996072771420586,663.824381161277,1.81122808768123
-217.581457493812,52.2720823083364,-17.5168533180185,-57.3150757933035,4.15427331626415,6.97222847922239,1182.06150169125,37.7533414166101
-45.5028129393104,67.6654569551065,-27.6520694419451,-95.3730957754306,7.23690528989391,7.04712962351186,437.920321010388,-42.5323200145509
-49.8951237167639,60.8857939787122,-56.9794519909556,-98.1468370487637,10.513616643464,0.836216294941551,205.340092406857,-77.168552006915
132.277633379068,65.4078135360651,-75.0645875310802,-143.155435908688,0.193553329027054,1.53859410460427,646.857139040647,-87.2671891182326
44.538608029834,93.5187085360812,-58.8826342878456,-162.891687596377,-3.37407994270325,8.75363873034075,166.886172891052,-71.4978140386811
-20.9133591171121,60.2148532377032,-53.5133011347498,-123.825427365344,11.487394378215,1.31312366257771,274.274912788882,-91.6440219088654
167.558869353088,87.1525109867071,-28.7105943261704,-107.172692648979,8.18967824539868,3.93975522908659,685.137448668094,-131.821898290713
90.2383546053461,92.2730856396956,-59.5967985233947,-87.7687704559239,-4.03956912086869,1.37164883776859,774.502545295996,12.1885424706725
-23.7103891370425,55.7390774404485,-22.9596333366571,-136.346992887949,9.74723575383541,1.40008415008924,349.053927138928,-15.2187978116506
70.7872115290957,54.9649060961165,-78.9625874547346,-25.5735684620013,14.2937231459473,6.79763028951493,54.0756951550939,-189.320187413963
-133.863803416214,148.570293563167,-23.4800979339489,-146.867662174132,-0.910620829097752,7.34902991855051,626.483816426517,47.0701429080982
-8.09806021407712,49.0824677500059,-52.4456478120264,13.2957398665021,-0.606388586587855,3.28662766405614,560.335039637008,-13.7947335693025
-111.533015958281,104.436179107164,-36.9509224860813,-90.1045296066295,-5.5320208942785,5.1683655163215,723.802374175472,24.2330998643301
51.8611239915481,121.005331193446,-70.4778259661834,-81.9162344091371,-3.08340708659671,2.97529662773013,861.677776475175,-51.5827769843745
-61.1664099602494,103.802613004806,-54.0947298724714,-104.578055555568,-6.960382520454,6.91196699759166,1063.75601548489,9.82669411630195
-85.4968066165784,72.9351045239709,-37.2409028662514,-185.200305282793,10.0057676504948,4.73409871177637,551.880804871733,-26.7629037204606
-16.6563742216404,123.746299238934,-82.3077569300804,-101.374248988234,-0.315045248920796,4.41848166480486,1059.24970109986,-91.5024454247032
-119.758843031508,75.7851258991286,-38.7306890348191,-11.5234987527656,12.2603235021525,3.76726385356596,978.831004574495,-109.63339298666
-5.91583617677679,113.275481672699,-15.2839118979755,-101.08315929769,0.512596299740835,3.81569155705802,-44.9418386304023,-1.42066386161969
-124.395280608092,94.9630043635989,-6.69314743139694,-55.4048896592722,11.5035980619723,3.94943337219593,598.431554984883,-27.2196584015519
122.077484453497,101.925882718439,-46.1007049963118,-125.022717526532,-5.86514802230522,3.09415717219235,178.119115074624,-0.472877531821723
-43.7612182893572,55.2109769019216,-21.0594960835551,-113.201275604961,-3.15005007607397,6.38350565431028,656.540056259546,-18.6969031055341
119.34466015677,143.382329238801,-82.7333423712407,-112.088231052141,7.30266576386384,1.51842984026007,371.336570055493,-26.207915727311
-141.716819485475,124.010273895823,-47.1475913878821,-188.220198122144,-2.1031524608261,4.66539835308504,506.668892677641,14.8409283397996
-32.0162642999821,60.6976072541147,-44.6420882709863,-89.2560712746053,2.37584055052139,3.42342921123054,442.505228372946,-47.128500835257
94.3420676372334,41.9097615198407,-70.0526555113029,-142.007190945558,-5.12458017922472,4.96729504936957,-268.582907851915,-50.183650484687
-85.2745930214733,41.3953054179728,-23.4376337797294,-21.5056317533235,6.72433075135632,3.71599920475273,605.287510565118,-29.5127584060247
-76.7532097510557,172.032335808995,-45.9084751368428,-130.229273798432,-9.96480701045948,7.61098651932843,51.2007915925133,36.8803470026032
-150.49002749112,75.7248328327914,-45.4886198536697,-110.283563196659,-11.0612663233769,9.70463297406968,653.208225521666,19.8709652473044
-144.023298940025,45.7942677895062,-27.325791511641,-88.5381830431725,4.13700270920526,0.917224767072184,98.9899340610706,54.874247815882
-49.6906127153779,92.2858310418578,-38.7325571294059,-29.5350083097655,-2.30394549248376,4.64496869096183,479.361692304719,18.4194653828163
-101.468158163916,38.2238528141625,-39.6104222457725,-75.3377044358931,4.66137683702982,1.96484206838431,193.242694639091,54.6218031139215
41.9821217096032,88.3361952236592,-74.9218967234629,-67.9779613181308,-5.33728243147198,7.18747756816447,502.460150594299,-33.3256728553897
-44.7411832692742,80.8320370018773,-48.8878067875776,-94.7456352587433,-3.73368154975469,4.92660183235421,722.439460896538,-42.8021862195164
-170.047792300407,38.6485332965378,-21.0678944366446,-61.3662297511834,4.76480837448617,5.15976743865758,-118.85420788874,-77.9893946207449
-123.232792858485,110.119633360933,-32.3187459693145,-161.47946790302,3.46229472843697,3.62814169404737,-338.056887006256,-57.1785117829131
-70.0387904266536,127.84364850937,-39.2979501185691,-159.727552999349,7.17844763297762,2.82437860497157,741.02215180386,1.43667011550497
91.8011285223474,76.8493158176316,-59.9748374581686,-114.535027532346,9.12034980239696,1.02201856672764,36.7868195423944,-117.390607513837
-63.401127655794,172.461323652373,-42.2846923242503,-168.093230052851,1.22831362564466,5.07688105160196,859.146032059565,-60.6474601092195
-213.053687617212,127.938481638848,-18.833145585937,-165.066597931254,-0.220633695767901,3.83808855319512,380.557865255076,125.202137134809
-280.748024936162,42.30509406497,-10.2776397210764,-95.4347841599447,15.8323983887531,7.17370429258153,968.330378313887,36.7870730578215
-259.33535385046,27.8093327215029,-61.7464378154036,-24.043912891364,-2.84307829813042,7.76750703927246,769.848243450819,-51.1931971688591
161.736878742813,-17.5192295098386,-58.1498529959608,-54.630941514959,12.6050229369648,2.6434728224267,358.967337891925,-164.347959141203
61.1315171990809,76.4241409065653,-9.61569281330685,-81.7316416152207,-1.66245250014981,6.64993399938976,409.00200584298,8.53827481789631
212.496395317139,65.9034643790437,-63.6323210987175,-67.0580905347379,9.1265579500614,4.19649514466437,-83.7657296696398,-132.425464507069
-101.856459445273,-8.08030842295557,-24.2968523287127,-57.83371903289,11.7225750566286,4.18709381691315,232.116416575795,-40.3646365848817
-175.155860814652,63.8511860931176,-53.3391799819656,-166.988186360119,19.510422855863,2.90618528069172,575.036494973341,-86.0719453294732
-227.380622677229,122.716503655553,-31.9469519203776,-110.835612454204,2.76202033185473,5.98021096565935,105.977438847389,-71.4167282704293
-306.773353244585,78.798399020845,-59.3150828577782,-228.561901436202,12.8321369237383,1.36720126277942,88.4860485414101,-66.2178446718026
-2.62498609977774,81.7844095947512,-61.8507360798758,-140.711627055251,13.2329660488394,0.301503077134839,75.2575394044397,-45.9735551898266
76.1952830448863,161.963983604328,-77.4936046407529,-215.931481768785,2.47703045430239,6.28637905474898,199.670538750375,-25.3759022319282
-25.6340460285501,63.8168679318333,-40.4271683298575,-90.5806890739186,-2.3502490482133,3.96898158298609,732.753729187563,77.3356989897438
-53.6954679802147,57.305156343602,-18.6541122912895,-69.5593913914249,14.4861889511521,-0.441160484318971,-197.448139589847,-42.8241738243378
-91.1972732977374,-3.4508251381194,-42.0459165436332,-150.656772341986,11.5722040986875,0.0249835893991985,398.71846633558,-68.5614880614157
-179.269178191389,176.399734584353,-39.5076005628216,-240.701417575707,-1.11031427246053,3.29575432427737,671.100167997894,5.30804749629897
-156.082942253648,115.175012409818,-62.9875391436508,-112.428562570218,8.22446297595161,4.29547030647518,56.9871475676628,-73.138567772723
-182.06336697038,69.2113206709619,-7.53113047331135,-81.4447140086322,6.94539063085233,3.06693896734214,728.946993598744,52.3743789891596
-240.89052172515,89.5251596621529,-26.0596316746378,-48.4041847604822,13.5255347548518,7.90599303785712,916.156309807804,-70.6056507399553
-40.6125316464604,36.4036903478554,-75.8964108793152,-46.881316144365,-7.01890447309415,8.79879324162175,78.940217684958,-34.9517642496266
-63.9119654420501,109.548150336224,-50.7535152785786,-105.875472902215,-9.90511303840321,3.2664268391818,621.881923198409,98.1394013586469
132.137241465971,43.1097570260026,-55.9858685242652,-54.7217247152148,4.62339918341604,5.22739929665113,104.206752715661,-69.4533304797806
62.3893951458158,50.1857161049011,-40.8070436563139,-108.833800892244,2.21869640158366,2.36414201948719,302.471621895727,-29.0497526309446
5.39627778690192,56.0832452807226,0.835478460590821,-166.285034386354,11.849380840431,3.7308994930936,472.79826466777,-38.6774977427704
-130.885379468644,134.483010536547,-56.8159116633251,-63.2517951970003,3.72137829652638,6.50853509164881,1167.52187099033,-48.9609367522789
26.2008022479167,135.363395130164,-31.6993021499657,-89.2187228813855,1.74722761531461,-0.257714203465639,291.314264059154,-3.38242171960883
-149.070413686008,75.6467817784287,-40.1103607758287,-113.275031839301,0.757613078752911,0.987557910459145,465.156942734087,-40.4117024264269
34.5112584480084,86.8071624976219,-46.2180980913981,-74.9236451189936,3.12683090721293,2.57194294055807,-453.903448109864,-40.1495787799067
34.7050993703597,88.485501373274,-22.4492333790331,-163.493152581283,9.99524117844703,3.4333481543581,449.979580842875,-96.3080426572342
-52.1462255899532,90.1508875200816,-71.4332198608026,-73.041082171665,0.272098182933405,-0.280794870457612,172.116514670292,24.1827584902494
-123.085380839751,70.0936573450308,-25.2869380940683,-81.1004105538723,3.24471801381924,4.8164685386273,193.873657494205,-50.2210639659024
-128.270053675617,93.1605532109097,-49.300737163343,-37.4880355048663,4.30733743865858,4.04951124503714,200.091784341479,-46.8802718176594
57.6317534389946,103.291013812042,-37.497969150354,-145.10707086973,2.69294629752403,-1.0188158919409,544.085157450128,-21.312565285356
-90.9737131074507,95.9988036209688,-75.868457822362,-68.9027719755541,8.9125174677647,5.31998015176214,648.826994782411,-59.1341730551503
-330.102348716406,105.696907383121,-19.4869808101503,-94.1395659111877,5.16510368001764,2.92959910484205,211.085335167412,-42.9688324591698
67.379972853756,110.097544688586,-64.2631128189678,-225.345722580195,-0.0664349924554699,0.256042782581062,-220.932297283689,-157.716262250629
-386.907370140885,18.4605446053611,-29.0885821998891,-47.6280021914572,14.5917304259201,5.91212703157908,495.270974029889,-133.855261157674
-523.366734001946,122.523906486242,-9.41023894847604,-142.343920822259,26.5985624447203,-0.903425996099031,15.4374312885629,-29.8219105722383
-124.7129136842,36.2327550745977,3.57867440427071,5.08002389416652,9.16003803399508,1.11135162557184,1072.35209765729,-35.2590682506561
-204.474140208127,177.125547897886,-26.9863352958637,-122.197747823811,9.04815521763521,5.51253292299225,1354.68762347011,-87.8479603159867
-348.447878846593,53.4957575179578,-37.7362133350907,-210.364890759973,-0.761711579732946,6.71650812197186,-23.7076650831295,-34.1403034601826
403.915816901266,38.4576655995043,-100.155941186589,-126.706526412403,-0.0216267378054908,4.36333506638766,675.403170607286,-204.386279264421
13.998325887238,80.2189830409188,-48.1339199873037,-54.8195953057148,-5.40809738599455,2.7343263825569,889.970387769412,-34.2419278031448
-23.740734577016,79.7482913995264,-54.8037661166818,-104.960409668507,-8.20658784683837,5.34797975427682,-87.9926451565116,-11.3694697223227
-137.632109263606,57.8303698527889,-16.1838116383296,-146.137473923998,3.35339876147918,4.19370762586186,524.654966148533,-28.1376316728274
-19.4574830300562,79.9696958224231,-51.8223220754003,-84.568131445747,3.60953648071745,5.95802058716072,970.373099728065,65.0606717721166
15.9806775752877,87.644870766213,-49.0218722300415,-59.5049612309449,1.50177112797246,5.38710203951632,533.139792154718,-17.4755073059277
-303.926681144276,215.217768691662,-67.8809355042031,-155.414232605428,-2.81373343495579,8.5311977545789,1547.87650447601,-100.317987979412
-339.027887768341,199.346692935876,-15.3351374134363,-221.615338727765,-14.0590456235659,5.79154140219907,972.789027099352,202.385931967154
-42.633871870763,69.2893264030572,-34.3490703479656,-90.6770873605219,3.08467732358258,4.81173555471469,442.091719282289,-22.5077651700849
-2.50935918828327,81.4287259532321,-17.8071922749368,-98.4543597704615,7.48368056181062,2.01485263062932,416.117788186122,-54.2475831146876
-237.547543624729,157.308539752121,-37.2625730943691,-184.421964818306,2.68825167571777,4.55337939732999,769.644999951855,-14.8144328028284
-52.9295119519375,34.6482069470803,-56.0457237252558,-180.343798586182,12.3476687634247,7.63553842950205,587.162212498719,-152.74252126654
101.942967191382,7.74614596698666,-96.4385860599868,-57.5184635713958,6.99397950202547,5.68227549221774,1064.3015322517,-117.213953149127
-114.113977991132,59.7313257913338,-67.9005033921253,-31.7229431704618,-1.50768675362633,4.54118919858593,39.8925434776756,-53.820514494475
-32.2165932669886,115.240984541822,-13.9223444619274,-99.3429466307934,-8.27792830385442,4.00663669487403,260.147942487059,109.061189844331
-81.5658202286868,131.958968281717,-10.9574283301918,-125.859187204198,12.6068996200884,1.82161509695288,811.435673436645,-32.9324185374135
-52.7172263370885,97.9990624281927,-68.054308021412,-93.9229373294947,4.93155927605403,2.35442057254841,232.824210703882,-30.9199605913709
-98.5142220067864,119.556610393753,-22.0850884135361,-82.5821226221888,0.109093465420301,2.78051255754326,101.529509828601,-14.5961194093834
-81.7506976962904,63.6153836191155,-22.2504479486452,-102.811714881827,4.37844152699836,3.53648426212021,70.5530747120356,-8.11583549214993
-351.756871729413,78.4349894897168,-27.5304959861678,-20.842444811562,6.82324624829926,6.96004962436564,1030.87090396034,-11.2789954783584
-164.19877545198,158.444026066337,-17.8045141517796,-124.930708008236,14.4401684267432,2.89702211401891,1028.67722501465,-50.5107797921883
39.5448664466385,107.519748115854,-71.4559505667494,-91.790256835804,15.8408407560055,0.849117187899537,179.880213688419,-64.5796947353338
-93.8887845427234,207.320796946689,-74.3368116379716,-210.419596352542,8.70207101677079,2.3973324218241,-645.706999142771,-12.2091517492954
-240.579264534899,15.0705058502353,-24.4570276590503,46.376225421669,4.67006793364999,5.47822201723193,655.916854986863,61.0220882943249
0.831374020701332,94.152219375108,-28.8539658648224,-112.173936451662,-0.579526066512699,2.3046541998483,366.391685250666,24.3159136060858
67.5327803333785,74.5047323791186,-29.7606213942745,-92.7087745217286,-0.867391219566343,4.99951109531685,348.114027055533,-41.8931520632905
-13.2654170979658,116.805424866005,-60.3792824298289,-72.9400741296122,-2.26580904033995,1.87730024570192,307.886989630722,56.1279469619221
-135.505855001153,57.2842443217523,-16.4819487615605,-48.4722849709797,12.0127171655186,4.50298020643095,288.442347721459,6.03956171523896
-199.205099154788,105.311582595285,-13.2551822339301,-21.5726785870365,2.99119298435107,5.95512802738813,932.586680393499,-65.4715241842932
23.5853546297294,78.0528884768719,-34.0597456616197,-18.2107726492322,1.88578901824076,5.29559134987358,417.410739103521,-12.6310010932939
64.777068773692,27.9734406282623,-72.3763689868501,-106.299318965888,13.4950367370038,3.0187277012119,543.139741558378,-117.457253620902
164.542987809356,9.80353408149313,-93.2914961443348,-81.4107761999185,6.12694414950238,7.07085792747057,777.909243311515,-100.508382271539
-170.734179733554,81.6579474192986,-26.5710575787816,-105.383730275817,9.56263338960707,6.22685571109469,720.86043337459,-60.6721069519554
-2.05291131776175,20.456822215087,-48.6967966630182,-77.9501294479705,1.69136645698518,3.59659391237074,611.381965626177,-81.6396396157506
-145.947361644241,87.1147452449659,-39.4166888879554,-179.237682393796,-2.18748118767689,5.00706062182508,9.14723435898486,-76.129258928544
-396.294407631834,125.816323429204,-15.4697761656134,-91.5968822717878,0.645064396790985,6.08404499062453,810.929121828041,16.5786647829809
19.708277326572,26.7067055110529,-54.9653064617305,-89.2712122130906,5.74500415723742,0.637032573496981,266.947438475618,12.8830425440974
3.28203725292406,0.061474323287257,-36.6044979976432,-106.030097125738,22.0872527481115,1.08094658855771,633.414531324015,-117.686325288487
-523.287139161075,70.6007171633901,-15.9124145164824,-216.181686624142,16.8492571617826,3.48071364998759,465.214483988457,-73.5138921853195
-91.3149495542893,145.39773718435,-30.9758449613146,-75.7080732309259,-4.2771283097245,4.74697752429347,882.305417087584,20.1829008177447
-75.3772235898796,51.0442072963669,-24.2691573279881,-58.5962906349232,3.41586906678276,2.97043899851633,65.6885903279858,6.99632628809195
8.51552543099024,29.4578456404852,-24.7816187151038,-90.5960992566452,0.959252981920145,4.88600676259375,357.049287627131,-27.6138790104105
-54.5811641608598,36.8382604883445,-39.1137054665633,-16.2980074868683,4.1921856801423,3.62528023216873,673.925803535923,-54.2738598957985
18.2778131729756,13.4802337332367,-31.8796498552329,-16.8683867893706,4.19558355201298,0.695871168303711,72.2642890452344,-48.5063213752874
-126.203180480712,21.902554429369,-25.1872767484419,-47.4534091856622,5.58067001908785,1.89913781446376,101.483076584633,-45.8090534940047
37.318023312575,60.7421081027787,-18.3969731827383,-75.1758173345806,7.24316833740158,1.6269773444385,712.066203125898,-48.369810470067
-0.6520177625207,127.657329155198,-32.3392995123722,-108.011416777139,1.35109842677775,5.07911086254171,591.748496828324,-37.6253260040248
-50.7800571298285,158.404730160837,-52.3841687350578,-124.07357244243,2.04111972567625,5.45597917474515,378.220426037282,-75.5068705362864
-177.135208378531,96.6959913063474,-19.0065102544031,-36.7739069496365,15.4643708380172,1.25133295447449,641.657730839087,-3.46315068805416
-185.012432644591,20.8516123476511,-12.2944522895014,-96.8055545936568,13.5423689529925,4.45736129600118,945.006819229642,-116.147148035903
-233.476189926711,15.5868494992319,-16.2863016718693,-98.0102239776643,14.0530689271036,3.13749786026892,30.6876708858472,-42.1897014276474
-23.7465324133809,96.8261365923754,-65.5381132191396,-114.165579701235,-1.26479780935915,4.52282914466559,-330.730066837205,-48.1534242166017
32.2432104972831,117.752207706806,-42.9641663071525,-129.742863291118,2.05285544245271,4.80651040619705,755.411411402965,51.8781898357793
370.30723194436,83.1087948310014,-30.3004864761169,-102.720423499704,11.1349949701253,0.905400070318137,215.995987193251,-36.4086282917415
-256.621497326123,77.0605572449786,-34.5347723755985,-262.363681779767,-0.425901513372082,-1.00652416508819,155.558082547599,73.4611841567748
-77.4738242459134,91.5456792015757,-11.322468258295,-113.515304026405,-7.60841636812256,6.08870047617529,318.28938089491,48.3139207320637
-249.425661252499,80.0738973465486,-25.5288291140605,-106.051274514197,-6.83586791640846,5.23312240108498,984.861666832861,45.2741055761089
-3.60641353931715,74.3164646591758,-50.7707109249022,-123.946374589766,-7.5630633807159,2.49856409354834,143.68667055195,1.11869965754158
-74.1331695272602,103.151382098513,-75.191880241473,32.7716504765485,-4.46294527448117,6.47251290832355,572.65260956611,-6.1756593977334
-42.7769139322554,26.158832275396,-40.1231746650883,-106.535339726528,4.97460244284594,4.22214131114015,-88.6525110177899,-55.7597518724215
40.3676955011615,80.1455637898707,-81.8312985866214,-164.567473664763,-5.04744637054205,4.7778036264026,4.55988020784571,-1.02540793732805
-74.9942247865547,82.6291178472893,-49.6770267295065,-48.4396673805386,-2.58556665310971,8.49799706377962,781.928300194038,-29.7819401300221
-30.5175998555351,74.1452236828045,-26.0957245662139,-75.6538946634391,1.91096332165762,4.38121931770002,110.598759998997,-17.7281399059211
45.6381890390985,60.2976596262743,-17.8360440694814,-75.260013236446,11.9740339961791,0.205766271596076,538.792183209996,0.28970569078956
-38.3740795549093,77.053921736675,-55.9124633217543,-71.3083960330841,1.82587286029593,4.16723527552676,424.902927172254,24.8720006197536
-152.440181088925,56.6451343934459,-29.4375486385688,-52.4713008413564,-0.37639495429903,4.04654800787102,841.479481844915,-47.2929226944689
-96.9099642345245,163.883456305353,-44.9934544960561,-133.44835723476,11.5301983610407,1.72196809970046,623.67172510441,-9.16178350546761
110.615078472605,95.5683095465138,-85.2251375286432,-65.2880490699899,1.59763413874316,2.48571499170794,-159.863081562818,-18.1391088317505
-293.190376129991,141.277597344393,-95.0232803962081,-210.691474587169,-2.50299546065798,0.87909595714882,-1596.29906725677,-83.1340559249711
-153.647104702017,45.2438242644421,-8.15362364668545,-242.828546262281,10.3938931348675,4.21422304737189,1701.5957961861,9.88984731693199
-19.7883538031601,112.967232462208,-100.161061542698,-119.562963787757,-5.84848098689326,2.56594327191124,760.143483069936,40.5908982860856
-299.13109370743,48.9979993067973,0.610101206839317,-67.9441652161859,17.5628447464551,4.99721418702393,1686.27887330556,-58.8426578789895
-102.018224156462,110.721825108272,-35.9736439747576,-143.907495619147,-4.87063616791784,8.40197764209006,-136.515080576646,54.157852428747
-197.06354797582,104.802062880306,-23.6825739098349,-148.772080150469,0.928972917550709,5.98724025030242,507.671356019986,-42.474599854424
-55.5257918703865,113.002622136995,-36.446044607932,-175.163976595697,-1.80173178997939,6.16528138557624,693.161072285904,20.8647673728128
-208.049078225071,71.10675069219,-21.1618676110811,-78.5440043981798,13.1647901125252,4.25935144956748,-129.419013049861,-4.84040658024605
-83.3035525534606,52.6442973759258,-20.3779040825902,-70.3531726881411,-0.172413289470569,5.44095822680538,836.89807141501,41.4415891704411
-116.211005386283,156.691254923418,-48.9213772149451,-205.689607756794,-2.44816696421913,2.96207556556328,618.334757724195,30.5453896663385
-346.525851797232,90.5252318794155,-8.84873403180973,-165.822587311433,-5.66213270864682,6.23496769931808,390.80637094962,8.49719105046825
-265.488678224952,46.6463524900028,-13.6988689550635,-76.1546961961722,6.317194126299,4.47843522165158,426.762985673204,62.3493494084832
-302.873295731391,88.9618777934083,-7.34746501882182,-65.0564598751953,-0.177250054779506,4.03471744929266,825.181519868813,42.9704815217337
-265.997213799434,102.914491430121,-26.9989860357455,-97.5113758690713,10.8045920549193,2.99206774686536,993.561549609876,-62.1916837332101
-207.608429190179,74.4151489387241,-15.0600819453539,-109.902041550813,10.8701190300344,2.29326704232517,223.317166345689,13.6502158984222
-166.0837969532,107.747512242328,-40.2061822010728,-181.176472871884,-0.117645983751572,-1.24666096209694,-141.80735768158,100.93539249996
70.5070335579512,113.711594485401,-56.1064321297745,-105.203769508749,2.83226149254187,-2.23398404629552,-45.4081989855622,-18.1073833418486
-43.0193359467812,92.6439212024416,-59.7768282901234,-83.3237491567634,2.05210093563801,8.93750416590774,414.080357192957,-180.368332790651
-53.7268540753721,89.3500370793481,-55.6557666851004,-97.5597665054229,8.90205681718362,2.08001087433513,702.708475827443,-57.5533921140595
-61.5477283985092,66.1019772443105,-24.9957601824208,-64.0475679037336,8.61272283151629,3.84573868173175,686.284931119208,-63.2633556145011
-68.199549609868,111.31860952328,-37.7703658237588,-165.330703060688,5.80656923593779,6.51841143502679,399.187479230808,-187.484732235593
-113.334838232186,142.337599011371,-22.2406261840661,-96.8838323197338,11.3967910577194,5.21097800010466,909.282301643445,-45.8956863614439
-132.428963750466,99.2283102383371,-5.60604997874179,-101.787348329453,16.2057439405398,6.64816221203364,705.963461071227,-24.8190603845578
-41.8522435949189,129.63684152998,-55.3134427734039,-121.765469025555,-1.06833003138308,1.8792926104652,473.120811522953,-28.2141216130694
-211.378307772044,134.555458162089,-28.6945060858125,-97.1857946653618,-0.581165934821911,4.84998605145665,452.913024782429,31.3037410533434
-61.7683661484334,46.3724235512782,-42.7101104226604,-57.9297135753586,8.78678579851112,2.4731609186274,353.994890172587,-49.9225307767629
72.0121535864018,78.8408043246891,-76.9734912386302,-169.287998612679,2.7533126110211,1.09438403442618,296.373597097059,-32.9215051312131
109.12216981253,144.29220013156,-60.5044435524251,-134.817414710793,14.3733339695318,4.07760054763639,-350.183051921056,-165.759747939534
-46.0244333530136,106.140356417367,-17.3156482475242,-162.802115243832,4.81013363469901,6.3077599403332,793.843761418459,-40.1712377509975
-75.1154887395533,89.1452149018878,-22.269592107943,-100.479993625224,6.86594294566021,2.41936801672273,362.229354484807,-81.5987235379653
-59.1856816713989,177.708791753175,-62.8333133599954,-154.248228551238,2.21547404231387,5.09768402692862,522.547618823301,-3.48289395285246
175.600145499397,80.881606275856,-88.6636976321097,-129.663697325988,-1.78548006264464,-1.06172052360398,-69.1227943366976,-43.0796397344238
4.90756185587088,108.012664729322,-59.0839781665782,-111.456226804366,-0.145941489230609,2.67471731705155,300.987381758758,-30.4370543253899
-155.794154591102,101.560644684148,-25.604535024755,-66.6150986202338,2.09428990151355,5.17785671632646,825.68910204932,30.7076651758252
-68.8429461714113,148.796245071673,-61.1450242567807,-150.697069563519,-3.3420479693159,10.5254988706292,357.671593177171,-70.2043615235307
-179.096029396223,54.08662022731,-21.1408303268545,-166.933885001563,6.60745376215709,9.27742315037904,634.468323253619,-29.19263705294
-203.16588482258,94.6196684633906,-49.2333609969937,-103.11989245782,16.2069584897599,0.73113760513661,401.12689929911,-44.7621959952303
-402.746063348277,112.96452489701,-36.0529076631647,-81.7868086661329,4.04190766162355,2.98846534740733,1165.36208906541,-58.5994385033155
-201.226393865174,115.465832490254,-32.2769061178769,-65.7933317683855,11.9577295846248,2.50140631194881,1702.15780692968,-111.925873199725
-103.489137716373,279.034752251146,-88.8198741919041,-274.542176065428,3.14451171114342,2.11231398556993,-457.401453072598,47.4067145080335
-338.344442134714,140.910609816376,0.804222365080932,-42.0280151226325,-2.49430832199869,5.03567400893371,882.879079365084,77.6628096220375
276.388782416179,40.3308545726577,-76.5407433213113,-132.184579228953,-2.44409562902729,0.87147166961222,-172.215289870772,-21.0731894363998
-16.0865539809383,114.372233566159,-52.2987769659521,-121.469476828177,-9.89312439239438,6.73691922370199,656.864990489674,-14.1692825585455
-13.1766303478726,164.657572828801,-66.0766389853234,-258.505746162453,0.313494352769339,6.6014339037938,532.69739637585,-53.3077914688329
110.48062908162,136.791624615478,-75.124748455215,-183.163744162346,-6.41489153055591,4.77962804073468,140.942157170153,4.84652709553484
23.1277884464507,50.0042900070548,-51.6439396126661,-82.5704583299521,-5.39812254690241,4.81081414219443,-66.9613397754802,3.68799817368199
-268.265534233695,43.6872237560747,-35.2840360107803,-35.3421713246062,2.73471545317443,-2.38797300406441,1008.96006252251,-83.3879926215286
20.834147904603,65.0576118477984,-27.8547143549386,-127.503296797644,6.14645717741951,2.88635421720392,651.69618827774,-33.4495991156873
-242.752981968841,112.56343808942,-41.1481006102113,-143.124200196049,10.9215484608903,3.23721193883102,368.642505242797,-71.3074116640128
-337.325236087469,80.9885332144113,-27.9751099648565,-58.5594108569057,8.8487125206957,4.88852938322088,-18.2310895324899,-48.9633121838124
-271.051545231516,105.003458258434,-16.1798319606605,-37.6643831022857,10.9805466829566,1.53976763664105,319.042528299291,60.3046143353276
-295.012268372317,106.825082922107,2.36376034130808,-154.255627217115,22.9783134843965,0.5710414096975,1089.99638622868,22.5742018758392
-419.938183878625,182.418756747735,-18.3815476405653,-267.433651703672,28.5640775179709,6.03168531223491,1323.35576441794,-74.6178055754317
2.14899308414897,166.825678019952,-85.1097450177767,-195.016598743015,-3.86130655321176,-1.4047400309646,-29.4052443320543,-59.3091681428123
-141.491985368804,124.575125004703,-13.730006251586,-109.965834454313,6.48199052479322,3.65823969173653,738.730985457834,58.6375808226003
-339.113071064319,78.7556360947419,-49.9986834936062,-123.098308414192,6.1606544450151,8.94535213540803,810.996009965209,27.0313081312488
-374.409768668804,95.6248761576971,4.02739613318408,-80.6566734505938,9.75992163366558,2.3026687301317,1386.30502755214,38.3513277126403
19.2389951384102,74.4213091883285,-11.3924876566534,-213.00965351575,6.98338940484609,2.4629758668234,992.476817300114,58.7194815202674
-190.766695972154,106.704721382062,-28.3355192264107,-94.0240427961107,25.7413495091159,1.42345432944057,414.507337350096,-95.3651326720428
148.319295009453,63.009716411907,-26.5754402425264,-138.985021638742,16.2101045480013,0.577788776456146,31.71163467109,40.6622310201928
-164.420501888322,129.844208061055,-25.4463184282358,-53.663759590323,-7.31889262015466,2.46606255098595,11.5436682057771,127.63926098535
-39.9729961040794,138.076291660691,-24.004338749568,-183.326133196162,6.17760928631469,8.48383182892576,1126.0071114419,-119.153982979944
-94.8875150825697,88.3566763266208,-23.2497456845886,-189.992127561243,11.9737195965876,5.59665165119804,124.150709481793,-63.6252495889785
-12.6742541109852,79.6863407955689,-27.3312032166359,-68.0721913493344,-8.91914794201148,4.08155237504252,594.967479009181,20.4656703622531
-170.451530617996,102.138508244359,-47.5695258461928,-143.079931623441,0.114394923788495,4.2601646234325,609.387328883036,4.14347942805034
-122.477700579206,27.2608520070498,-47.6609264493745,-88.0433744306647,10.0040041611355,5.29614850653888,790.422940121636,-65.5861621045497
-107.37218135592,133.829498401174,-11.6418225589441,-59.0744155220164,-5.53551033481926,1.39717863543046,561.685450023306,65.1524186895549
-28.2726321395894,80.4647079996175,-44.1982583985518,-82.9896245292975,-2.8237501274707,5.85295848199166,408.921739709505,-11.2214264760187
-9.54079758029548,82.449747071958,-40.1993351538877,-139.520142753987,-1.88225096427777,4.75406899614609,121.905691317457,-0.761491384575493
-119.518077702342,99.1819139717991,-55.3998525135157,-222.489931759788,-0.83619908572291,4.84941740865179,773.14891612569,-53.2053369233909
-161.428383269747,45.3407417266717,-37.47758121472,-63.305583295165,9.67395582384779,4.9573649062113,669.560279133701,-70.586910946673
-390.409895558871,166.597292175138,-12.2902749436616,-45.4732935016073,15.8183284893457,0.289823624865676,570.867642415367,-25.6899956260459
-64.9357984843373,121.051633021038,-53.730401817993,-186.076288667944,3.87030505672737,9.93205619667424,706.117903053382,-176.048408866816
-143.332466180909,128.64744468587,-78.0680165017548,-169.865749318356,8.49503252671548,5.37929187812551,407.341843980526,-68.3637212941539
58.188695571298,110.106149687199,-69.9061008369383,-133.342939074602,-10.3243447674322,3.55650757660624,546.927549684304,13.706065450504
-118.811724773899,68.8067562760843,-48.2867878678517,-83.3986303541751,-0.337737371701223,8.09465143246052,349.040373452328,3.20265639034915
64.3635103861525,133.741042121559,-86.5140723105142,-111.941819136715,-0.624106091170688,7.68070555429222,748.693232816324,-157.971475946455
-156.698260899488,40.3798796858755,-41.2766818841483,-52.623040916631,-4.03581875239615,3.34166714608182,398.362633542507,123.904921378984
-114.848260902916,90.571203853724,-22.1657340159218,-31.8279377708895,-8.53251956790336,7.16051761462518,162.004295873194,169.116945944799
-2.89188470208865,137.411457153023,-58.251443499219,-86.5519137122174,1.78832317134948,3.25339521184651,637.4490733435,-55.3199039130122
-1.74172307128902,88.3324059121187,-39.7207577360859,-151.98306321408,7.63309607661358,2.97828999212652,-100.523185858197,-40.0252151059976
-73.136475154939,38.5767771189567,-24.1689166239667,-94.4426282666864,5.68091836975145,4.90000518635497,514.591306653216,8.1543380185758
-125.17358795739,5.33001580440759,-21.4671227344879,-28.3999720289139,20.4142236346961,4.4317918758461,-467.828874425926,-43.5595743741214
-54.5296632299799,141.492491176323,-25.7100618397817,-108.55320513506,11.1693785959105,-0.312541221370338,97.6289944648888,2.18881544519536
-149.723474231127,31.1065335115927,0.534863309978391,-56.0041587507585,0.498532755445922,5.56270081404637,648.14709251243,25.5869292777788
166.883187726169,149.498241623282,-99.9525995923323,-194.604435180983,1.4715903999313,3.98155889187547,-265.532789129698,-211.118438715595
-225.408637159933,56.0548923614697,-22.4688089124538,-180.219615743437,-5.45855140505591,6.06911616068101,555.194671542791,45.6614979949336
-91.5525623378708,110.695035475041,-58.138546510032,-81.2271496491958,-2.11125918562175,4.6857618538379,499.766718219638,-1.32446175947553
-291.552021887444,68.9205746207954,-64.1192088359076,-141.102657740412,9.91015231569327,3.98089813669503,-20.9600722351315,-49.5795298668672
-90.9879532217601,23.1209614352956,-32.2213160629617,-97.9122804221261,14.6687375398615,-0.272154934304126,389.70698919335,-44.6949114796589
-171.523329755,48.4217973904306,-2.64456546766451,-136.782457860943,9.07662692155282,0.831924805228482,479.424017504723,-47.9142211233557
79.9307491403961,64.0717568042746,-129.827456162722,12.2260457141383,16.235866685005,1.57287666752381,682.887000553143,-245.941804108967
-155.655275547735,97.2327264332635,-42.4340132248217,-217.949988842811,15.1243849611783,9.4734501010289,1332.31535504032,-92.8665479925185
-86.8045868259214,114.841908703092,-36.9351894880238,-128.452768557348,-1.23569699318614,7.18955508347426,568.151117622314,14.0919784689904
83.2419350351465,28.9275480714714,-69.1290590545686,-169.988225052738,3.164454138765,9.63327867058251,406.101399062627,-141.168057764728
-166.165097745907,51.9960043908504,-32.5265585538436,-128.546574714648,-3.99478845155681,6.60592573295071,328.448208915244,49.9268165608883
-126.404235057867,115.208321322159,-26.5959969656251,-145.253707852932,2.85266952876736,1.4240509349529,930.091521745315,7.67274573630857
131.069259113894,95.6998794956598,-75.0017889072005,-259.700313255933,-1.62742601134232,-0.0935390378799639,301.077353138098,-22.9582844341639
-148.530827879527,100.535328907863,-29.8843211762069,-124.44148531626,2.17817471921444,1.39009308333334,697.256068419782,7.63347494641494
-57.9963208075278,190.610091798109,-42.746214950992,-219.921070333126,-10.4419765802377,8.44648406510532,549.895314761408,-52.1343904361711
7.24873438349459,91.6572634541662,-34.3259406045254,-106.375832151389,-4.12760274752873,1.0435106184741,278.953508014769,23.1474256770962
-10.9987260453927,26.1970793021028,-37.3939136809422,-43.488692906014,-2.0340105657815,4.71984580766002,504.541589321932,-31.578092559761
18.982190248711,61.1952839335427,-42.428106348234,-59.6668911090237,-6.45526725918171,6.65537844214123,247.753521421648,-39.7121271834767
-47.4948381690592,88.918689496164,-50.6336238687763,-108.192934160732,-0.622892580420739,3.56085317472753,523.065653582344,-43.2053549428965
-36.8554559152981,70.322304725767,-34.5164674118132,-22.9616629793527,1.96139488204062,2.45053482120056,1126.57615324874,-10.5295268473201
-176.197430186003,103.271337916362,-51.6566684540012,-146.029521218908,-5.74797189212404,9.11581845369074,690.25352058711,-121.523055491212
12.0383431709488,104.785507335066,-67.3419221883159,-194.322364726395,0.399488380237017,5.79345751057554,632.773384667729,10.5895646646677
-25.007038308795,10.7117089730405,-33.7097019220037,-130.6427234859,11.7978531510655,1.82379500989919,496.036585207628,-76.8623343357758
-225.98659737908,125.977060610603,-38.5393030510895,-148.513179772024,-11.4957154501608,5.64647082923329,1189.72340803224,-74.4579151442485
-228.977807621028,-47.3500122719561,-63.5152066559076,-133.65475010933,17.9607680747858,6.79407679806172,1088.80393939396,-171.206656116841
108.533314124626,90.598212490615,-92.1384538465354,-88.5073554479095,14.7292126256361,3.05978037902969,512.620656822022,-148.533944074123
59.1979654784373,66.0118553901484,-60.8875890084455,-106.184796434929,-1.30857655333239,3.40735010136268,41.5275061819702,-37.6073000038723
-147.880545793436,87.3224814175337,-44.6526516254089,-131.304983907234,5.47315793240341,10.1690680153552,933.148678541031,1.62911344106442
41.5958033925854,99.5650439414749,-74.1707265838904,-157.164592970454,-5.58873596318153,4.43667235544126,513.527280771115,-83.2328806127971
32.2431967883167,77.8484292127905,-97.7008763036793,-139.43899862648,-2.07234290305496,6.95460592867357,318.137360894099,-152.828158603814
-132.373658560449,223.381358867935,-92.2668427233511,-64.4957678640931,0.347256130480673,6.161044759785,857.560728686818,-91.6755244898086
-424.170485747403,196.740717630164,-44.9254453555186,-70.7019331975462,8.23882464314374,5.87788475616253,549.208924687367,-139.636668115876
-33.9563738710622,129.285896441769,-55.5267202951654,-189.203017110922,17.4081391162472,2.12060242731241,816.107338071266,-205.490534079872
-2.27944600873161,37.0610701416881,-51.0347554435284,-113.821672908816,-9.28663276744192,6.00968894826474,994.006061476466,-78.5742929410917
-222.423393573699,49.2766160681786,-29.0042762808225,-115.534970704583,9.5429797349916,0.930457568363636,174.767543339593,-22.5158396410407
-711.636395761814,163.772930594506,-66.2249610002873,-141.795176700616,-6.22610788993188,3.64862102350889,321.200671709412,97.0278224619105
118.138278502985,59.2727812702215,-32.6127353352931,-113.753842502774,-2.30839974302171,1.78607128938165,328.784369520421,61.699842820075
-81.8946710099553,89.5329311602836,-45.1638382483798,-260.842277638953,12.5668371604988,-2.38078789608335,633.219254845711,8.8435873198714
39.7338874372872,132.953278922709,-34.4831210854172,-127.072255163861,3.02121825519134,7.12033722705382,380.354822109628,-31.7789751765467
-52.0058494986915,47.0490252083619,-25.9497404648864,-23.7188847775979,16.9673144260269,-1.05367461659625,-123.768745430429,3.50725062707352
64.0170564018408,56.2524210230622,-60.6356646678178,-233.434186090799,7.15112333020079,3.53231974980736,9.8373335684737,-110.464496436878
94.1777821275173,51.5894452388166,-76.9242875515047,-49.6636615471798,-6.6148144605686,2.62204681798175,139.410016414102,-63.0062016250486
-92.7260706815323,140.34961736701,-44.4737430269015,-117.048024131858,8.91415113220137,1.8631505977537,37.8476434170152,-34.0461525196879
-251.314479822438,73.8509790262833,-37.716398934368,-16.2986573772578,4.03142050736642,4.7231342253217,-52.333845622954,-61.3287699798966
-255.708428146288,139.340316967166,-23.9431117009372,-82.1985176834714,7.39512886836019,5.39872354779436,342.549406451668,-3.91888417351083
-172.804812640068,181.588540759811,-42.682208420898,-115.046334028273,10.3013015538017,6.94069734692312,-175.749769718474,53.5930299978063
-112.751103301627,140.456676265065,-17.9056470617998,-122.238004789484,-3.88340320932184,3.44241558130307,100.105104150687,34.9907460284412
18.0049517143489,125.177576980255,-66.0321731191216,-76.963599701061,-10.4140715394974,6.43264827941312,-338.747733517546,48.1427827840816
-41.7262903485498,64.7205242042965,-13.1429913382599,-100.812048391996,6.13038267212687,3.89282098787953,593.332663900423,5.77536370017333
-22.6977369744272,56.8481829321972,-45.3299445175999,-185.984081553404,-0.62769289566495,5.43394744519901,-122.796228118605,-8.98340065115735
207.188826370515,113.125309852345,-125.878274147268,-271.607815789816,-2.65386576045421,3.87225319060235,-619.038305364581,-147.979936291551
-111.423797053407,107.244756165122,-18.0629383269793,-135.914689942379,-11.3462681000819,3.33507496898528,193.820515464085,54.9712816665473
55.6735419656179,94.5838626351033,-38.5086982217617,-110.634268055495,7.47261689801235,3.94154528183572,318.962692722154,-93.5266410942859
-10.0729114510759,78.9620852506814,-79.8936395812052,-77.7336426509864,-5.13985297994077,8.24073867454172,291.694777543016,-9.89781770808622
-331.319799602818,60.5215270006302,-33.0581490329496,-57.646007021794,9.15632484477101,7.73699701800797,218.771248821948,13.3664274228504
-3.83515290011565,69.6656997354658,-90.4120024821386,-21.9452069496328,-3.15814078629774,6.57840008279891,695.883005508505,-29.1115908701177
77.2000543684662,168.691965597609,-78.205261542982,-194.174915095184,0.172761042587808,0.980418538234971,376.492294642667,4.98234169764328
36.4512911011261,92.7276042490557,-63.0096764474729,-66.9504317377541,2.47986654468696,4.34994449774968,292.594357175927,-22.3280298241443
-76.8191881417297,103.736889109656,-23.2759851846422,-96.5329115745117,-7.36133731712471,4.95450315797643,463.527604777846,28.7502460785618
-156.979896165241,105.131598674721,-21.5983675397583,-76.189030052994,-1.77545947071485,7.24251710226235,380.566155085355,56.7304538990829
-181.438549007333,188.606018259707,-46.6068426279744,-100.535832148322,1.43053698321455,9.72133949998533,1158.57349097534,-24.5855849251966
-29.5105260226701,70.5267977221229,-51.419309683246,-72.7934531392966,11.1912037909133,4.13662893800938,757.033964648414,-100.634249390088
86.2976640112174,151.349626084804,-82.7189840296051,-118.581427875091,-11.4756646398018,8.65668939119223,686.818503319795,-62.1080674983968
102.622744281078,110.169489730557,-73.586665316885,-207.018267930049,-7.46614003382274,2.65493246832921,489.148809391205,-18.2986100193084
6.09781874098553,108.546711927327,-53.1925048125995,-86.3883961166139,-7.07751773827476,7.4160656179738,268.924384400845,-14.7709438207967
-119.654444546439,165.588589286745,-43.0621769736463,-129.99740226317,2.55936497282528,2.03912609333929,217.094382757263,65.8256061396532
-61.821593013221,78.6183156926272,-42.1645873389243,-109.093104678454,20.2515858914849,-1.76128666580962,533.208647063933,15.9124328364742
-239.207316467218,97.1294347283911,-23.2404997574922,-52.3035286868017,1.03033993250574,12.3995591216662,1598.56198771075,38.6390918211109
141.095596368985,152.769549409175,-59.1384320972138,-86.7171686728252,-4.73422561187181,3.71766829596891,-379.959782801612,-4.65529876141954
17.9485504227923,183.364795708563,-52.8320472467458,-302.668038959719,2.83392567612464,4.3072073108342,533.493824532325,-65.2700326890626
-572.246891622955,63.0017298286548,-44.9440002901429,-102.544147879031,8.85447434386879,8.21258076494996,1125.0318984355,-85.2626767281326
-14.8120900157569,169.925706421345,-59.5996723210046,-161.840775887729,6.94245523134123,3.74241318053828,566.628817920664,17.14368847882
-371.167162484353,132.622248264277,-11.771322242661,-162.595152138383,-4.81891233909118,3.94542125000271,692.162418762215,139.960273631077
228.406335001662,56.486438230233,-49.5452609216372,-77.8276436282613,9.04736273351591,-0.4701982956758,-626.33022048929,-52.7955963113345
-64.3455351921148,116.521608016621,-36.7705926845083,-130.354594106248,8.72136616345028,2.16850868012989,-432.354462778017,33.7071844845341
-75.0352843354922,86.8317638015142,-34.4744641623111,-119.416311322959,8.7377285452385,4.88371004063447,563.866516424234,-63.4510655948543
-331.163808923724,4.40027404276771,-37.3121276185902,-171.668064272773,5.82825088234677,3.05520774651086,-149.936702077684,32.1667996234992
-249.003276121322,181.132048478103,-71.7067573394133,-305.889180249262,-9.61297846285743,5.61845644394998,619.378288371721,45.8703431536997
-127.416697722481,83.0597453030496,-27.6677784854983,-127.125717931864,14.3488929620726,6.1492214697646,182.962478257425,-15.6640137227514
-487.709123747307,91.5532282252871,-41.9153591253489,-45.6227213384263,24.7410138899941,1.9501895574997,644.887013640868,-154.456842085521
-141.811393486467,107.514156807229,-55.3851571730484,-147.709285390061,5.44638696518086,10.9163017960091,1075.04859261506,-124.833586977929
-174.716079202219,156.394332146738,-23.035128179592,-158.064173765335,18.1525632522698,3.26531761334627,1346.31165251613,-34.9883461557765
-342.220961953877,124.280830736407,-27.9013610229595,-144.282236951105,9.26948863684083,7.77475827940361,1033.39237945422,-96.6400426704859
-228.832537297945,146.510445337044,-18.7498108064392,-67.5146631157841,3.81585070837173,4.91486338938557,1200.59194823845,17.1730865891004
78.2472105363267,76.7140938163648,-53.4946784041385,-77.1544069290248,-3.74009826865222,7.59660107787204,701.810047061838,-61.5218034271456
-54.8400546450139,86.1146505193901,-60.3496549601405,-107.216858598811,-1.38858506042743,4.17472248204285,430.1135404546,-20.8692569264822
-104.259682430431,89.19975230399,-46.541473095017,-65.7803658015036,-3.04272571255569,3.33900551123952,1017.4497753343,51.6556686714466
-88.9608377787463,131.127729014028,-16.5227883081971,-123.987067851383,1.19386659853626,2.24760098347178,599.173706441652,35.3734687974993
-132.289129141092,186.209185965461,-27.2911397803691,-140.683935349167,-12.0585051687376,7.71102899466678,1080.48515513243,36.9280759528629
-72.6350271381671,162.389212300404,-58.1164788172173,-163.694278819807,-5.64588873251341,7.35818380136334,529.312040385361,-5.05908731612726
-148.366676744838,137.053493559055,-32.4043789649295,-139.073508144604,-6.94744704163531,8.89745406362636,457.848409440247,59.1560673539207
-90.1405337025935,64.6741033579747,-35.384300034515,-81.9786641132305,5.52045363574871,8.24941559408035,173.997128432609,-52.4249797688681
-121.280574521552,98.046276308356,-37.9977484604315,-188.014843025579,-5.97643811364833,7.30091453478963,529.880348713192,95.8532054820171
-85.5275986058332,173.445653162984,-67.646742342884,-43.8666538951511,-11.9560379044851,6.27225746834483,496.571514576885,93.2422280883839
20.2808414392202,159.636735074469,-93.8846747260977,-122.890547880452,-1.07672877516598,6.79831301562081,935.513178200927,-170.26833390299
-171.219758091553,111.334831789393,-46.7031684545809,-168.215796830002,-0.304964641727565,5.78266514287679,876.458862749001,38.7883314094797
87.8674943007427,117.051572172284,-81.3811600151821,-122.372475447657,-11.1786079613084,7.01214881357373,719.693469401129,-103.111075510111
-66.3351243852812,212.069880488503,-78.7045209971257,-171.308293952636,-6.5266275525064,7.4701855693711,1219.678796184,-54.151444409521
112.495362853282,143.037806932258,-95.9523497498776,-217.00769070581,-17.8859252205584,2.88411777646979,525.661737060047,21.0705544826778
11.5838622025622,124.212953938993,-85.9531094294507,-90.843541875287,-0.00657713885448175,0.480320472910535,18.435557063669,44.5211973829719
-8.94591877956736,154.759610851012,-89.4421222849996,-120.081147268313,6.73360201101605,4.31143114835868,941.808197854869,-116.948831328111
-27.903520689666,223.926774058986,-71.5269692422808,-82.785976308056,-10.5364772021712,3.87999254435999,481.048828975327,16.8398171024164
-56.9676955035538,177.189439307578,-55.3278220650609,-237.785134370803,-16.3019468631683,4.89375805815196,213.640236757201,138.129488883409
-70.0234869911219,24.7673150088813,-56.9082549591985,-137.587026469551,8.93439424689586,2.05958425782228,63.5859913485911,20.5343753277848
61.7538462779485,174.346108799626,-89.5616046976829,-157.848425324468,-2.31769703137979,6.45753730163779,-157.869676051545,-63.3784794327075
-16.6232578659256,139.399378342263,-76.9720842751412,-86.8978358471613,-12.7171154873504,7.80357675947016,507.084159722217,25.3385012932413
16.3479451867679,172.656394088845,-75.4646962615343,-143.811672223166,-18.4303931619215,5.22464158970979,259.613819208389,85.6092108490702
-33.9112865006609,81.6083336018346,-56.7641034016997,-66.1949443158155,-1.98529841814889,7.20195647482615,943.334119371808,-86.2427000692187
-11.6614517361122,117.561585229232,-68.1656806723186,-106.044065720023,-10.7283028082311,3.3966494716733,105.462101157573,100.629104666128
61.9173289749451,61.50513103306,-66.7584772767441,-18.1119690737496,0.44438223011457,5.22740809853713,471.74996005233,-93.3743880787952
-260.790788386119,120.296601721086,3.35811091161304,-77.9609090544982,-0.983761845651316,4.02507229795447,284.548054118161,167.559682039457
-92.7111860814839,101.249768310197,-30.1265744389802,-168.345828201971,1.34024702194438,3.63443442414155,523.191236520797,81.6101163608982
-168.123899275583,124.272368601047,-48.5204529014154,-174.782844420712,2.68583519162348,8.5386259332081,977.183960972805,-16.7188617346983
100.339175196365,130.506463124388,-97.7843938651786,-98.7573984867049,2.62638429919025,6.14606537908548,373.849352562265,-119.259910985274
-90.8865997341636,52.2685085945122,-23.5419155389827,-210.01637366059,9.68955165354419,7.00632460965426,1047.14723405093,23.8549872457515
-120.714336425164,81.4461883960903,-45.3444018771988,-130.792667334157,15.1815168429021,0.996689457359025,605.053261485664,-68.4129411397735
166.841675025149,100.781576928479,-79.7077343598939,-200.681875559276,4.65603799295786,-0.172753255319549,-205.762215728057,-121.930119513816
-91.7756006746895,159.313297369576,-40.0080900108005,-303.404637081563,-8.06314580989419,6.29313116389676,455.483186865497,38.8320988372652
376.496257113758,227.462677718733,-122.8207929942,-76.9413451995788,-6.74496827172698,1.82757618819596,334.584417624763,-78.0471145800075
-197.94087320703,177.155575784209,-66.6781123515902,-157.481231914964,-2.51763698997092,3.7626429413358,510.603455895041,-76.213180239778
-55.9639713466822,79.8913100673162,-51.8636332764145,-135.739262243431,4.64156574154913,2.39273977489211,1107.69821321047,-75.1640983010875
-279.88111896442,49.0810724570474,-25.4657519808752,-4.78757230108022,5.72737082240928,4.29745107455824,290.963137938597,54.4859978790337
-59.24461655294,61.5424244976166,-20.039387694982,-142.494229491102,15.9911436788716,3.75797184853582,711.863040847082,-47.8125419165299
23.2995682289475,183.143562465673,-98.3940996493184,-183.712193842741,5.71880865998537,0.0815265011333395,-98.2729655983858,-95.3567828250598
-27.2259728295758,90.9177805283689,-43.5522988407738,-154.836798224715,2.39290417421944,4.61052824478247,662.051707137674,-37.0971121878538
-76.5817556282782,32.6962124647398,-32.7751416429237,-60.8504036812697,9.3189803223795,5.40747546305647,1071.52449154676,-27.2242741267546
-197.977665735998,202.985190226173,-19.0790211717685,-185.644307919141,3.56475412707005,3.90024713930325,1600.93223068072,-1.5906190937967
53.8095439103345,120.542181179044,-53.4742897390388,-40.8511041125143,2.35940004627628,8.05042241611227,45.4901533058874,6.49142722273973
-133.397001798308,103.213522006525,-32.0803821169829,-24.2509989793543,-1.12700534304531,3.39296513416775,860.280175197113,11.1663242180257
-140.717378150162,97.6179454531521,-29.6040484192781,-172.565225083901,-0.612720095086843,6.02678399351862,785.949496155808,22.8216456245573
-44.9267172998952,104.567295645917,-18.2354096709314,-118.552200834802,18.9943669276545,4.89890939534598,554.685566743938,-72.3638115213471
95.7524497683917,109.775756342002,-79.6198838794589,-188.784222565417,-8.1002750871121,3.06670227658469,-312.466495958652,5.88101981948421
74.0361746890121,192.628242225561,-106.902392212971,-149.972779221294,-8.90516439152998,10.014267905859,150.781816372823,-114.91752796626
203.226331624872,25.8482971594349,-60.9181790741859,-99.2079966766905,2.71711028157733,-0.955993119481718,-330.375072513198,-21.466385535613
-20.3709596444169,99.8121137453418,-30.7129414786468,-56.1731779234542,9.6035980383167,0.752563749003457,136.951886111987,-62.531942264839
-95.3012589982245,65.5322657486249,-42.342557229983,-63.1332526361948,-8.03213809990848,5.08269803540315,663.129403996303,28.9129164828046
53.548996557598,126.762743110841,-65.4203815477231,-154.044935407437,15.9913105813321,5.26355090501602,-24.0854258705513,-186.753793800684
-166.123664659492,76.187782061621,5.85292667805334,-90.4956580768921,10.5664518990307,1.36381744785467,914.991084136622,-46.9819151503034
-46.9434770085163,30.5995851133339,-41.5338192481049,-155.491577051172,1.74788386988803,1.2269916911755,534.864453665068,-87.2776825847395
-74.6676106089217,58.862365975554,-34.7524043166195,-75.7392989382606,10.4872392316975,3.236778828963,1105.05747772565,-86.2305208263278
-52.0387651706405,128.299146385099,-35.0157222369671,-266.579527698872,-0.362993192102294,2.66583089799678,105.960011510866,19.7014160992403
-41.3487860103887,145.977563678243,-43.8688712025178,-163.789862072794,-2.87558504575281,0.173632988698955,1016.1605671012,32.8016931255006
-425.889480642174,108.600798531243,-45.6297288772766,-112.15572193668,-15.2162858301072,4.88838521725484,772.184984973603,27.2511749811965
-115.032018179707,120.76635491159,-56.6188453831564,-161.694410962045,6.68164451336634,2.15304323044256,160.986517406098,-53.8960127635692
-158.916216491169,145.516468991555,-38.6301888101279,-170.186940863408,26.6603197318764,-0.713369252154735,171.482850430082,-126.04340554314
-729.57543205531,96.703338240819,-9.7376338008944,3.37819283427643,19.2040620308326,7.15333691462001,613.831628390151,-27.5314274996672
19.9381744697166,45.0513101872111,-83.5888136775447,-42.8669918156629,6.26870836703165,1.08213639650057,-66.2370916102082,2.30013488324039
-95.7316169652768,156.689476020198,-55.4013765375421,-107.239794466965,1.92789657134199,5.50762905704323,521.8758394654,-17.056294836977
-451.152446873297,176.449734972717,-45.3133451471222,-197.322697364682,14.5602708013757,5.72108573761943,571.392631733033,-159.603921421673
-88.8615532159638,125.57857092531,-36.3372823890822,-168.705396952351,-6.45615574024851,4.5342026034341,1124.08996489978,23.1178464843251
-349.710220673733,16.6899632782988,-31.54172860783,-142.410725728405,12.8996473834595,5.57811671771924,1051.79935731766,-53.0347965069232
-20.2391697663988,158.363083126562,-71.7244380252014,-143.620313668944,-4.11774899266311,2.30106730857369,789.328028970653,-69.1151108262129
33.8543039513752,140.088789698351,-85.3510366051487,-121.988066541981,-10.1374538026903,7.39480484380329,876.146743771362,-63.3944395577946
17.8304130950346,102.433472531935,-73.8878450769262,-108.212534909107,11.023928261804,6.66896352516778,201.0469336928,-179.163773113338
-165.618984739755,123.463545445615,-76.3481336550394,-111.825372450287,-5.60487980770995,9.09686355084705,600.969861965834,-30.4168348211533
-99.7702472536184,151.676534377155,-71.3592299297161,-233.42261865818,-10.3865090213912,4.63441713672364,559.267858282832,-55.120353059101
105.246455998211,42.5315006791207,-73.3250836054103,-106.86954679864,-3.10096663855802,5.05458799241751,-165.790472508772,-12.6958020554302
-3.62692100839922,78.4798654652295,-62.4862987870147,-95.1371057770157,-1.19236798957718,4.0404576229048,272.096724480565,-8.8755030495231
-59.0247072966818,64.7810905843799,-35.9555107131964,-37.610522474155,-5.51865462399292,5.23762973174598,648.907847126982,8.79161656838551
-98.7405044883199,99.9417832831823,-30.832867921381,-103.080095900848,-2.95792741644254,6.31757147639291,565.499698727013,17.0130701974922
1.92766508835484,63.5056284998718,-48.3443601335021,-6.71091730939952,-7.9545167082033,4.47794002760202,67.0036358980433,-3.17566210516088
41.6911953560411,115.697837530621,-60.4697242971961,-77.6920674944413,-0.263706612371607,5.31329212596756,449.754793861825,-47.6826775890222
72.2177495680444,86.634655052203,-65.837984949263,-127.118909670524,-5.35143293476722,5.0254195437301,659.625851525147,-38.1676018647122
-12.8506251315121,78.7666899871256,-54.9005656597583,-107.248199544226,-9.34064812067663,5.3434738717624,438.772231757845,77.0449851318936
-39.2408198854391,147.418733671944,-60.4606289907133,-102.49878158854,-10.6488662502379,5.96579176839441,493.798030818471,45.7406564944904
-97.3633701232375,133.195815701562,-37.7687765369374,-177.445152084547,-3.42459196399068,6.60147599605261,544.327790195006,-4.11761790129822
-18.1321408264339,67.9166058370465,-64.474735037089,-53.6559713142633,-3.55075081432005,6.53712406884006,658.940594641288,-62.1111081160816
-57.133545081424,60.5851925376192,-39.9397174201149,-78.8167420300888,-3.72444324224489,2.8498004146677,357.444607908274,-5.72859548704582
-81.8118685073132,63.8297678902491,-43.5980386594165,-11.8376071947278,0.974918660896947,7.69913543334405,507.080966104884,-6.81150731544039
146.433721869776,21.6308417769724,-109.381309523968,-60.0628126299807,2.72965112287784,2.37614892300917,-142.498673519294,-108.989237426627
-179.469430528668,179.49679864652,-64.9663397325348,-203.354220726942,14.3564955024926,-3.15182037308114,878.805024764595,16.1494208998629
-65.8649340383181,127.669621567082,-25.4382046699175,-125.371640340629,1.52900295355357,1.20151912135043,-257.392598122038,-10.8807379243081
-124.838203191444,4.06029580605536,-53.4681589534957,-30.0784247827542,10.0961993343008,9.23694749305469,974.08803228402,-165.545979873452
-12.1022262495899,48.5347219841346,-75.7988629231695,-125.794551522296,2.89123604213091,-3.93259310595749,-313.965562368496,86.5676845917624
25.4791993574909,82.5278248870236,-55.0879325898131,-84.2735642125772,18.5262439191938,1.75007010213449,1173.93087743979,-191.765914909483
6.22169841418508,65.1910262324163,-24.8861390945749,-104.15723039773,0.989711853355402,4.07544704584143,294.446359395006,-56.8286367484252
-307.845580217472,25.9973255953955,3.22010036889696,-123.304814043004,20.9300211542723,8.53668987403216,734.981191110986,3.11478267473285
-188.447939841193,111.136532714161,-8.62522745302704,-106.686578115899,16.9419175568692,2.47469377460402,433.585829080796,12.9726247437357
-79.3497636715765,77.5896606026072,-31.708812963152,-190.612090905459,7.38707639988934,4.6626285207094,445.144143685502,-40.0259534463548
-281.645050526684,109.729509453726,-13.6515657628333,-130.825532499061,15.9543562785911,0.281276922789402,-50.6849549590843,7.18690451749717
-60.2876528087363,148.195604756096,-86.0271148349857,-228.737062528249,11.1506028975418,-0.472470846165379,114.930747245875,-93.64067093622
-84.5603192244598,52.422675154332,-56.7186663475877,-145.311205393227,8.59762868395774,4.39059000845282,563.952491310294,-110.696106734365
-310.74502983843,123.223682960943,-49.1699901157917,-149.898469481705,4.46958156114852,8.28390182441217,1386.74664190426,-34.4307676504977
29.6092325770005,204.134363451683,-67.1802239203535,-222.892494726228,-14.6804679947236,5.95953243298572,20.3872167538793,66.5968543327326
44.945530770874,43.5826162066078,-40.2544440450711,-181.848622993064,-1.91515778675966,-0.739397062439821,22.8449514349013,60.9524421357492
-221.462902408879,74.360185790676,-17.7181172329729,-91.905872890271,8.24649432815204,5.44396247249097,378.578334183185,-20.4129680206388
-86.1424831121403,48.3485560862464,-30.7011428405749,-64.7950106472272,5.81234989326913,3.52004964639855,242.200164809212,13.9911333612108
-48.1644675253337,78.5336777576304,-55.9348397363501,-115.945811957397,-1.86914675730804,4.22717332355387,617.012461210863,-13.9811643352004
-74.1359297808212,149.255416436994,-44.1758425736625,-191.585131772343,7.01689836653532,-1.07755184071721,556.586541670411,-42.3926113039252
-257.882561437396,186.15546922166,-26.4847572923318,-157.209766929913,-3.2367379060388,6.13154510696404,691.504315418017,114.414998513836
-266.154384361511,210.790615821403,-57.6924013922107,-190.140054165575,5.14089888415037,3.91016420384403,686.359697471453,-72.2738350717482
-18.783656223557,45.2169343073983,-58.2397252859009,7.04532680519333,-6.36291605675069,8.54212808334705,822.779902431954,-50.4366709359165
77.028372709432,191.935054585192,-75.3968861477406,-270.706848841182,0.654858619540391,1.67357456297759,-554.185501711916,-17.5000714655489
21.3801413485053,41.9018379829358,-45.6019142290988,-84.1575278382879,23.5906977549748,3.75861961888586,203.652735204261,-45.5646666813627
-195.440701844898,147.693499882851,-14.2371963318292,-87.2728421290813,1.04630241330597,3.39365974543034,462.561235325324,28.0663562802365
-153.483577602878,136.32770263336,-38.9549956426345,-119.855241571582,2.89146563605755,3.48768906694022,81.4530111043496,8.9651518437604
59.8963961835252,168.115708988276,-76.9537950559752,-102.950676907767,13.3386392876605,4.43116909750097,408.167851309408,-209.873232515863
-9.83303372864611,41.758343712645,-34.185968867685,-173.255566524254,13.5929486682289,3.18493287032834,773.592588594525,-53.7105031060055
-30.1114653128316,39.5158300931071,-27.4439883745654,-53.263050489506,4.63045148377205,3.69395802327199,347.536528910379,-44.7719075016248
-94.5522280908044,48.9235390404792,-30.1898127189197,-82.60142682882,18.0860948941772,2.43812218673702,73.378957879846,-123.270573342394
-98.0361342480319,27.3106544909242,-46.6513206835516,-28.0833691729349,2.65869881631806,2.79691258318189,265.717932136477,-32.1644590368887
77.02539163031,101.085116548013,-55.1731873778917,-141.453768010164,2.72616025491152,5.760633515878,625.401534145203,-110.235175887479
-88.9153717553199,103.968327748385,-28.4290785382545,-56.574724975173,-11.375570866865,5.66723627624742,147.46649916668,112.65486890007
95.8985256352462,151.080540045645,-90.4751530591748,-169.110710063365,-8.00664756348124,4.73157157585956,377.158092832222,-48.989450348352
110.938606155309,67.4503610346369,-85.5471626944782,-134.859535415533,-14.8343215748037,6.9289703675895,535.357174839392,-46.414670205173
27.7841164978163,217.578539942726,-50.214664508414,-142.241386537935,14.0183848275628,3.39667715744781,988.649183792324,-121.233547109587
34.8572993082344,144.560079966963,-42.9969287923595,-149.095497496601,-9.39378764039429,2.89147452108227,257.545849003654,27.9313255258021
62.455069104647,50.2356117340823,-69.169026000789,-156.387917024913,17.8683546284446,0.853650277320412,206.365363843201,-104.708948504107
-82.2271571650035,101.749841061637,-42.446533698876,-77.8768230577043,-0.343070598712075,7.26263121132797,448.393789271766,-40.1258383571985
-4.04591338636601,95.3094374570646,-79.0939876139746,-81.5767371864476,-0.228664452011799,7.13655425953039,360.416957271172,-122.02240795442
-30.6577615626593,46.091349555747,-40.2997634404783,-179.236592821195,4.34621487680124,3.43088314001216,670.842955830612,-15.6918132963619
77.3281223465092,101.330208447107,-52.5240738756838,-148.246031318617,-2.16692713194061,3.02723714181775,20.7259809370444,-4.95472316190717
-60.9048397419829,198.455209641481,-58.1281592304822,-198.010169174107,-6.59267204370553,4.27940508797474,-52.5146092555806,47.8554937716108
-0.220898874420527,133.843379331942,-53.0346445884206,-184.922509447482,-1.31770171398239,4.62911631196039,576.518625399913,-67.3027117113525
-131.836115018727,68.1262890876824,-30.6071367594122,-13.5089876962011,8.10045532970253,3.24781664378679,105.804896447149,-19.719021460216
-55.3420571974129,76.2862932964254,-29.2249191229639,-59.1882197660452,7.37178793414932,0.744523403860512,460.465594444104,-8.23285322597076
-32.1837446472928,9.679596086331,-43.2112661870233,-129.670888749506,-1.84667841541523,6.09652108000591,554.92189750394,42.8195765959972
-168.526118636935,143.002178824478,-16.952939631854,-213.585072500224,9.66331503345282,3.75121452017629,195.682353763288,-34.9595167714797
-18.4564527993862,74.4276189388765,-35.5484556122537,-127.888272927114,-10.116003654708,3.2138000218838,153.523085344637,70.913040609099
-270.260490378409,33.8855598451119,-1.16086235807597,-91.3792526295947,11.4519517576991,5.35009229219577,1349.00531080073,-20.821942923154
-307.461132166398,131.815349015211,-30.7693626695873,-74.8854944547347,7.52551990030042,6.17137086656294,1234.37184068664,-35.2480149290859
-119.22316870722,183.964874507663,-69.8360921614221,-195.762858743954,-3.9193120355867,5.73434342363907,483.80156525757,-40.0558028870764
-317.303124019716,110.025516939844,-26.2652148997076,-109.713079931258,13.7850388043662,1.74567859474337,366.738915228299,49.2581357506606
-371.804734257166,106.115987749508,-0.0352176177875663,-107.146709282979,-1.87187503675523,5.30838922370776,385.715116896012,115.15838833325
-154.964785081043,144.119281632826,-37.7922080446297,-100.982466507034,-3.30312814264926,5.62567375400977,425.163815204636,-34.8432876131847
206.234925661644,164.645506131783,-51.6188207460364,-202.36410320428,-3.65297314368945,3.82988472400757,96.9204494845471,-9.85349543059419
-310.05954960169,101.767359476591,-8.87300635071006,-177.030886758279,8.93430655816337,4.0805480570175,1211.67509722902,43.7860750213731
-309.183768352232,0.311900889035314,-62.5604885630673,-116.855850554784,10.0156165671287,7.30440655784332,914.428215924709,-149.155220622808
-98.4606217270193,85.3221107142017,-27.2643832538524,-78.8574588058036,4.42789735193674,3.74487225049597,1055.23424305877,-52.9740040019387
45.5143092231738,70.0382396349014,-34.4929021702701,-54.7422145950723,0.350094117857225,2.80432947140071,174.234909582054,1.27514378348133
-42.8012850842497,242.355051044316,-48.1947037114296,-251.275573025865,-19.0448155112972,2.06765896936122,81.2885335053143,225.523173090376
-40.6760748058732,166.797940472308,-82.138755710821,-198.603532663416,12.3349180173827,6.55110676855111,745.328019373512,-176.997790326313
-281.161671681803,88.2824977262135,-16.5697804499505,-206.135163275729,5.8360281605419,3.03790978698817,149.035560439479,7.0039503527878
-92.1953158401157,31.6294294044928,-26.0693525964016,-54.0209670356853,1.51785754215962,7.02613942332391,435.268542398553,7.46701623777335
-3.83905533659708,67.3476153629999,-43.1896797364316,-83.451854687024,16.4212674485316,-2.48575525679917,965.050412953373,-88.5728532961075
-161.80398918623,68.7420729692785,-28.1876005351369,-174.991575883294,-6.15596969994658,7.25651478000145,96.9129221700859,0.380631941465253
-255.146260915179,60.7248255233571,-16.9478686870571,-96.6920125550205,5.09152979189093,6.38564426303492,626.651723541581,-105.282326332992
-135.3515704401,151.388472201419,-32.2181835298761,-64.6636053599905,-11.3453888191398,7.461155814628,474.242329799483,43.3870485236948
-73.2031583364005,106.30008386384,-37.5871421137381,-174.579001984792,3.64909045385139,2.80029364563234,433.236352447035,-53.458548255584
251.438905990362,79.8473753762919,-63.1930458357529,-114.036874692327,24.5234176726444,1.19775228378057,-605.81507379096,-145.874467725982
-206.384358608033,64.5367788227741,-18.133720768556,-125.241020813966,11.3264709241193,6.81021137427888,780.370445356813,-99.6592892696058
113.303371486138,61.8745130465868,-96.5816591441981,-156.009840800289,11.2616794052301,0.155947732709137,541.944300065254,-66.9828018005646
-104.94465663044,200.656561078707,-49.3216828675068,-311.974281359056,24.5973120721465,-1.62463091318932,386.289584944985,-174.24067378886
-125.470917034807,82.1896830010228,-5.46628990460886,-105.952273555973,4.46443807140167,1.03984706076881,335.134831571399,15.0107776281548
-150.49630255159,34.4199199943978,-47.940149912142,-75.2469459827407,16.8858352912066,3.07799471521867,90.5023432305024,-53.5436245306901
14.7448270085224,37.3168253941476,-37.7881215180823,-95.1146312065248,3.66748993218062,3.5724282148185,219.298733434428,-5.64482302852412
-50.2937756979009,141.86874958995,-42.1387425840803,-157.417767438601,5.3045347926527,3.08199515476008,323.136236464969,46.2689170309604
-238.208524976151,106.010721136205,-26.0947101239944,-113.425021605188,9.54010732521419,8.07236454669328,1403.79575560367,-70.5828854319552
-73.4877190642583,58.4909003137291,-35.1542973270116,-76.5011606746702,-5.9500789753547,7.56928897951002,530.56431787106,20.6832211722503
-227.920307599517,126.972484120954,-23.4258713680116,-166.203207023646,15.0740977871901,2.80596827006229,543.887717565725,-50.293908959371
-107.138498409287,-0.450821127720701,-39.6132463061949,-55.3539841769889,4.97007729600591,6.1563741147329,554.394986322739,-56.9539797014804
-143.938726346125,76.2079234872072,-47.5089153570589,-51.192449709939,11.5770915034154,7.39029634998587,304.38517631172,-70.4636646891795
-172.486160896311,145.851049092074,-9.85904163538362,-144.346212945568,-8.15347016214582,3.20766112622368,625.9086682782,65.0663550975441
20.1658283866127,53.0566708902643,-42.6165796896239,-103.013148252212,-5.60039082782168,4.27471626635815,58.8420300155631,23.1882888626933
-12.952106379933,44.3480547677318,-16.1155241537053,-58.3210196233667,4.53355112907593,4.70223342872123,606.333709324157,-11.8825041011032
-285.131574449959,123.25533919892,8.19004411916831,-279.657596159814,12.7491916806539,1.94667953592102,683.688960453219,23.9979328983172
-474.503690093203,109.759581386359,-5.47805146625615,-78.7166809378132,18.9737959221748,6.00870627633412,769.802540654142,-94.2041149495235
5.24621011120325,114.904621539812,-50.5473260996951,-156.990819971572,11.0053067517074,4.15911642674473,295.432775798094,-10.1014323401541
-306.155889696303,48.645913721517,-65.2742294018399,16.2071167382819,24.3272425424511,1.93525114579825,-131.728818362926,-161.437534998287
-423.238008855569,63.0766579933916,-35.9046771634021,-13.2075744104513,19.173183265133,2.71187812372227,-261.279470169247,-96.3587385102655
-24.5609485890018,90.1096001333499,-13.1049373051937,-78.8963268516964,-1.58118013290732,5.66950506726789,828.460076690448,-7.94992822199129
-4.01942156240693,101.271926573334,-56.4277548812825,-169.731920710765,1.31992726919998,3.1499346094497,217.555646066252,-39.3363226165966
27.7783096532803,154.602995928144,-42.4560395751323,-212.153614472889,-1.38446869116524,3.4918567501154,296.714863177331,-19.3699196714533
-178.228837858653,125.83137605706,-46.0476481259102,-170.338873269167,6.38326817796042,3.83483276520928,633.818098935351,-180.506910896569
77.4889302708907,125.834128241404,-101.05056266686,-119.472300850801,3.57771342135675,4.48523524516713,388.818475799235,-174.598102761374
53.1516366716241,144.884135997541,-54.0082655452425,-193.89678479913,-12.5194777873876,4.81844020082644,153.336493415351,51.5166260069818
-181.539959010348,62.6509704738128,-55.4186899497872,-162.053504052019,2.23581141766135,4.86949613188335,436.120251054686,-93.0792989823531
96.1566192396858,82.3608273575956,-13.920156587079,-119.807151251429,-5.55038961282116,3.29140362958424,676.267712887377,34.2741501089222
-113.916513546551,31.7408680411027,-35.3062727201614,-91.6298241789045,-4.72159592022945,3.80627854319755,40.5662330476916,77.2677598855807
-147.874903702532,46.5318796082802,-41.4236793777236,-164.305784066881,-3.23448476794874,6.37037600536132,1049.35654507621,60.1022500278123
-72.463218238976,41.7720346909482,-38.3925329255726,-88.1196596741465,11.0087111333996,3.23911208072968,531.387200664212,-64.3590916590474
5.70476544643316,14.5099289070567,-50.2040765580387,-51.911767345664,14.9973601584279,2.86371895381308,8.77883911491517,-118.127847584954
-150.349643552938,111.158678265209,-36.3854406643368,-134.513110506523,-10.2941968546947,3.26564429036807,616.889920227382,85.6565941303998
8.02402780558623,77.2747456050711,-60.7117343991558,-96.5119097171264,2.28699619183317,4.13479269928939,546.94923970355,-70.5568786415097
-153.902029550889,99.6243198146258,-32.5423602224619,-78.947099647572,3.22588240986806,1.99036299725412,975.231391789577,-1.90813217146206
7.5745799827273,46.6451747101892,-50.3280332636077,-104.514559306846,18.6908089551616,-1.18819410480501,-966.888671808464,-68.5071733530494
-310.657514921913,52.0159244271053,-33.375924508422,-43.206605821324,-1.67532689797372,1.77229227189673,468.249094883548,67.4926279081701
-222.107154869009,117.212244276656,-18.905209530014,-193.818801403104,-4.00386430390063,5.85524219951185,894.742252593336,91.1359644683253
10.9693789828234,147.596689772618,-32.928675793868,-114.023704221036,4.77759707972291,3.54883764426631,293.199190586398,-48.6280686363316
67.1421292562445,57.734939062866,-70.3859398905188,-108.382851919492,12.811792417473,-0.360129365610192,314.31534102626,-131.193124316578
-217.863208443603,72.0424511769452,-7.90492506863666,-119.236825563141,8.68491890376754,5.76044530810032,166.509711213614,37.0500258866523
-166.389592325315,107.891645308584,-35.0477759132264,-128.249295403279,-2.74090660136426,3.27749472652431,668.12447739765,34.2798458030084
-292.013718185699,158.15428165879,-65.9361417259061,-117.290058948682,8.66064830450341,1.93695004182518,81.7947920050356,12.1767564261172
-195.78618055379,34.4658974289923,-12.1569406404014,-180.973096310656,4.92205241483316,5.51023218131741,792.916317581723,-64.11560233825
-543.372787347926,96.4814689691266,-31.0864215298061,-176.645397679764,8.68533812621536,3.79554642224684,-259.912783983833,59.743124145738
-67.3911295953149,113.02376982545,-9.9886981863383,-129.493724385513,-3.11653349479457,2.40845428992179,449.375525396335,68.955792848632
212.586208392211,97.3993122495303,-60.3458732353756,-101.188149838839,-15.0772575470328,4.11609701069392,438.126998379958,14.1728345687297
-3.9571539585304,29.1554368429024,-57.95381943963,-89.475913071572,1.36144434113521,3.51903224483249,672.182830038786,-4.51050283582299
33.1177239981625,81.3908606599362,-55.1138869271817,-44.7607215210392,6.43230431181291,1.33691929807537,-211.750208762372,-80.9535981028166
-150.228114263011,71.6349075800681,-61.0118136597112,-120.655999930904,-19.3052411317767,5.03172254741366,-324.618865564735,103.562383127588
-109.496237940812,143.206165166339,-45.319625239008,-128.284894257835,-4.2611077105139,9.50460958283657,786.104137542628,-51.8047635022385
66.0489324349619,66.3018724614412,-40.1751275149581,-48.3555981370155,-1.9300120655098,2.89216346340618,426.051455727778,-24.2619094968104
18.272760373613,87.0655408640996,-29.2353728909557,-84.6535653290775,3.80312749664881,2.4457707544716,776.332942129695,-34.319318900032
-166.394625621382,144.665518341579,-6.69381429468922,-195.431533002484,10.7832613700375,2.02309757296462,775.823198110142,-4.79541394751868
51.4127193786553,108.206689440682,-55.3127973972005,-152.631685138418,0.769626884401077,2.25160842238984,162.385830449595,-70.2451329036558
-30.0781752230832,163.95152021962,-53.3906207499458,-135.892257466883,-8.52605516776384,4.54490600201825,416.463087558033,-26.1386981043324
-53.5579362457211,164.228572115244,-70.3487479029945,-175.532409024279,-8.87740924122772,7.17730163026135,258.69937704601,-92.5427708567804
-32.3080292684899,111.503158586842,-96.5092114802101,-204.245782795886,-0.61491425576969,3.7506510282019,-139.263797910608,22.2418491417338
33.5182294667902,92.0984289409316,-51.4282785366522,-54.6210792282509,3.08817531603927,2.29845158376338,124.591418572512,3.56423020886723
-80.6273487703365,209.627985046318,-75.7925137684829,-99.3964310001902,3.28910123370588,2.55605469793954,438.775997011107,-32.984380058464
117.938187412178,123.405876798752,-92.402679499326,-155.317722528998,-3.33984958141809,1.40984931036655,541.209516199029,-72.2585303585583
-51.8580710886772,147.411853006481,-50.6742870807448,-160.768575804454,-6.16315915956511,4.6146162491159,34.5084973232806,79.6035979342269
-192.879941733336,205.226304907817,-55.7240897201032,-128.93070564849,-13.9273218234302,7.78185359298368,413.03013677572,57.3197091235998
0.311798251717846,33.4295617372845,-71.9251890014348,-21.6755815066426,7.77691518384381,3.33633682342042,-163.116441797523,-71.5921365006507
-144.089616065548,152.464976073185,-60.3776955190842,-58.9536126722014,9.77863597396936,7.80084139842074,707.678204671061,-92.0880814500124
83.4911312048571,102.505718216402,-63.7384157475608,-127.01721179836,-4.95522034853639,2.05305953361676,92.4261946756305,-36.884929292195
36.3976959834108,63.3333186262171,-87.8163670464273,-86.0730178362865,-7.88181226694724,4.86876652634237,764.634164019284,-61.2927080354129
30.1646262500144,188.693371939793,-92.3946709767406,-161.186259551635,-15.4717292452624,8.21391229994333,226.242366235383,39.1208296903642
-90.81236220336,233.723296703043,-51.0459024646552,-138.584108141353,-10.4668157821143,6.132541141822,916.961938884167,76.7024625218328
40.940207061125,205.403780467685,-51.6104796513682,-136.041015457187,-4.80874026493984,3.92809874787417,541.718139401055,65.5068274014047
-222.93998312566,115.435534149266,-39.7694712912344,-153.532085814933,-11.4606828858377,6.07120897465211,552.313748292525,50.8257863301442
-159.598836919809,105.372361587133,-69.3383719015837,-115.103559487499,0.450595957896439,3.69766040559625,922.897303265228,-9.35648211621037
8.23398393183015,103.301707454688,-51.1287065491051,-106.089435167305,10.032092284906,6.21239405000233,782.918690447957,-98.2060194904916
-331.635254064615,30.9726896433785,-37.4636990505533,-23.0042444530263,7.17103881268486,-0.0367928388877772,-223.038991821828,27.2199253083381
-12.3065421091524,169.195603524582,-55.0850184398005,-187.04196109266,1.11253057741123,2.61640126159182,302.32338806412,3.0265894572367
-15.5418285345077,113.529391892214,-9.21293670378509,-159.919839201466,17.6511875581418,2.01988393545616,978.712396817878,-102.19568519092
-92.4171107655566,115.63793728553,-23.7662938269459,-233.328845494747,18.2436632472672,3.75044425929809,208.142821328089,-83.1319647792552
-112.582612660168,114.913978410535,-18.2244338780583,-172.829896049836,15.3115885380084,-0.505691980579286,-594.47753384801,27.8839412023081
-95.1465254233699,135.337630874805,-37.182709380053,-101.894683343722,-8.9164086354358,7.67411474009714,977.017950875015,27.7265766605196
79.4200050764157,83.4141893672931,-80.2843558709537,-108.771240918039,-11.0836413128563,8.28518051945866,283.490487827337,-71.3105834411763
58.959500569048,98.3440941072877,-102.431692685705,-127.686996328703,-16.0897905638267,10.6974321326197,399.746539206339,-3.29670750291552
-42.4063905993535,87.9053208675759,-69.1012636642845,-156.23795100367,-2.65373030853837,4.8826017826168,819.324081668652,3.99313082724984
-130.701645249683,134.075092390583,-43.9372305138895,-104.060906545492,-2.62103376860614,7.65474338183412,808.684914007768,-5.7738941692005
-29.2133202055702,53.6930358066456,-36.9827955671617,-107.707832597254,-4.59649870175781,3.1075682395749,213.762799847609,46.5584448139853
82.6942722972017,87.7812927700434,-62.259295606309,-88.3726545606769,-5.65162061115552,-0.058745322690811,165.140056950317,-31.4517475417524
-87.4119902950915,136.645385148677,-47.3530140208022,-157.022109663463,-2.37167173394118,6.38545411003724,808.35717488441,-40.3266737459198
-11.4761553795252,166.065120374187,-70.018521019585,-145.378290459843,-6.62648404540141,7.59008735947282,703.817030402362,-49.469818232843
-70.31686986368,97.6089301437823,-70.6049875178433,-89.3623373353839,-4.95327449157776,7.36860591717414,837.438160026975,12.3909451500804
-167.425890779719,77.0213609008788,-14.3704634433379,-144.967140313878,-3.23467985335446,4.97998297124286,751.518630287366,121.080197846823
-49.0307284500886,154.988076209738,-41.8273767597275,-190.814170485053,3.67712199754897,4.55017617534577,641.772871359091,-32.1355139514781
96.2984632169923,166.906703930668,-84.8620603691379,-95.724044970033,-8.83384533636854,0.496568779853988,-24.8714314014942,-6.01415837640525
-59.3835980392178,44.456772166297,-47.1062226780978,-69.9818842828463,0.590879613097059,0.116917324934548,412.989520100877,64.7148474672863
104.055754636414,59.5119068833301,-74.1797700666357,-40.5378771533142,-1.96002788956685,2.85638416635629,241.216167971594,-79.3377860031469
-15.5064403323631,48.6236017095216,-44.464835793573,-92.9797921644149,-4.72754257833003,7.41446022722266,298.641733803088,3.33719850915077
-137.316698766372,17.3795753776503,-15.5085517601292,-31.405792409987,5.3144065811357,4.52320676056843,177.482317872709,50.5942676371415
-172.252468401508,56.0100640705077,-12.5826887668809,-103.910217879238,0.592708200012567,7.00787672164734,775.341986454616,34.6577490422933
-53.7723544567707,108.965157194252,-56.7306844910181,-102.248400249755,-9.34122516920252,4.95008321206842,331.661503405725,24.702521730731
63.2007451786758,26.2264030454098,-59.8875223671275,-72.6799302756226,-6.89549899180201,3.46457242232282,106.220486189053,-26.4056341965552
46.1644037141714,68.8139378475316,-26.4930988087799,-117.432350882678,12.6122076347237,2.10070787748555,500.705362272187,-83.758068333379
-190.172112507556,37.8737443685895,-28.5344186394432,-158.548817364092,-0.763318567329407,5.83994870946162,330.520415043729,2.11305863568123
60.8069581066065,73.7474143359286,-54.5667687177047,-123.257006764412,0.256735661969287,2.22849720314844,-138.27315958745,-28.3245646139403
-115.576094085423,50.5484760970867,-53.068430462401,-43.7582379463784,5.71624842270103,1.87760094057285,727.446196375415,-5.53544399936072
-29.9315806559814,18.6135767085652,-50.9575564021943,-57.2853417890437,-3.6740438617071,7.1264814885144,413.485449960346,6.95698352069303
-111.529586563629,151.803548865428,-43.8704007552587,-70.2576644565561,-5.56453935257741,8.32274137571949,445.868637257328,24.2081204780479
-40.6371282530981,149.046797423784,-76.366350355529,-109.110326902184,0.736559355886129,4.2695125672617,1012.69809851873,-114.763394207519
-42.8231341347564,93.3742402174248,-37.3996884884546,-132.149475257524,-5.55508267050027,0.945011480325775,-25.2203513597415,88.5350000364706
51.1148870140169,90.9925200612342,-90.9387060634035,-88.2260175479314,-3.57645380288886,5.18784490643884,210.807869058917,-90.6473501357541
-13.2970385378285,144.125348130285,-65.276095965135,-164.94532314004,-15.9345658485545,9.90320785512449,742.782064967148,61.4583105812198
46.9212492314236,143.002220192004,-83.1310800836509,-140.047500847249,-12.7586916677028,4.61416959480266,168.510225007529,-32.5120346009244
-3.5732987513984,113.837273657642,-80.7304885256563,-188.049309232549,-3.0457630616138,5.58293577944278,83.9351945332965,8.00850072465983
-43.4684089770526,88.9194463927124,-41.7901040698198,-112.705055442275,-9.95493696157064,8.79450249754882,166.789561866477,44.5784792545091
-59.4987311279983,169.269937954072,-53.6837388968852,-130.123137512746,-8.86594277057156,1.48033141458291,430.417591001409,57.5592518651829
-74.2939808501978,67.5345852336031,-52.1995075177983,-66.0036038237668,-9.6930324476707,5.63270305289188,625.639690181006,104.119538991828
-75.6028386092948,110.025831985655,-92.0132413836982,-74.3931205607514,5.92637352082238,3.25471632668632,979.393451811557,-47.6017652010123
-90.5579598862096,155.915301392946,-58.6832423527667,-73.108173525623,1.44527751713758,4.94718092880794,550.562269069447,-23.2147995098203
-41.2336512449256,12.633571864335,-71.467448047275,6.3436020058798,-4.10673487632084,4.21648635409656,977.843696959957,34.980114375343
-15.3029295358792,92.0230728851602,-64.2472503893132,-147.837760359849,-1.83313760263263,5.71756050894328,761.814042320853,-24.51250594671
4.04764312820043,54.3466547094431,-66.4094530405418,-27.2355916749184,-3.65023222601303,6.49957451621594,368.676064958609,36.5035118455999
-31.7983147550112,127.729639988171,-66.4018880366566,-223.980338784284,-4.9303867448325,5.37281984876608,626.125197997608,-6.28648074455123
160.728023209245,188.463484619077,-125.99455565167,-269.742870714916,-16.97681712552,9.13764060693211,206.235203883334,-66.778942629011
-26.2443208512414,86.7391249871725,-52.019118790864,-73.8799041389866,-9.16553922009189,5.82824261796486,224.483927380614,25.2469586844672
-219.187469305172,100.932030676311,-38.1769500166738,-42.1283136802085,-6.48327715862251,4.80815356844687,1112.83768943278,124.760954193422
36.7359850864596,196.077076150861,-97.9975530677475,-61.3306697861408,-0.636109238781501,2.42227518661821,43.6448497344099,-34.8266833531816
38.5085719534691,106.788241727001,-68.781153150132,-59.522414933308,-4.13285149037256,6.58008761526617,132.290134876042,-63.3999055760505
-61.4464154789021,106.456729256111,-29.2765385092789,-140.8598213476,-5.15991690948795,2.85326923904722,401.013597039557,58.8758157938719
-27.5322851944366,118.436098357757,-54.5666928021237,-45.513479656016,-5.088927300254,3.6632192581892,30.8088093307997,85.9317037431611
-118.325683353323,186.029807152285,-45.3640904712902,-167.141755272532,-14.4306825452077,4.56827149077435,-479.890499218796,269.505069655133
1.34356411584304,211.092917272865,-61.3130639820592,-168.936624412352,-18.9130989500991,4.21087080423604,306.920670081221,10.6370018156013
-14.2935151090642,166.977151223138,-45.1984951842751,-202.30058016113,-11.3096584904561,2.29475667183215,591.241695295044,39.7100790195909
38.1373302582288,138.384614095128,-85.7785094517458,-108.699257994347,-1.32520362402829,7.77331115795096,330.945914884898,-122.570499323163
-60.2872796484771,167.628415388586,-63.1100603625819,-165.117710101433,-5.28687569296744,2.99596522463162,151.639937124535,53.5552536492632
-40.4721218580307,61.6582846123274,-31.7392998463911,-93.7894652000541,-8.03071597743201,0.634989702150051,122.926960778626,84.6262721017702
-118.080021472771,92.6348250884948,-29.596392937201,-135.303331214672,-6.87529843641096,4.30619194477913,346.702621795965,125.121892838957
-104.326442023215,106.856860670203,-37.2879479798139,-113.534325276865,-2.46096245745139,4.37428033810284,678.9264158851,34.0046424315806
-49.1515460934315,170.863750534118,-70.2495047254997,-291.797765138877,-16.7361508610775,8.30590748976101,295.685925308768,15.8330781764525
-14.7308949202725,59.3565030866012,-72.3842655300668,-109.505765662689,-15.4506544440046,7.97731834048318,722.850548364608,40.7345778860545
20.9818644612242,-8.69494366581785,-36.7009518782143,-101.211581440897,1.75306691400328,7.71115370721964,734.91143464304,-61.9208319274803
-303.30073907983,222.071326315872,-32.7982895331807,-110.645049843093,-2.19058187234623,9.46845626836148,928.660326801139,56.4111270418839
-28.4622299372859,156.803271803758,-60.8848017083656,-195.827826616925,-1.77911436962313,7.80239128079847,389.953110727191,-54.6234478015103
-108.941149161459,159.136768023396,-93.7159477665082,-86.0187951282569,7.76396369810027,6.15903381143289,582.474852333013,-76.5510842471849
2.81510223716032,90.9657041206124,-106.138974662237,-53.828171785688,-14.1170908262575,7.96743195750605,1022.71261642389,-20.6897353237182
-114.883457143296,84.4918255131197,-51.7757720922818,-107.996791992198,-12.5356857833613,6.10038623036235,249.499771010276,67.178834902028
-262.727677922996,131.427132796794,-22.8249898817485,-154.440803404868,5.43134110421033,2.08811065188638,368.800463612599,21.5606438175746
-50.0539114834864,46.623895696488,-31.8042525973142,13.0289298143762,2.96669771671441,7.02920229529263,809.748372482747,-62.8704321927216
-74.4138331414433,42.3285610258172,-53.8154064881965,-69.4579328443215,-5.31934248249308,7.01589111590874,686.055489349965,-90.7559044632944
-75.0461969099852,82.3727015913901,-79.7941103857011,-80.8059607547766,19.1181417929183,2.6148449303937,376.698821514467,-211.274682924097
-129.202286554922,145.147335500355,-30.0063689989256,-125.680266078041,0.213952039950527,4.39780744446034,-217.858332112897,-46.6789649526909
-31.7731349270334,117.652795190101,-67.3223511493998,-106.906032177038,-0.556245644504088,3.04243810092157,394.174556344518,-131.245689509873
-206.56116930065,114.403242382541,-43.2972283617419,-15.4875102149963,9.85072411605506,4.59264592373802,817.780614936491,-54.0788653689378
-195.282417143935,72.4163805041753,-54.5264034098254,-207.804801533479,6.47843526152064,6.0978695994927,33.5600596898876,-42.7084475968077
155.716729912179,159.927061326089,-52.2468300575929,-190.942723135522,8.77034356558215,2.31568646369851,85.1327309258195,-145.623129761509
-231.383552708769,88.508241299045,-3.3342218817379,-59.7078242610332,8.21581792547659,2.79809803270473,572.382269653361,19.9170349283377
-127.943146652309,99.4862178068797,-28.7750951346825,-91.5070901013387,18.4456671745938,2.30091989985885,34.452572718903,-33.2635218297874
9.61547865317698,57.8521060395215,-13.4538266601667,-143.091932501484,6.82546868936333,6.97368002388976,28.0441766910371,30.1325049270818
-175.738080576564,89.0607769688577,-50.9635273661697,-192.266260082564,-14.390975059061,3.41394984809085,-55.4553897235237,17.8996980811789
117.55429483339,52.8685348664148,-48.9550768926274,-99.2136493256185,-0.431669736688491,4.85978796420386,560.316659748467,-77.7848384869212
-23.5302667144779,52.0593710449248,-22.0829392843734,-102.340799175079,8.53265244289651,2.81696944931173,348.217904681282,-5.70728205356863
-136.240215484286,104.753238048826,-50.9860977040553,-111.489931718233,16.2399811749783,2.1238634386973,894.939173465609,-99.8674386917191
-60.7065010150327,52.1678854806523,-18.7406316022243,-92.9683011549932,-5.56533918931382,6.24043034476927,711.509193367237,6.90498528458556
-3.45520028774627,101.242868349284,-43.236221169238,-191.53964965709,9.8744315992808,0.325721628552856,208.692996272141,-77.7810613928305
7.78426871261217,3.10413299809443,-49.6159445845406,-121.31611973801,4.9675552339686,4.03250270975695,492.089819541625,-137.442727303423
-185.083056185445,141.598975722474,-43.4084538934549,-110.24839370892,-8.6319333891297,6.63017337588826,573.213947475728,-42.7188149965514
79.0875870566233,97.7364178915232,-66.0141595311579,-213.111720928806,-3.55017188877702,4.87608536338666,52.0790216230162,-100.415277332555
12.2817930420206,101.270292642708,-72.4788640783081,-74.9407133689397,10.8459503141057,5.88635882931703,343.487559614005,-120.505734266917
74.756981518658,113.611987650285,-78.2888339736091,-219.658132579265,-12.2911054637589,8.40921927129239,1257.91092113394,-60.2167888659096
-467.659762717522,109.804318929884,3.45377696121795,-143.171565848927,33.6899341344542,-1.49762668850599,446.902616774722,-39.2730587431142
-41.4080594941042,94.7411487145,-80.5143112138176,-138.074781069328,8.09958870260016,3.68212553906051,919.583335641422,-141.046120808693
-138.844994043007,63.193301564359,-23.6508322829322,-3.48154944572661,-5.08362682945153,5.71279508150474,318.468122024333,41.5908663430164
-101.373055378324,86.7461831601249,-58.2538367808738,-159.926150536223,20.8939592844208,4.72364906102121,-413.546433847456,-101.149018432225
-299.918187194868,235.445790990315,-39.5054542105572,-87.0738512884063,2.67698659721646,4.36293893166294,-127.596682245484,24.4174682314297
-297.517852673511,96.5735961172613,-66.3099887850403,-31.0321090325324,5.38475843078777,4.1988823392312,177.504637774939,-67.4055658139696
-256.058709330042,60.8953090752475,-72.726587938887,-145.517972094553,-0.0468354697659379,3.46385630022269,-49.3654927146163,-175.331490093033
89.5125253450251,141.870488915156,-126.560511092553,-146.653058465494,-6.88867464590294,4.21829867736233,692.196721386252,-124.511492591633
-126.196961863519,182.239449119836,-42.595365868634,-272.994608725734,4.6043359709729,3.81876710709184,341.291543866726,21.7401740341957
-194.515885321423,108.217539517733,-38.4523296037078,-68.0109572198271,3.65057318407344,6.16404265573874,277.235951176874,15.6287545879895
-98.9175474605745,77.8268099839916,-9.17366944725524,-183.322343184002,11.3310156517073,5.59973527445982,530.071791936294,-103.025560243652
-170.515996946764,32.5197872685167,-39.9020192612879,-0.245022992254235,-3.41960792129976,3.42324778618058,201.6760244878,77.8479875691119
-132.794212704412,31.6667005327108,-27.9034696111776,-77.5463295514055,13.9805605080037,2.18911508208839,205.755668710306,-31.6722933871497
-3.34355289774248,96.2736311115304,-66.3426614873897,-150.453295592102,-0.988660940929549,5.3566102528639,73.7252910898533,-16.7264194527525
89.973834526565,112.614945921378,-47.1775205484591,-112.122231862802,-4.76492673905159,4.72349842777476,357.428938825105,-37.1720168420543
-57.7735116637359,101.645262694801,-37.7080539068411,-131.718181340286,11.6931717106672,0.900975348333304,646.467294954811,-63.875436058428
31.4089154708199,103.652825873742,-69.1460748321551,-166.165658793732,-2.39543616547599,5.30435216989463,73.3019068564754,-7.85680047232017
-18.0531988245166,144.210380791159,-39.5803060198523,-141.598024980609,-5.200741175031,2.16731189491838,48.2057804191863,75.8810490512988
-61.9259459677323,38.4366309018187,-32.2049337463395,-48.8349404337278,-0.444297857422498,4.85539975840948,670.681373359686,-15.7150529854407
-75.6516937719643,5.75536528226803,-23.5637140009785,-70.6830545059784,1.10257441794965,2.18404141229985,309.628263088234,45.5605862410448
-49.2225904712031,37.2687425647455,-57.8460347524378,-40.6819293722801,0.75518834599643,2.93445049615548,577.842009058659,62.9986483030661
2.96254125895211,109.817721544081,-61.1506388047419,-148.755910875167,-2.29769870536984,3.51205570606544,462.930129405504,-19.0301627548615
-117.523545269898,0.148288047435926,-7.7774020572615,-37.360607462324,1.7739437410637,7.10054900416799,432.815943150199,8.26518254756229
-75.0493752870243,111.307616942417,-36.4674469492347,-116.13906259311,-1.68480250458379,3.91065973216064,907.900898596316,-18.3209455468314
-131.555627838432,82.6308933013133,-23.0039742749359,-96.6104303390894,-7.110919538085,1.71368071110919,326.540870031051,93.2113759928652
29.2671917283551,102.475009024289,-75.4391817230644,-125.983585538665,-9.12044447506378,6.91182053264492,706.451901231721,-20.8442005496181
-75.308965687771,141.593841511814,-48.0568359319077,-101.053478365822,-8.08291120137437,5.08641529227316,277.608759169569,40.9275198139221
-20.3588117474719,118.519759777933,-72.8704514130368,-13.4189823735778,-10.032127436978,5.96381336884224,121.082187703432,73.8893929565675
-46.7633151974587,99.6665057126811,-48.2510141694802,-141.047368674452,-1.96779756185424,4.26359431250239,73.6940252119603,70.0839103197359
-74.7929957993165,137.003649731923,-35.2197823747993,-117.131217927556,-10.2897270589019,3.44340177610866,298.275197620795,109.390324039838
-68.8441410459345,110.09484560047,-29.3452829102825,-139.945894542092,-11.5523230343097,3.40127342140295,911.082040633504,72.8161576672137
-51.6350511296187,145.932108583205,-56.0493915747211,-91.2480451822194,-9.03862350052441,8.21448611401138,266.912004897422,29.065831467472
-28.5470975575736,190.553509280362,-54.4230222132683,-121.402917254461,-12.1450989289442,4.8449526403565,433.347657810868,61.4700713763159
-117.238674596811,128.902133539232,-32.9411466792226,-143.357255895738,-3.6077009419862,6.12022295219867,791.220707342116,20.6052930549777
-70.7293179537519,134.172051614471,-37.3945226611904,-72.7612677276775,2.43359088443685,1.20365385845071,454.377973677707,-9.95539420266869
-26.3186320784916,84.1698346633202,-40.6608872832221,-60.9990854170464,-9.09183740067238,3.21347886195872,244.278719042137,52.1569786426553
22.8947274362727,58.0326452338777,-49.457716093184,-36.1694101923204,-6.04366761956771,5.40557046505273,470.162777744899,-32.1303821790207
-45.0057287695672,133.387469988993,-41.0825539018806,-185.534353072901,-6.66911651763257,1.43307497194337,149.680567656962,51.5387206220475
-135.420554556738,76.7185426490978,-35.6508357828716,-48.4503020828706,5.59402927932388,5.55468938587001,446.685211392221,11.6747578062786
-42.5328839870053,66.9725859988539,-58.0260656141472,-107.459480522506,1.82415071970627,3.88115864464635,903.112257697576,-54.0348944120342
-134.757842574378,102.160634793538,-25.4043538226106,-99.9223761409303,0.696605898676353,7.05836693983292,765.070308667462,-10.8820985394655
46.327847987719,49.6498420091812,-55.8008166375221,-30.9443420594034,0.69843059455161,3.47973008809822,463.911122423757,-96.6698692340578
-31.0120341456204,91.4923038846318,-38.9754839560956,-111.228420354557,-4.09905827490729,4.36941339235636,7.45803596785481,46.1505997309869
-0.435870744557178,54.2873831250472,-62.4997758998861,-87.3024470629607,3.35048773538438,4.72255097198649,601.023702344508,-67.6132873677816
-125.568992479224,46.3184158363147,-24.7415550190344,-120.209980543921,0.837456839726656,6.01868192039547,448.120430959469,53.9481254367565
57.1240670733696,160.082927007112,-88.1874376720662,-182.04500386124,-6.27324158718557,8.57728904153919,831.697732080298,-118.528639192882
-7.64643696677376,111.414039540774,-76.2245228367537,-171.263973031546,3.7762474208721,5.70210902492181,401.291931574015,-7.39430939798331
13.296425560271,84.617012469098,-53.35542499648,-182.854900466264,-0.17820918356756,4.90962828235297,127.110046643924,-36.1871749145394
-40.5305225779884,74.3846607558953,-60.1116026350355,-76.0967761273496,0.915423618069326,5.77057478907955,930.016841726814,-65.5610255306092
14.5215581589036,124.360714867333,-52.794597887987,-116.359589426142,-7.48232623758668,5.1172508323798,334.629226076693,-47.550266650971
-37.5783796685882,42.5357627598132,-49.5231898360798,1.70940560627787,2.05250815804175,4.74249126193172,526.090506505934,-30.8805934257398
-46.7050812105736,255.420329100176,-72.2027966782916,-266.798160317267,-3.92085968818537,6.08737347067654,384.418673235377,-6.15026903437683
104.418628170912,112.536991117053,-108.136039160338,-243.751041582553,-6.92695962089056,10.4904331577854,699.945338977341,-112.452198124382
-78.7976982367982,87.5446801769722,-44.6753543997766,-188.848624605533,6.80748518217843,5.79786413065449,356.550423994107,-22.9835579742212
-31.6490061048098,81.4590243321891,-80.7575420877547,-31.054644867545,-1.2757853272924,8.79241140096565,511.053495344866,-28.9783102107467
42.666832527495,124.726837943395,-84.2072780974122,-165.272264677711,-9.97994903847575,3.98202757930267,593.183314133406,28.542277808825
-64.3220016038395,145.982727615177,-69.3111958082591,-83.76824152263,4.17348630115521,5.6877012430632,713.282545439498,-52.9713187508023
-42.6136898137183,58.8696084072108,-60.9706396593028,-84.1927997235671,0.0975724197633099,6.2771051889431,284.518215875825,-16.6460642723068
-51.468402409635,28.4663413189774,-51.2823417001055,-33.2583421264426,5.39174155596993,4.46668971668259,-74.7175026984769,-7.39315720937157
-1.90169787668856,46.3973050875938,-52.6649409093807,-59.9961540955728,-11.1001537896409,8.01944044203628,622.197796885535,-17.3135966937698
-54.5543490073323,107.051951185378,-49.3936590597586,-181.80280136301,0.20973138231102,2.97730393669917,147.793529341201,13.2054255229232
-90.8434855483974,109.261272044052,-51.4076008571574,-102.953280679096,7.00463990600838,4.24876583881996,149.637306806268,24.0567546071616
-144.483419441662,122.085773625789,-21.4386070821347,-107.910620748327,-9.81708400277785,7.82012356211635,305.848769208058,90.0120404809131
-18.5390251311474,76.7060371668958,-47.2395509720664,-87.6141429613272,-12.9725889062101,8.12861294852337,319.868840545969,53.8775838893075
-78.1413784876859,125.429178573002,-29.3009339369601,-45.7526191287398,-7.64327024733939,4.70833605014195,552.63590760369,56.5016235441217
-50.6677584888603,88.3720492819994,-50.7043491572767,-181.924659289856,2.67649275009899,4.08384427905548,359.463907528218,-12.6987104844738
13.3401742505848,49.1742456440115,-51.1523400932565,-79.9238923871599,4.50251319594099,5.90266622483614,325.54533773163,-94.8163137395823
-81.1362682760628,29.5818661044905,-37.3933183644695,-44.2799142345903,10.9271636422636,0.987430645196582,151.801800860412,11.1841915421901
11.014451397732,136.393658592104,-67.9904253940185,-110.428174308385,-9.61332565970952,3.96189858616708,238.475091401597,35.6089977382962
-35.918396989694,128.694996919745,-40.94741084827,-124.149382828764,-2.72197800478898,3.74807623262313,253.857679932727,-8.9657993925648
-72.4534778544185,130.479435823392,-52.8638872362662,-93.1465315278983,5.6252949136906,4.20938973754528,320.05493721219,-19.5478396393955
-59.2838500927901,226.703938366554,-94.4926135330097,-206.404931609601,-9.18188666962669,5.59908841406286,2316.21580653155,-104.147898393072
-207.571037946298,214.448113168502,-39.2258128524836,-229.252515894412,1.43887339132198,2.75574804838107,666.525301417802,103.415082187486
-1.52846624376252,117.218497315109,-75.5490580017067,-67.1362285265059,-13.9244416298461,7.25079636834562,441.888384520367,-2.93292486342398
13.8018698153028,49.7120043118775,-61.4336739665378,-67.1450771690797,3.9656537167175,4.31116522333832,100.604811380923,-34.6169667700765
-62.5040288756354,124.441757656707,-58.6039365383149,-228.425725389741,-0.424832861943287,5.1844042026205,494.212480511706,-19.3473209548247
-81.9394340599683,105.940866069373,-27.9284990358874,-154.664866596635,3.50988813886397,7.82356047756184,553.05862490306,-58.3099716966535
-72.7545736339889,26.4484927150188,-59.6616703769905,-53.5838371219506,3.398456270319,5.30828943889355,730.570700915705,-100.662965109757
-197.482787393397,198.132747359545,-63.7494762158676,-208.421445871657,-2.2262982428656,5.76636777013482,507.810746461204,59.8758578071283
8.87025622384681,51.045343971964,-34.247416435217,-126.260325215677,10.319389765893,6.54819610338018,258.778714936314,-26.6966818398796
-10.3158287389379,161.726970991018,-41.0240871340648,-125.439870447837,-4.00715734725236,3.13437272957526,278.895550507528,29.15083313984
-143.947882738212,18.8957574139349,-31.8668998410431,-144.267025966969,0.284928343375213,6.04199959871767,481.775858265064,-36.2299030511422
17.9908421236469,132.025990532875,-71.2423121507891,-169.230153551037,-3.63481469261387,3.408247230298,238.332315079504,-12.0176721893949
263.5029253186,58.0779467936954,-61.4110707640648,-141.833138873975,-17.3385952950775,6.46658265157021,181.21727451792,-3.92826936938218
-81.338694781065,74.4881653872744,-30.4031652169942,-87.5601004068267,8.29573249098758,3.3828402312356,603.67360960364,28.732981526904
46.9521505461562,227.261610746595,-86.1536060452709,-199.875529086419,-8.45846058400639,3.38794743323797,898.67380663463,-30.0407865583693
-0.115428224846255,105.025588704018,-44.5352992262488,-29.6053407240106,-0.0782700889685657,3.11518223384337,567.167669807634,-13.9835188542638
-23.7775051691933,80.1252227077784,-58.8613382743715,-48.9378653189051,-4.35586200588659,2.41910186644236,151.13738481667,24.6320616193843
30.6375825820724,104.224146231587,-72.783941427042,-87.109940256094,1.29943418745825,3.61936155341391,452.151718057765,-76.7402546437806
-40.4133667070273,49.0709209392662,-54.0413981702295,-71.2443838459876,-2.29170651180175,8.42381928989198,511.330172956732,2.44997673273747
34.1139938016131,38.5507646913466,-42.813075098602,-69.0352467724188,-1.82036165515456,6.61731944311759,-148.715103906075,-34.8015833887948
-39.1535856285009,101.599210839195,-47.7163248437282,-185.9676984424,16.7847201831246,3.92706772436031,960.589998405463,-186.964282952504
-336.286648768561,111.443063199506,-2.91151072264256,-155.645628641621,6.70260041003348,5.08120801880432,948.44213388252,84.7950353423148
-207.486979414651,40.9873708976374,-19.4902276823414,17.2588780008591,4.63716113106784,7.17189157377288,1231.25577617732,-78.7630883145321
94.1260571757011,88.1577450193581,-30.1393838546355,-88.2905770063107,-3.42207420984414,5.38343536506727,373.312924804093,10.9501616201815
227.205298839384,118.641671317804,-81.2598039793083,-88.4043438506815,4.1277014442021,0.310480971296784,405.125990529254,-67.4947449669999
-325.043740563735,121.879611162323,-23.8838373658218,-155.492964792909,8.79536528045719,4.09317870016093,1108.23690764367,-22.8738030145614
-0.89648562631919,45.4694169824579,-39.316867533882,-118.643386432064,7.54489612441103,0.961155230557779,543.889645194398,-39.1459840574971
179.149802764208,126.679723869267,-40.7052772807729,-70.3162389518548,8.0134208959098,0.402756713796407,-183.646547525306,-25.7647079659655
172.59295194305,59.6695988639258,-57.5449247737306,-189.440423070686,-8.1061796770955,8.103663275484,1017.4676372541,-50.7685783728521
-25.2452936786867,196.375967503642,-27.9015018306527,-168.56849416186,6.48867787558993,-0.43537572221976,967.738083491917,-6.2632163829112
-68.1401486957766,42.5891344136908,-31.5619181880465,-16.9739675676392,9.63413925932036,5.58055311533099,234.304186312389,-9.76155220362125
-33.4721037149793,78.4639552229637,-49.4321012359942,-104.009644879654,5.26765108017935,2.7617364691323,253.403214937804,-78.1099236026421
-370.891847538936,120.384688878999,9.00407011314383,-193.450787247046,5.52811348541582,1.32993151911069,544.145473859651,97.6884074283589
-179.192013498003,28.4110778961622,-34.5350487705728,-116.547080381861,10.3130170376135,0.964158823684556,-195.325694308251,-44.0360222068266
-77.0326795766305,-0.34743721220002,-40.6260700786515,-76.2865145432152,8.88709297429614,4.40578021200781,-116.89143317804,-80.5778833923541
-636.392105348146,139.050218155593,-11.4773553563427,-153.695847124945,23.4160692644145,0.605778622397338,1478.13345272186,-9.23274202006178
-256.592344968725,10.7181782266707,-52.5703618104235,-91.4950669314712,9.4839754456043,-0.567204342965852,60.1385581741852,-106.594607446888
-142.620804474805,60.9313814094057,-23.4167146776745,-117.432052193224,10.8177764355496,2.58059497042268,835.965201329949,44.6596510618838
-309.641685572104,160.29746828819,-19.5527022632305,1.78963801217287,9.52272995960084,3.65993157595221,839.274326364,-91.7648321649031
-352.30173309207,143.107945856289,-41.0142608799506,-90.0971338782838,15.8949836626562,1.89825435844978,-7.32298719722894,-100.616182899277
-6.82123610371491,102.902254902088,-29.6662326782352,-77.9727494230174,-6.39987759842188,7.18027641231311,-320.339690703026,-3.22487460854609
-131.57026779843,127.431437239575,-53.6283592774926,-120.402767711261,24.2108970960835,5.42320750770887,505.355478261597,-135.807309347205
-120.275345844333,130.764983386576,-62.4619885356224,-121.880782290566,1.72389553650646,4.52097886395495,158.988630483156,-19.4988562074723
-138.953324998434,141.748974596208,-42.945883970664,-128.805268210937,8.57953206368256,1.85766657852218,1179.25484325859,-111.116033539525
-160.215846401639,137.184058190007,-3.37725312604744,-217.619245623937,5.80789629517676,2.59499196529396,140.330242289238,46.302834478076
-107.695856119972,133.965476320358,-11.6370980207575,-101.543364309384,-4.63950283589656,4.75972306370386,1181.05309088136,8.20990581435035
-233.216040519386,128.282629030684,-20.2874121005952,-319.676254149206,25.9821495221549,2.93245393611141,1127.28460268744,-9.23882762127323
86.9858960965794,186.359561877762,-49.1241685483255,-184.339495578039,16.3736823302897,0.0242080168900429,201.472026579897,-27.9437491892095
-126.86495689163,180.287780629384,-10.4915668324174,-307.462707451152,1.56318682324491,-2.97327593579394,599.138243655907,6.66787385114003
-225.9914138151,97.4718530316313,-8.22643949773192,-59.9618257219554,9.53277733079449,1.68279044664814,-210.176455138047,-76.3207631891564
-183.807359981176,132.244173565065,5.1903321424561,-274.790421831683,-0.56347963182634,4.70931587526866,-87.5314048248983,9.1890351228576
-157.964035891287,146.99584968196,-49.8740112543892,-175.625110999747,5.61674580601539,-0.969796754725394,-355.704909160112,1.83172892026778
-100.727970100197,59.1069492639872,-18.7632641228388,-118.046320927882,19.2663884698413,3.50871723449018,1158.58763337531,-89.2675307147001
-49.5760527573584,118.837926560591,-43.6201418488854,-30.7569665391566,-1.84951895104678,3.69335060870799,1078.06332416665,44.3991030762263
-142.052185754204,120.353375753155,-17.3061173013843,-96.3500232178194,7.51793047164392,7.0126226177963,647.412696060135,-41.6589188673461
-56.7873432915221,78.9176228213073,-30.7935017306299,-95.3701116948287,-10.7594609871448,4.98048855007801,654.727597785506,47.3639889195765
44.7280802121677,156.838075190826,-0.443864430882968,-221.713364177053,14.7837357866047,0.929421483568149,-50.0389355407824,-4.95556172272927
-94.1955248945742,70.9805859950065,-21.4112811271189,-62.1804892943182,14.5278182876791,-0.610060771575263,728.101837643066,-56.1901521132022
91.3159729753243,123.166205188041,-53.8191234949809,-202.495995880316,-1.25999831872468,3.43229337471712,-344.365884686966,-20.5947656917269
-223.059355308957,106.272460229928,-16.8045373873247,-175.912977255444,-10.1454384441313,6.92429299427022,425.903071889297,41.1942937674175
-243.758729500376,117.671532889857,0.347510344019611,-90.6157778969791,6.90216246581986,4.8859032925393,241.436247962043,38.3970911047509
-492.603016885696,17.5722883252893,-8.04907962359721,-26.8517460124285,14.580311749276,4.55841034696277,1373.65352664987,-63.8281556404399
-250.482656602027,220.688815489226,3.05632020204575,-67.3946386618409,26.6995117132028,-1.608035063844,1350.68176001689,-146.524462099318
-248.036821857851,59.3925048445235,-51.9620485847408,-7.24039054871901,6.55345415603369,3.99788711563451,285.106480546616,-91.2622447018948
59.4604705577949,6.51405664830236,-26.8611697260458,12.5836736726342,4.45124002400553,3.00231921313389,603.310772301345,-43.2603976177052
-4.44473940995522,138.131260723749,-72.9888128873718,-101.881568915254,-0.999875174935823,4.91539639461553,478.072072834009,65.5742274238146
-102.49266281696,158.455773929512,-13.8024180496868,-174.493980979685,8.12306604641526,5.03305285592796,588.990791864198,-6.75507859540085
-186.505461586517,110.990097446222,-30.3744952066772,-167.411399878772,18.5513304594933,6.17721728603647,836.84543882354,-198.817322001822
-73.7746698412157,173.157905320462,-91.2376705656352,-87.9260522268887,10.8185331051136,6.33195392295602,869.740891755719,-138.021376720484
190.515663754515,166.694592204454,-94.4889700802105,-130.464093605988,-7.22831039791345,4.52087573580502,70.3266692213219,9.54964447156817
4.79347196021263,56.8223102784104,-44.2345355833822,-85.9613543500745,10.2384917032541,3.61050426305701,305.777483460462,-18.4636375542268
-249.985327148126,56.2623379346915,-15.8444916453736,-115.949998669312,-12.107329785038,10.8250503683157,-110.524688904712,37.66571049513
-170.955081320375,87.7508758900294,-54.3399408013793,-61.1314248809213,2.45639341155766,5.79888580666739,520.410335447319,-72.3516159423743
35.7790426761494,123.448663469317,-56.2924355227005,-133.194139777668,5.33192431765201,0.0334746147127589,472.354359137233,-1.69581919608754
-88.5177099735156,16.6778233220393,-74.8562858270598,-49.0327849349706,10.8451831991842,4.41599521055468,-423.168482886191,-11.4617800353226
-233.205104716224,94.97274781546,-66.4372616210749,-114.554975917068,-1.9006321157085,8.62018122748123,1172.15873699647,-90.3114383183784
-47.011677699862,80.3423634022183,-35.7242474261366,-79.8188144798587,5.38189206655079,8.18047553942779,-322.350489230004,-4.13887770592555
-89.4433211802461,115.275787942228,-12.1199652347495,-110.161187390942,-12.7568863182241,7.73645740603024,1199.82079658668,-30.2562859295867
-15.7846960304159,77.3903983544842,-51.9861636199057,-32.7588508326298,3.71818885975517,2.93613732368976,702.576590823301,-42.7050599095091
-111.092594201546,40.789337002866,-19.973692997979,-89.2228402830951,0.05801641967264,6.89895782761596,1185.86809259396,-84.6506917360093
-33.5208936642885,23.3378051564869,-25.1045616597185,-169.306385001571,4.79937631620851,1.86698987285126,456.676844056878,21.4680419582146
-100.049329457688,71.3117957150389,-31.6547342415506,-131.01308651454,22.9477157426008,2.04451119129953,290.548498451899,-64.5050316144298
-558.472546765595,101.053037351347,-38.5477836704376,-159.449764011399,13.6683020281635,4.52700120680311,652.620522355559,-87.1473483898299
-294.062452892062,86.2195634841987,-50.9406934371509,-78.4605033137923,-7.47220403279789,4.8308773873141,-661.428311895601,-33.9063951421413
38.4730362443661,35.5080725959056,-19.5824238579371,49.4935516680234,34.9661381209953,1.12344634252077,501.909573399538,-166.267690372881
-102.070826326672,71.5124571270717,-68.3482922988696,-135.201353222843,4.82457142371277,6.21643636668159,396.409564903675,-20.5433642261632
-283.75096506979,62.4174590317853,9.16709381873079,8.23966979445686,11.6890334916243,5.69504757416871,376.481712807734,32.160076490065
-108.876087813158,-44.7408353923383,-31.7441057409742,-92.2992435794004,16.4775666628557,8.64527915717917,948.654356052612,-75.51935972313
-114.556390891565,91.0415136031224,-50.2164874855152,-36.6028968216706,6.81769637347134,7.71165355523408,-77.2548120997672,-60.8210335961048
-17.4216739720068,132.76660386529,-115.950736215927,-89.8832454574876,5.41438050696161,1.49328734018491,974.008218513149,-93.78328504198
-105.41957616125,199.899368249848,-57.3142912344629,-218.128605363716,-12.5647349333085,8.61823596818431,251.807011929988,71.1848281927378
55.1954936595284,37.2408236519404,-87.9464694445051,-79.0017350565613,-0.770574164038408,5.61929536421667,86.0500472493586,-165.868385031157
-6.9610129968205,129.775910260272,-58.0467769199749,-149.632900004683,1.91660188947571,5.78395170759177,533.020888570107,-83.9143828650267
-76.6804262082442,56.9006183251959,-25.1448468887538,-123.698839551871,1.92302470743743,5.70887670159755,342.394497508249,-86.425285374251
-98.6200936474424,48.6856472697546,-59.3038135990673,-139.59243555749,-9.77638076257426,3.88781162524538,669.287252213471,-34.5695385706786
-256.516068473153,103.373831363904,-42.6799517495165,-79.0585747796431,16.2807874082064,1.71098546692519,-303.779082720052,-76.2376262159669
-237.077663483447,108.657580053639,-11.9422998314985,-130.149328311891,5.76315606560092,4.16107826064399,25.7268851031549,-31.4522562413149
-115.242464398267,67.4689116211375,-22.8770039133378,-127.690361267877,9.07285382603914,3.31386017422119,356.07707941073,-14.6058098352805
-43.1851407470531,100.868081949622,-28.8001343371725,-137.237186989063,-9.76483356076642,2.53636567187641,535.796437866629,74.5575686329321
54.6494938646283,33.8622754577082,-30.1882448033866,-108.444111811361,13.8192288400751,1.39814007141467,-94.739525578073,-109.903360373282
114.631211393673,73.4173437649806,-65.1303377971781,-86.30717508815,-4.870023050491,1.96515942624683,-592.101894674937,130.135115821104
-172.481621722603,5.30559325062495,-28.4180832643324,-56.046706523688,15.5770459652267,3.21072041173466,428.954062698962,4.91380572459457
-93.5160538824712,45.9456027910346,-33.9428209714097,-167.234756367805,-13.3349077689345,8.88294856707216,544.945030165298,7.28613403617783
4.72292807311169,139.306303937847,-58.4776196515741,-154.874767090238,6.40752898374922,7.53693378969911,1124.54872008078,-127.265712118424
218.515187255733,116.075158747342,-116.52591544572,-164.383988539412,-6.25217277512274,2.1669565486809,-72.8699979629018,-78.3268227055305
59.4391433681085,138.950669730053,-43.8126786365319,-105.355553957677,2.07505076121015,5.82286782571464,450.46808074796,-65.0487005525138
51.3217391562357,73.4361768547933,-76.4189598688681,-73.3021212639251,6.19177925609984,7.08947743997851,752.684576177475,-121.417491429485
-282.471099562812,269.992062427998,-5.44328179796503,-253.015268764851,-3.07231692855294,4.26565496521653,1403.2016755933,47.9681598110037
-223.103319910551,16.2777769472668,-36.6126922478907,-104.178023865825,13.4788023434085,5.74147198392166,818.15960661546,-86.1658517503747
-187.753530967442,147.379252373459,-44.4476243103618,-332.90752360216,7.36274440636043,5.19175044099393,279.072359421712,-14.4724412134528
-215.525237613416,78.2016526823863,-3.38010264851619,-144.682222644697,-3.81427281849756,6.17543513572309,172.849390797637,-20.1163688036831
-248.850958568306,96.2530599090042,-66.9098663649638,-80.999719829153,2.91919223646983,4.34363344451413,482.110535899046,-119.734025331272
22.4938357707579,164.146654687313,-52.4960738965019,-194.880482542601,-4.64070026029367,4.06026133880368,589.266829737331,-57.3601411406562
-367.748750030038,91.2319070850353,12.6706706325349,-126.690647204501,20.6189542241336,5.12415588405929,169.619318409794,-18.3709486364241
-145.442112246979,76.7222532012056,-2.34203032473306,-51.4718784458819,13.2181181244014,2.17222050072451,883.278968158644,-24.6592493533099
-120.145071036445,94.4486940415518,-26.6321909250037,-118.446608208455,16.359521608385,-1.9104893997137,296.677330595601,-57.8015554509802
-256.497538223164,47.3542570775317,-27.0281039074907,-101.817456134559,13.481360617865,0.278904006729135,331.235543996212,-70.1556720669323
0.468151498585939,56.2059603437665,-15.9140912101138,-110.797624116065,15.8507374702476,0.796585615418735,271.269989560111,-93.3810691445979
-218.616497376468,90.0013692248067,-31.2548085264207,-116.978100421073,10.5085909849013,1.77491551332787,680.814422113079,-0.225153127743397
-352.002910143987,205.221263256855,-29.2765063472471,-228.576770234416,5.97227347409353,5.23030277383077,943.570129028081,-43.0011067590385
-537.245539975425,102.589075074589,-43.3070146813261,-47.7050424855206,5.73906487214845,5.19032645355037,232.449325691487,-126.756740616576
-152.286836761152,77.9211300279931,6.16721667189267,-126.829253568067,19.3957555785964,0.0701751371962018,481.182468199899,-47.0102517216728
149.173284372355,73.4832895790387,-102.753544628678,-132.617506440525,8.53850891990442,-1.6925020419294,-195.071849268963,2.91011252911306
-140.682448780368,135.175524161838,-48.4227404140238,-194.380412634942,-6.89483859829488,5.31524708782672,546.903191443373,85.6969620230957
-66.317123494824,119.882062315628,-72.1502630022205,-70.2920113887631,0.590591214131564,2.24523097529891,751.034789091107,-51.0009379801631
-60.708848877297,84.177492016679,-20.1933288053406,-40.7260876909095,0.0655218450119719,4.0268322002521,577.126604348698,15.3327218423146
103.36022463841,102.28999120908,-61.4582924018614,-108.739423429561,-12.2589849123251,1.18207169874222,407.881184444428,-2.49550722072308
-61.2745174966003,84.947474497525,-24.2524628160827,-142.803865530001,-2.58173633248953,5.43093707246589,378.952944728677,-30.0597670508905
-49.7032543257519,70.1978019409216,-35.12321028304,-30.1038600511674,1.22625673571019,4.58900620527129,412.740489329539,0.440618385211565
-91.767924903761,63.8178182186821,-44.6469360707415,-108.44433627386,-8.91910171259951,8.43585788131895,807.243905693191,-9.47229545770097
-12.6213508809597,141.586451308689,-85.4026056394505,-204.453892775302,-9.4916975635133,6.18077643147353,954.974957550774,-91.7607680390211
-182.025910450961,117.420498766573,-11.3674516834617,-111.7913961304,8.97278890938469,2.15874244361476,315.705850568454,-34.3757942556695
-243.186729154411,220.448412876736,-26.6033994492027,-209.872075092091,-2.22093888650124,3.097877536944,35.453662981774,124.521110495785
-205.529175991724,119.39729347924,-2.86285893281456,-39.3737590224337,7.03069558567222,2.47647220088402,145.106733243869,75.3986065943027
21.7276990368955,7.1131018365013,-23.5082385487549,10.3316118277944,4.52518272916859,7.27012185363856,579.156640183821,-94.7876979228677
-27.3207732026203,81.1701872195554,-31.6536520731461,-126.915956657285,6.09067923512339,1.76704314930248,169.140322559799,21.9978526953928
-129.148464205238,62.7313546812402,-29.9910159860738,-94.8447564222442,12.4152330774523,2.56292169003427,929.790082346182,-51.4831117284484
-176.855173189666,49.8130505746376,-26.1297323868348,-42.0526129271893,22.085028362053,0.0464842520595994,706.460506544157,-28.0320715627458
0.374591069921735,106.365452839411,-49.2319787212255,-116.462658673543,4.01183702781418,4.68756101030522,580.191626015396,-27.1664169718242
-54.0749712816723,45.6473656066919,-41.0484210186478,-132.887239391188,4.1625009962936,5.38960535404476,298.25980271638,-32.9191132440756
85.8737910200362,65.8035383311799,-49.3847948888433,-43.3669358235493,-1.73965509272239,2.22456962067736,56.5316124465244,-37.6079464029317
-158.715741490014,44.8009077430906,-13.1237616147373,-86.3808022245084,12.0967016192371,7.21986386534991,796.620330710011,-60.3873309849077
-13.5485965940898,54.0292662943393,-34.3327214146557,-82.5446411516023,0.706711312115658,1.32273794601497,289.661848043279,-44.2119771822381
-141.496038488267,108.663564389048,-59.9331830321244,-115.574274272512,7.00958002540574,5.94886646952364,1472.97207812977,-112.796066870244
-5.23277934927319,116.641197340457,-75.6709424845467,-14.9464467391081,13.016678163327,5.06586330283608,1002.0001986781,-151.739841299684
14.129132549202,114.087679742057,-43.0699151970184,-252.51888929437,9.44110460487173,0.543260374328383,335.924448904538,-25.3854558914754
-281.281930827456,91.4585072480586,-37.7472046237344,-125.250491538358,6.49197135407121,1.11771668162692,49.5829703750496,-38.9756949729781
-137.438834690576,109.231948228051,-48.6621991399152,-97.472103942695,12.0565967848524,3.18012813178939,424.216340614497,-61.8421817097405
3.97647639046772,49.1687353783345,-48.3499648682191,-65.5239784447476,19.9741635512837,3.04184602978057,156.177746812114,-68.9705548973143
-94.925023362739,56.9590461077532,-38.4898056089296,-76.0563736801632,10.5555376950506,5.39802920025249,1437.49493465762,-95.4252635577286
-26.3974572170118,212.35896385464,-46.7617507025716,-144.311470606248,18.0602410883366,7.98332206437772,1373.84882787752,-117.489748837063
-20.9218565717747,36.1325749425596,-32.799763051833,-128.533224789471,14.5830958086735,2.16309740109136,823.849436331933,-91.3803883381188
47.6371815740422,13.5067059794965,-25.9227335560026,-86.6706651713321,-5.56561286791202,7.31095020702924,454.150344278954,-10.6345204905228
-42.1689237268001,56.7542243323696,-57.9776204466834,6.56454552026753,-0.731187754419807,3.64468726885389,125.296411370364,17.4777215043287
-207.554037841488,28.9269811614067,-21.4827122283896,-60.527757468124,-0.670878055083449,3.19877611500851,296.60997085135,16.0427374166538
54.4097561952294,98.6055150948814,-48.4183637976967,-123.526829230585,-9.54474140698085,2.17615932533317,240.261284258995,-33.1492796144012
22.7034906441986,101.182044421548,-62.7058235884615,-99.2478156586294,10.117345066575,4.06310242059408,363.710453030872,-169.798005226316
-107.692206989792,129.811861395181,-55.9971728432283,-111.12137158421,4.0936822790718,0.850459788416629,150.898805437093,-40.2201359639439
-303.74448217568,233.059672671749,22.2071356567612,-167.101813249115,-6.13398335985403,10.2412299502903,1253.63562217788,211.850187345035
-151.94257232378,72.1727194377258,-15.8192349150777,-100.919665724447,-2.24595365559799,1.46446663972165,734.29826148822,77.6132886116393
-41.7635757471071,186.23835910546,-50.4367559336242,-204.418487463918,0.592506968299858,6.04916045335631,193.931922577609,-1.83705835533328
-348.73310621551,76.1013623635154,-25.1777588846162,-107.245103717767,26.7650515074492,5.90988883047248,407.353673188387,-85.8940963634523
-50.5123085833475,126.782139735646,-58.1582573694905,-188.317927676399,-6.58469726466865,2.16885788518266,14.7970123123378,-38.0013259420084
8.44012957692939,91.2249493022791,-22.5621831195094,-108.130684621225,-4.47967553699709,6.84823741362197,1315.74876018786,-1.69594538561068
125.271887268762,103.64336982814,-18.1941706194484,-51.1221889183726,14.7913920776161,0.42075103424213,227.511234129808,-72.2720415169169
-318.968423419763,41.2772734012397,-42.8746711774074,-90.8788635606179,23.4983328598464,3.55566463087598,428.78998369968,-110.51667772475
-265.19466573534,94.248887198919,-12.8059498032089,-153.722713519402,5.66591392076225,5.09378034355905,331.164499419421,14.1313302812196
-72.6918842430459,36.565030235317,-17.5082265409401,-91.7732021902339,11.9221078256014,3.72881456567848,863.753264767583,7.24289620974741
-39.5600037706608,85.8010019058711,-40.1248007832619,-94.256234944005,3.1475431992003,3.49733315658523,949.716811860935,10.1097130186245
-99.5715144438946,146.211786033382,-36.8369623162725,-143.745121374712,-17.8538412130501,2.65098595638119,229.312904393984,138.620978358609
-338.996570798532,142.061289396064,-18.0630764366906,-112.077923307726,6.40810499002691,0.801259295287309,534.070248009724,14.6072875069076
-149.422653225491,154.175698387407,8.70513099338859,-191.577467493145,9.86865736291475,1.08262844555429,59.966465502046,56.7179082745279
-89.4021438650379,70.3810217459395,-38.3652840824288,-186.575460666107,4.4357130428898,3.60849914138817,-65.6971961971649,-32.1012387050578
-137.602678393941,137.78299700885,-57.6473238508479,-187.899643980243,-4.62953003234861,4.35580122606916,843.796762183709,-32.1384434522333
-246.653564171982,120.55507403423,-36.4011380841839,-61.6853137362341,2.08158601962532,6.27835622934072,601.967812074668,17.5058013285889
-81.8128945061617,165.763693722358,-63.8688813180488,-132.928412277819,-2.30732143127534,8.35487210465362,443.713490429269,-107.924389075539
-119.323846326253,79.3334230018663,-34.6247933511622,-82.6374510456709,2.04310960840667,6.68256861066038,-21.8313811659282,-17.2015501500546
53.6670616243355,91.4402577751607,-58.5620013321895,-98.8505639458162,-5.91035482056031,7.52005175167869,839.613041794088,-40.4385648666212
-162.309328804724,187.35602509421,-31.4330159851797,-190.904709212055,-9.55256033621117,3.87282707697159,-61.645917684662,111.585136268026
-50.9360840861918,123.196595520232,-40.8947182214106,-95.9636766843905,8.10867730144673,3.47110055678058,563.973569533649,-71.3382335878559
-36.7515269458527,66.3159309643961,-56.0142907788832,-97.1651572071423,4.58020487497197,1.50128504855093,16.3775071480777,-41.9203181213957
30.5337335099175,109.170710738748,-51.6119764479663,-161.843410098088,0.515614168973116,3.5508721940023,489.491245745638,-43.1234622730553
-111.609284184227,47.5087405342638,-21.6817707704467,-83.9584133206736,-6.36849809528212,6.8624681583824,325.222266544944,22.6842079368653
72.1580827963189,99.898939270206,-52.9173285720208,-112.818372922869,-5.46159887808608,3.22730823908205,699.912844864084,-21.9145034499597
-235.271312734261,133.102754380612,-25.6293171473299,-192.036278229323,13.5573645282457,4.49108994629933,466.287982269307,18.3214601341388
-103.436681220708,148.164413703838,-62.885500357399,-131.001443048124,-0.256675984961475,6.00230345637829,1010.57302898457,-10.5696272176428
-34.6999941469403,150.449368821548,-69.0935798685241,-101.987933642893,0.939388970378786,1.45767847723619,311.077590491648,-53.3125738722592
70.0516219437886,188.394824238669,-69.4567938606197,-212.248068690791,1.49461667634387,1.99258930854558,142.043512679287,6.87263834703481
-85.4607219875197,46.261548845403,-8.85464025234978,-133.866955184203,-5.5290020913817,6.14265617712954,298.536454831192,86.0076598869491
-332.526867755398,100.817584990035,-13.8390258671134,-30.7042106818699,11.3416035936898,4.21613971304032,-34.7451919709711,66.9175104434253
21.7520617927021,60.242536281643,-55.8552362275514,-159.605850708474,10.8930409445966,7.50467640312218,1292.29427262596,-59.3257708022866
108.466957355122,52.7947712781061,-23.924948674905,-27.1393692671845,12.5085971397202,2.59117821091786,360.848288609857,-15.1056770963478
85.3261750851525,71.5722293960025,-35.8741940806794,-127.995832389759,1.93190483912122,2.3147709214245,662.765955427749,7.14123296927937
69.8207987176866,70.9828054481477,-12.8440643894428,-91.5953733016004,-1.38145530711336,4.10136270761723,-212.812516789112,42.3673311262755
-94.8684817107278,28.1667046683215,-20.4020512904244,-40.4540036070539,7.90405520706554,2.00081324634084,466.641676941499,-41.0315262240201
-160.696948964731,64.7735141740704,-11.6812912572932,-60.987072584363,5.90433735637635,0.256040398773621,328.272266664222,29.7414208803384
-38.3975305122731,90.9993106617039,-22.6803300207393,-157.936212527042,-1.31679796231765,2.76255801032312,111.156673093863,2.73808632775035
-72.4690051606158,39.87663337907,-17.7247452104493,-54.3607991826721,3.71988954907283,0.884181999790599,262.220854915002,21.0917347724826
-29.2116182812242,65.9974926475988,-47.0699662787374,-104.556761721266,1.3099757521195,4.64961455012963,235.353131984615,-47.6905844924695
-115.956174986641,111.454291591566,-11.9224813186665,-208.184007019547,2.2108831256337,4.99192820669032,522.202137379179,-31.2943335588352
-65.5454921298224,149.105552078559,-67.805613539349,-121.040826351556,-2.06335884879809,5.23327302765392,517.808924034762,-0.90127328899689
-142.793233032469,57.2500684236329,-22.5141909338854,-195.127264049064,3.57670791068813,4.41284520003046,817.490227894639,-46.5173030352744
-212.986678966467,137.15473045317,-30.8906846078171,-180.599000813367,14.0683345993457,3.33311860355025,613.358674164629,-46.2758515794849
-335.175484672616,202.404601754388,-10.5774763756708,-299.424785702198,0.13727196099353,5.82258465680206,345.598187525698,41.9861749162665
-73.6871945368803,45.0911441426797,-48.092592449837,-75.612090587485,38.6676141639764,0.403571714821737,852.204325674102,-85.3731378069569
-38.0160477816098,120.824208733669,-41.9118306903565,-141.077509950672,4.08187698791153,6.65830345128597,924.047595199969,-58.2759062536061
-53.4921629430028,71.3647487863345,-29.7046001933377,-56.5717660876253,-1.51197418734955,5.34461491847469,443.340187008347,-22.492655070695
39.045262602478,84.3343921552587,-84.9585129754851,-130.533429102834,-6.77547471038633,1.55031155361212,183.087400887496,-31.8687702534953
-76.3094628282488,78.0229404712445,-43.5002463823184,-199.936332727513,-0.386886326916283,7.22397472420562,-131.747184991299,29.1435230612697
0.727588879453833,76.0414327922044,-62.827330788954,-165.142378803808,2.42959191923728,6.95836189507099,631.206349126282,-122.609053198092
-248.389812636598,88.2318783501178,-55.629326417431,-75.9468963079562,-5.33021957849269,6.5076283114031,-274.764068902005,-3.6979528075608
-120.729059092069,230.496084744518,-67.1239748070584,-157.753629733372,-2.05120931881538,3.17582117998245,766.8803224781,27.5438348942625
96.2797609074187,141.771161557765,-95.1891916186541,-122.477184911053,1.30821802772698,6.47285853640642,91.7071113002385,-73.9716461436765
-185.264885318116,178.49002677598,-45.5447988044471,-227.190398584324,9.02843462831515,11.8339186073281,847.644902700078,-116.322447203682
40.3960967743042,61.582153214069,-31.5341693722316,-56.3730365792871,-0.648624931753147,2.15722927215393,140.064162522205,-72.4665854364466
-32.7509215650789,64.0720603750851,-30.6943478588628,-88.6079427580989,-1.27406431917916,4.20899109577294,791.471578562694,3.62168969158665
-808.428071270668,108.092903325509,-12.4809071036289,-81.9019371149188,16.1521086567664,1.9228146966052,584.249808356471,-4.93736051523592
-216.402512658911,112.323644360236,-42.0862258636625,-85.6244715040666,12.6754499488452,3.91322328145179,662.046494590119,-52.7329931364802
-606.066040060738,83.1702602762671,-25.6571436385129,-108.594147098353,9.23572114361014,6.10184426738124,1279.77971077834,-75.8681633645901
-476.932153979695,70.9947384544503,-43.0993206355561,-70.7112465167593,10.4000659790054,-0.0154143808031222,15.1699238625151,-62.7747798642777
-493.750736285889,108.255783170816,-16.9324462101795,-93.8790960732877,15.7547828673996,4.24743752416907,-54.007309246047,-71.159969332366
-179.140836514474,115.774621658464,-37.494005345623,-229.744434803768,7.17582035399391,1.94405328317953,612.273994238453,28.2740164494244
-100.212449168364,68.0686116278521,-29.3382686262339,-84.6960267674785,18.0436816694128,0.119021210382925,178.902011117039,-12.3452710632255
38.8928682916448,117.375959296478,-75.6399218745937,-157.747626818003,5.77271158581425,1.33018554428418,238.989097340003,-77.8286633397802
-66.8007472996978,144.1340616339,-81.079947899736,-167.411501214607,8.57046145086315,3.6234820184327,498.696094870582,-132.610927939662
-205.130229535265,35.6615108840779,-12.3922530187847,-80.9777413724951,-6.57616016465181,2.60273756936658,94.8408414160513,83.0901987231191
-169.752160457752,121.755207786722,-11.901728885452,-61.5111003864222,-0.315515632159077,8.49796674054232,1050.50433357112,-15.6179963752365
-343.621064488365,172.720905724156,-43.0932822982431,-169.944968098425,10.5402044561051,6.37527813054476,563.725606595312,-77.0876826188614
-381.505147640608,166.409177805725,-17.8728301218616,-318.215154557751,9.95117698740796,4.36596293702678,938.456150862483,50.563113706201
-24.7054201976571,13.4393943691139,-47.3852595534172,-174.284698620249,26.1935011156311,3.420944231475,-39.7484770481951,-160.140507617325
-185.361877820207,55.9172762605012,-20.8622059716399,-87.6060846903565,-1.95269656135315,3.45537199520913,-693.287609685445,122.282504698262
-288.087137946352,87.2790194263689,-74.1809839059424,-109.638898616238,3.34241425183427,2.11795838078979,319.82747260663,-55.7984862226003
-19.1451816918507,92.5941529715492,-58.6958768372133,-218.033697568331,-6.50571148458403,6.57400496611081,-601.536156149043,-6.47441081659053
-8.83905780530131,55.3955043713358,-19.4261205849762,-121.899335745693,11.7814764153154,6.47200480940592,446.61270980669,-27.0389257816278
-360.41256116319,140.169017683365,-18.8734346015844,-65.0353102767112,20.4348638446099,2.14975161393522,-226.064699062253,-16.9810041820747
24.8436082837579,95.7167852855346,-75.5666023303929,-141.006814104403,-6.62307705962303,6.55710041089333,-52.288151672743,-44.2958334507566
-159.549937832111,40.8525254254491,-21.7065065167262,-74.4199646411289,0.698480296101479,8.92852038283309,-253.387308837991,-42.3319839668256
-59.6542839092544,25.8716592653665,-3.9288411881862,-140.828600239431,25.5601325622338,-3.73886690128711,669.85676874526,-86.6245802367121
-1.47765792145219,185.885140204329,-37.539671605542,-224.215516437718,14.753928771177,0.742947372986237,74.8671972085176,-94.0638718419359
-118.97045592987,125.385686594527,-63.2232326941012,-157.150894257618,12.8818365043844,3.4313988359354,629.627363406791,-29.1762993425582
106.752486390385,36.6303566732968,-65.1245896752953,-98.2491033207771,-7.49767935882846,3.89175835801143,-393.475605632799,-33.6392602678261
-75.5840834277042,159.733609352159,-33.4210589438117,-22.3547826423173,16.5558326357277,1.46414844552055,-91.7457930278906,0.309064575216325
-40.2904463856539,37.3608710290573,-52.5920235136582,-168.674162941737,4.74313555860135,6.09220031525183,1102.0903042141,-104.126729833719
-196.702066716069,63.5399075815149,-71.0427394738363,-84.5658501500302,4.23174530558754,4.30337783414507,1066.80973199448,-34.6024913752335
-55.6039947832542,170.578265540797,-52.4197077290482,-182.300635216205,-5.83434437544202,5.19165869720746,-152.299492390256,-41.6650690987444
148.321324175689,53.1760690233859,-29.3708139927476,-220.331756618893,17.8222892412887,5.86468595056795,1311.28018375041,-75.1733555434912
-204.805533088438,67.6394535988511,-45.4751980341389,-187.703335472135,10.1482016382943,1.63908733594872,-143.392592073491,12.8399122304399
-59.3190625420375,98.2727081907942,-53.7305041430809,-89.4388946387044,4.90055993502028,4.70759570787777,806.19711501291,-136.051053103118
-106.617902133876,114.95507017972,-62.6481868348492,-94.3369117144903,-7.12117055919225,1.81988353101769,260.302067579527,-17.062425302167
-355.473341106132,69.7580313893341,-58.5363643158198,-96.8320814167855,-5.84408175850695,4.67461193850613,255.583573467256,15.1884089913365
123.082782169338,88.3703759292912,-50.3270681544527,-170.536958428886,0.607042561341586,5.9773364316643,397.828335223108,-190.71449126464
17.668662033986,82.8015148046543,-41.6572004404006,-111.819433932164,4.90631433228555,3.16969226332731,359.994648478227,-85.7588705302041
-87.1852480215312,99.1429838450858,5.13854442659795,-181.743086569477,13.0534897822945,4.82081944843958,693.25128218297,14.6385130940471
-47.8798328733319,112.426551154909,-48.1642996033479,-182.548111263443,-8.15534856579325,3.93082521187898,628.348589840549,-36.7086247486295
-148.624075536383,44.1921078614541,-57.6295802197419,-48.2741812676832,6.8684921071108,5.09915132356582,447.509845794521,-41.0308290195644
-359.576626493705,168.894890716711,-3.50542803004646,-217.106345731489,14.3859291827539,6.19870588813501,1045.48722327477,-28.9833003889071
-183.285320347102,122.184247331461,-38.7831240541127,-120.358871981472,-0.300339891946351,10.7722043574249,699.192455012359,-63.0869023218329
-151.498918246172,159.688218345918,-26.3838248839947,-83.8305721089273,7.73448732912948,2.96691105372156,464.760139722173,77.5796595485881
-117.357877056857,93.2055908156544,-51.8172013339063,-89.0254891786617,1.53055024927016,5.61589072440984,8.52158364713978,20.5678619272367
-35.09111001887,124.334417551654,-63.2920756397434,-132.872413230507,3.54939789132914,-0.631973056362767,628.461492703813,-104.242564341635
-151.13264279117,148.325021922501,-31.309213580651,-119.792363613051,1.30308512417832,7.9277693915501,748.689643807018,53.1843685998101
64.9970272886567,205.476326190372,-77.3019312760953,-209.236116935761,-1.59548497924698,3.73828927975228,800.443341927923,-141.619177257147
33.2949944340144,40.8843558371009,-65.3885139798949,7.68083287746413,9.48890895779914,4.64165985755608,338.24659398527,-54.0234765806526
2.23293027141335,143.412057311572,-52.2197376035765,-180.342984793449,9.2346077215625,1.93807878928783,125.706542217909,-44.5707808164166
-31.5172740038906,173.916082125683,-39.1699238198453,-242.57115451881,10.7632265665961,-0.639736124979208,542.159764274242,-33.3067980681662
-245.28488107978,74.7124800786532,-25.6551755930996,-112.697869512558,2.58144363101746,7.83488733081322,1168.67831294391,-53.9406558350602
139.036142025856,70.0981887731177,-41.8025994172058,-125.674740403381,1.22791911585955,5.06508379904699,-591.850611511501,25.4996401544377
-28.3862099102116,114.745767581058,-42.165819121029,-176.492958646675,-2.68399856996257,6.76497214283154,553.530359729404,8.7797212615551
-234.292197013472,22.6248477213612,-18.0828962632804,-145.836668906515,14.7699267053977,-1.19139345543226,1369.6797192251,55.510204258564
-51.7321268067099,83.022478670624,-42.74477927509,-37.4972487812047,-1.81736069032922,5.85648917670551,-2.88840518715006,56.9847476764189
25.8588941951166,50.9136244594101,-58.420088978397,-140.737448354867,12.9584950491844,3.03049184867996,-33.0245272266475,-78.5116593039565
-125.355997400969,172.826795240602,-15.5046878311405,-196.927906011959,-0.0567761062557111,0.854675338487141,-469.573513697695,103.478040564976
-148.540907160757,60.0981051931758,-30.3011414480643,-146.365341131794,-2.00027292485311,4.07945895148441,203.19471054578,5.85084353119601
89.6672259893094,121.408355188476,-31.6649398173395,-117.155705437028,-0.382997223225175,6.02867795992643,389.575310869499,-33.6565774902992
-217.255763523863,28.7587253175661,-1.39719191610129,-122.416917274153,2.08264962966496,5.16847563834745,118.785622583848,-10.2696285766579
-78.7570287416893,172.343126871667,-44.1151097915717,-172.067104211455,-1.07511261542095,5.04057115313481,601.47216301749,-20.8279953371384
-239.727073767193,183.706177724642,9.04055422154488,-182.634887454304,-4.50905933394097,2.92869059808436,280.15173217289,125.422280114697
-6.68392462651536,107.158256485913,-33.0405612057366,-167.466171344189,10.1450217938711,0.256365607900079,51.1403468144999,-6.77978702720429
-133.792145945452,10.2287070513121,-46.0807603967005,-110.697916346915,12.4168113284832,3.6612050558615,359.047806585178,-57.8546010141072
-89.5664633172273,26.9755664890399,-38.2637461510985,-31.2674966822624,0.987332031538244,4.41177080327361,385.763074713635,23.8367869654176
-101.359777807265,38.8452144717739,-28.3118677971761,-190.076692622562,-4.45319240597746,4.34389654747065,762.99840514805,47.1816938417323
-40.8519066063473,53.3229389160497,-30.3044464296017,-56.2024870998503,5.67622643674258,3.96611076890258,457.77289913825,-5.66958060352772
-124.270095184591,181.868263358607,-32.1147348361701,-161.854204111354,2.64059602876659,1.5724989240066,889.085863042888,75.0121979410178
-136.934191322493,178.302296472873,-65.5168846786109,-112.187789835658,-0.316336853255052,2.8366649417876,1352.36145068234,43.0555776643159
45.4228479394951,154.941940717748,-61.6876905527024,-160.754578671476,-5.70805912194191,4.77466108312365,651.004354249264,-15.5061234433088
-153.94878050487,86.8664822711435,-48.360169532185,-64.8236690409249,17.6297285136361,3.36624416414998,793.355304395227,-104.756698099256
-89.665482964574,51.6230532707996,-42.6637198453245,-140.740422089613,2.34254934581259,4.3616318222048,896.19176827585,-94.5145053730448
-293.848803384899,192.759461601105,-60.2789619116375,-37.6718386955854,-0.423212652010989,2.04654474156632,-314.467552619775,-13.0437570373615
-283.164721058041,76.4802360596368,-42.9310550040973,-182.845336943983,18.3765395715673,2.9973442381015,301.91664807385,-120.738315334776
-264.958789262593,110.675954488019,-32.9293582888204,-115.353999470011,3.17123507474207,5.31549698585877,-331.409068632653,27.7490278232217
43.6749558297633,57.8621927362392,-72.082723410058,-71.848606118976,-4.65539753931807,5.41018178305239,556.828393373406,-115.453977469115
65.6611652152933,169.849140317572,-58.782978072144,-216.090469569088,-4.3986457438441,2.64492288863403,618.639912067309,-43.9000427666033
-145.556863988662,96.8923938027147,-33.1731654686155,-73.3497761556937,-1.93179690964462,8.72090727354225,478.630274461859,-24.8790356349709
-258.551448651231,113.314431252067,-32.7309999689896,-119.659020479652,3.97375804361218,4.39007024170132,-44.4542981071791,111.128026764869
23.1182749749059,142.673765364045,-28.5236131025449,-221.022792392803,7.77782303602726,1.88393214145617,221.819440403575,11.0388741617812
-53.1958743580071,42.1713878122464,-45.1326979704681,-98.2286086435633,15.5085806843854,5.10214295756305,88.0806951424607,-145.940318010689
83.7145532914801,97.7276001258288,-61.9883137244469,-137.737852043701,3.05902912191232,-0.846245012857707,-46.4181120265157,-15.4039730735822
-54.9228138836334,117.568550808181,-54.705715683363,-256.459038967805,2.95317382186477,2.20696299983865,363.172259671146,42.3306211676791
-49.2072463625609,134.82095256172,-39.6379680377577,-90.8209196748794,1.95444634594605,8.28686973033473,277.710803088586,-104.730734925171
-143.189607892651,102.990964264056,-23.6541194297206,-76.2778510209755,6.0355698360363,1.06153888996778,135.493196526586,-3.96689097303897
-138.341186667414,61.783820681103,-16.1907449137216,-65.1202144779672,9.36310455226339,0.421376891479667,749.91937505368,-33.101767861488
-31.130845648222,57.6771621645603,-50.467914369583,-182.647220738727,5.78676254383754,6.99657436941197,-112.298151623545,-29.3950130517223
-70.6054903911863,161.014598188784,-52.0271469790459,-106.878552940623,4.88581281853112,2.16270080515096,478.407517925836,-48.7682601272227
-115.382637698094,43.6135580046321,-21.8609483317414,-33.5124384605588,-2.86739401373779,4.25489959951665,166.178977434865,57.6035451997741
58.0607238636585,105.297629888781,-56.4010749248264,-57.2828035988641,-1.21399622829631,-0.256601104701986,239.996111455846,-36.1210012105585
-167.452490928805,89.6183534344309,-18.286669549987,-93.3453469303204,4.2964550262177,3.76044795470079,899.921313696038,43.4083357176569
26.9079464676338,120.430200656425,-90.5976913375562,-162.868375575083,-11.1594473989535,6.27140726351354,1075.00407514692,-23.3702552256036
87.7784402692632,185.619511820594,-95.1578514107514,-257.040869268647,1.06426796341839,6.1033308695196,224.244389459349,-176.8755524322
31.3006201216485,66.1015690646018,-54.4445604344546,-47.3737900182415,-2.42139524005506,3.49424894362164,972.106779982243,-66.8928311476557
-54.5824465591577,153.190987670459,-41.6725951207045,-119.632462011505,-10.7910208722315,5.31875879437757,468.301025661975,13.9681178399478
-17.5935194536287,58.5782498670706,-46.0493797189702,-53.0618309425045,-5.22363053264417,9.38955232972512,565.283039026232,-68.3631713154318
-74.0627452636472,114.109226138105,-32.8080780300661,-46.3306842151251,-0.312245383713162,8.39707342654583,499.757043612248,-52.740542099491
-53.2201564416391,129.107426435645,-36.2200961789495,-138.227514427592,-10.1245961003006,-0.343892047414556,21.0713494793235,119.09263272096
-30.3635937530344,46.3009976387902,-48.593596006147,-88.0908966397874,2.21926717710448,3.4462507697026,157.52372612874,5.90338927880657
28.2930548623153,47.4732679168519,-34.7020751521632,-120.777144215778,2.56873661788995,4.66431457443696,553.846596958378,-38.9543194947037
-157.229947082698,9.50728339888155,-29.3347460466102,-82.3386923496873,12.8538395808209,2.56662372071878,288.933586377563,-12.3389269788167
-127.327178942098,37.540616874714,-50.0299308373615,-126.280434003798,-2.9981734343819,7.48148187095649,352.403332700319,-41.6808213191034
-100.047831220334,86.5593783091281,-34.6156757935532,-145.670188138974,-0.175036726985127,4.61445083100989,562.784943668012,46.5524067078513
-228.276390971936,80.1997593795968,-49.4157024252345,-170.796874466469,-4.42666051309789,9.86535658591674,-349.54497010677,62.5277894190397
-132.00600825846,83.075208167229,-20.6699204168654,-102.915568544959,16.8418222565087,-0.00712813227801234,182.783589237919,-9.92586099991604
-311.097381754866,154.905047161561,-30.2451558250323,-191.253441443769,-9.01299435622786,3.2300120791333,465.753396043321,90.8046156172859
19.5112804934906,105.402534387882,-67.8776000702783,-72.2961812465655,0.07912454608595,5.28537088010489,524.711763782989,-124.058920300615
73.6256104208951,85.2018754391174,-22.0597125404311,-148.648310361459,5.86855572422792,1.08472483099467,836.761042233498,-72.7721149862627
-276.535510178124,16.7328676141333,-10.1653731434781,-0.575303753328626,14.7868935949809,-0.0227522610803135,736.33550642457,-38.1390730863786
-223.921134119824,132.174838222079,12.1402500030672,-204.477679813688,6.48695504204079,1.5965844328166,48.4716452566354,109.148212886161
430.455939890409,105.523389530892,-108.745417283317,-25.7337605830689,15.0488509272545,6.13098075648304,919.487149844092,-129.426148304963
-435.029135273338,264.840273737311,-28.4200030525608,-225.691107865117,5.46353202471801,-0.81181385563832,567.241914140815,35.6389477518096
102.856426961371,125.838835648203,-76.665221731324,-94.9128171761404,-15.07909773539,8.1678739435738,1.10328520525945,-50.308969833055
-296.970479623182,164.704048441985,-20.7232347217505,-103.263134980152,7.70429987533134,1.00905104895355,142.455748647815,57.4440512222573
-650.916118871688,91.8520114039129,-13.3483288519446,-13.4268516111479,1.03299213814898,8.63630383125565,139.79792008971,1.33731323792017
-244.251242221129,121.650100068131,-3.60802444475121,-123.281503556616,9.86945544702758,-0.538505661505042,-389.405794923121,104.081483804533
-91.282819472588,60.1915176748153,-41.9689431496927,-26.4734520376951,15.4781598433037,2.6462010020914,605.122984172718,-88.1518238955905
-137.162514018797,113.494653589296,-24.0314011866922,-98.8063454235453,14.0730026885722,5.82239442842547,275.39166623541,-53.5111383684853
-75.1381764985563,72.7212218419299,-15.3937055504721,-57.1364600802626,7.40776625687431,3.8637018502377,443.517950029964,-18.444025735982
37.2954322525184,110.837083141952,-49.995431199688,-21.8142703731137,-3.08658973700949,2.87133600881498,640.602053130882,-84.7445947139022
-152.073974274241,195.377488455022,-34.9743249626335,-211.143024499295,-4.6037185570749,12.5622304852586,1161.17883388142,-3.45072449564759
-313.213444909386,11.3186973366974,-21.2460958014562,-65.699054970115,3.47143011030857,2.34550200638478,235.657486857548,133.468821835515
-326.106337295656,119.003551413671,9.7894525656593,-6.52235895166814,11.640411521279,5.43242010260292,1169.13839951914,50.7120989001487
94.6036310349009,158.418531366777,-72.1664127605327,-111.995815186674,-2.24030234877591,5.54838179782382,92.3224984859407,-68.2285492649753
-38.0056243525178,76.5903000642284,-62.1966799394067,-185.060557182987,-5.77217147833562,3.98295801735367,441.788803945179,-18.135795485221
-176.784733357172,71.7130840466561,-34.0587985162565,-86.6704890260589,-0.0378949052465032,7.4234451528464,392.530195168889,-39.5819676036626
-93.9076855025487,121.772337587847,-63.1727830559394,-220.311723515188,-5.33506290920559,5.32613056700211,1044.583465289,-10.0337325672881
-93.9061695679848,122.785806350177,-18.6052121738612,-65.0067027112673,-13.8833653828769,10.3390336440352,-227.82362489478,28.5321387315125
-160.769821642061,-11.3987576661311,-69.984689961304,-97.2711610511178,-8.74425014294684,6.6960490764468,-104.634903955361,32.5738875279203
-5.408310218525,47.7758418851008,-70.9327705532633,-115.032730902167,6.2418220393738,8.51830106791749,578.899198366606,-94.6754556136766
-39.4748928274494,163.149849854664,-35.2683117921697,-104.30303079162,0.556304218276637,5.65726107316732,253.308053902947,-70.1398193036293
-103.476322646073,48.67792649084,-37.8925422330794,-48.9939451786049,-5.31413584925031,9.36404923672308,939.916231761943,-45.5040397136472
-42.7749947520606,164.213745231878,-54.0869431048795,-161.83597462537,-4.70935519425257,3.42446513166215,435.342951820203,-83.5958945887323
-61.4901373121538,106.985775229361,-43.9776507546921,-234.000420537748,1.12874166783877,2.94175321361399,256.668938952629,-1.2865912207053
-92.9125130297671,179.921209370682,-52.0409542621928,-136.380338110917,6.96288406319218,4.81771934286371,191.96915854793,-76.5177418128296
-34.1713846665953,145.354656560128,-78.3319577276998,-227.656133850658,3.07583793636877,5.64871648504777,695.528712708488,-57.0449727854357
-220.792218768867,33.6169592650695,-22.95890197056,-137.1037760525,8.34765961696394,6.37450547895787,546.57994660869,-14.4767966262898
56.0570912385247,182.660200942933,-44.7551671216497,-137.444577648115,13.1716679974343,4.22036190920335,591.674341329359,-37.502108346016
-128.238109904298,143.360807482764,-28.028169649755,-81.282770548496,7.49783098883927,3.24521681445185,337.157852816094,-67.2319826450694
196.657360898302,39.6021022002715,-41.0882426512353,-102.883701061917,1.59930352855372,4.83646187222621,-293.329164276758,38.0426677683863
-244.451207560662,130.044599971145,-47.2946121732803,-81.1980663196446,22.5534619074897,0.0426264385256445,629.495775523723,-105.181702603164
307.56174814453,122.251384595482,-44.7752170405656,-113.271508338075,12.9279394093028,3.36648677082849,271.804590777872,-118.323576387978
-353.495441466162,60.2602005800873,4.60741782811237,-161.516563272993,19.2198911237138,3.64705224441241,314.136211998251,35.2413238634035
149.940704914836,93.0894380083191,-102.509623746831,-136.952103498228,9.99965509235335,-0.626857387163909,690.866889346413,-120.093084573513
-114.02592441424,135.35824090524,-65.2789071156039,-151.414122262766,2.38026280544307,5.60960673927912,843.212171535066,-90.1242561498075
8.52785555020296,132.402088478717,-50.0827260169026,-87.9373194494765,-6.97429958113207,3.84402944675821,-299.03100685768,-28.8485589004849
69.3268187691638,55.182298547792,-62.078402151179,-106.084509977409,4.27051074680639,3.34736641220661,1073.52641702478,-203.796235237852
-547.831922083496,117.172302447147,-23.8495116221384,-159.102442086209,21.8439618447301,3.64922037471842,1141.07789573757,-25.0013688067265
-15.7261782459318,120.138310676195,-63.0683082051983,-173.732455495461,0.869621370482491,7.12638492768747,538.523713163057,-53.8992857150297
-33.6934517626981,126.043704710341,-4.44925371799036,-93.999626741017,16.2458337319185,5.01760003090021,1199.26662740813,-2.01968445625971
-504.063327749929,100.577152644674,8.78727568942122,-201.957409225923,7.98988284543157,4.05989234623848,1072.34238958015,-16.3859454212707
-354.902951708966,119.78807791241,-10.4603149155155,-187.820892473261,10.4212000967236,4.47316416190006,457.522317527501,-12.6272774054705
-163.508149572735,91.9890811133664,-28.3951874826598,-225.990127632183,14.0038119929668,3.62515522930335,1819.10749010716,-153.506016648418
-93.3177672323945,83.1866032829857,-44.3789637918526,-106.393188944843,5.44176819961285,1.35258793518005,301.970118990866,-44.9580287510835
-15.3331505524402,86.6305126712832,-43.1956512536271,-131.127206668665,-8.93594512925483,2.10097911926641,29.5064342630212,154.890719642557
33.7674111659871,93.9007795812649,-78.7498548979056,-46.8751960411319,3.51752380622929,5.42190045831376,411.099860696901,-51.1260187619482
12.0862826707526,50.0125514590618,-57.6663387280132,-156.96417775291,-5.2112061708176,4.96163412918759,691.438067403113,-84.0141630595608
-215.019402247301,90.0623849327822,-13.8434994142735,-60.3916373263201,0.409844005679588,4.28205476856965,557.911315486272,89.8996536051527
-20.8805057940335,227.12104252931,-54.4539307048544,-160.422892441667,2.87207927918644,2.86327910381078,642.004743005207,-84.1166587030166
-197.022513411725,58.9484771364077,-33.8642701975041,-49.5627134958049,-0.0912103618175024,5.55188774227281,527.925198893929,77.093618134124
31.4428038842452,45.0286961809179,-51.8742476887273,-82.1795746872667,8.98496940193581,4.47381548947851,118.326272432803,-80.8071601358242
70.7055273784354,22.1203193815891,-48.5265363280232,-92.2020966332493,0.230598043577629,3.68885778010008,-0.936188154970296,-69.5612045779126
-41.0171232446301,118.613986924116,-51.0690671144512,-113.451626124294,2.87828852390339,2.33004336600425,12.251834628185,-23.7372590980922
52.203525699937,75.5730267291983,-62.8045296458631,-165.902224994046,3.06972332326404,4.81870511950547,621.579600088517,-97.2253717522108
-132.196538465731,130.347073176956,-23.7855630016493,-229.284433920489,-1.33954419935617,10.0077441778376,584.911681671998,-10.6996726522411
-124.286814952015,166.267016522208,-52.1426107373118,-43.351705466448,-3.06645656382898,5.26583334355382,750.831837937381,35.2860179828131
-192.074675753409,226.944324016375,-35.7313776681112,-195.472165121675,-4.64709044035408,10.1798521687306,1260.97648722952,-22.9142373976683
-98.915904946829,147.490273138188,-55.5046073038757,-214.574455157359,-7.52165266861266,7.2252804916352,729.671057050778,0.343343909844407
-130.841588367344,149.590835661023,-42.9367307985785,-73.3931287929117,-4.30810312819085,3.9093563827355,1277.15088711807,24.7024455805949
113.989513087567,108.896535384236,-125.192552872846,-23.8621622100763,-3.05534467288817,6.07046167996305,761.338731057134,-146.891489111236
8.89725496155006,117.37401824772,-68.951037611776,-231.612254779597,3.78926305050118,4.88826520183648,398.556329593383,-21.4590597425704
-216.395265638108,224.552713828394,-33.9452619372487,-187.227700975578,-7.55836478008132,7.34922780247871,684.367014977877,72.6786339870741
67.4378118449313,74.1420047697757,-81.7313297246801,-41.6565094822145,-3.80385889850731,5.04322107401094,-10.4818968739419,-30.7407868828086
-7.53270707952834,202.826188143983,-57.6210719112169,-118.476923677343,-7.66120835614856,3.93166677346017,485.067983663132,5.33850310177513
-79.4843434862269,99.8658299872841,-44.4744489795121,-112.070288443967,-9.37923397239047,5.1941392317749,339.487920036088,89.9408261169738
82.1716606800401,117.213229961031,-66.6083451517811,-112.65729040798,-7.42903024752741,3.43015715311049,474.98262002808,-63.8969534641365
52.1302931740502,70.769128631079,-55.421383173205,-28.9196593647648,-10.1617035975796,3.31223322200094,155.054732865508,21.9432943767024
54.5296961869171,101.444725749374,-62.1140022420313,-170.230653736963,-11.6005034192931,6.66550088390068,284.187074799818,-4.41165430288675
-121.796207845358,59.6248971849855,-40.0225663894671,-65.836550492375,-0.987900722044287,7.32879637049336,648.343249957305,2.98901458962064
-157.813775650022,154.697999230557,-32.3952539846941,-92.9376945580007,-0.951637603749987,4.46457506151637,675.54072746358,68.2593020917375
43.1394699251832,101.761926974985,-69.0866697004676,-101.291740198947,-9.98786740233481,3.04899949122046,241.392213589934,-35.6045647666128
-122.444294889416,115.99035733346,-27.5127159644326,-54.8881267229735,-22.0803668863664,6.25136126097641,628.057903838926,148.208481727335
89.2371086663479,206.109244333478,-99.6710826507951,-153.988387897392,-12.5033031397106,5.36451898732048,-53.2580764612212,-30.9205730070389
-77.7881498134375,167.556695847423,-60.3217984289156,-179.083922970167,-3.37825502768101,2.8197980302939,393.069750877767,35.6238697541121
-39.4784686731728,80.8303555774182,-69.296274466953,-39.7381216139038,-4.03976383928421,5.21103503987979,952.138218705088,-10.2819715715086
8.40860568646167,42.5326024869391,-67.4668423137337,-56.8836004287441,1.91659375315066,5.13407587216352,121.02776881188,-42.6689562357678
36.236992171529,148.518617909343,-91.102569386785,-113.34023961407,-10.4438693462125,6.77681298664902,614.504133719747,-53.811515010173
21.0341209177277,220.909204280061,-74.4321921107185,-148.48972327407,-15.205869147675,5.10996444217335,489.227807266914,13.9652986418077
-128.694889432893,83.1435980494716,-28.9486622920176,-106.010825095,-7.18817704700632,7.36416746770556,232.518283450132,100.997258763069
-93.3064262589032,82.4583621462225,-24.7658100593903,-119.059056628488,-12.8955936453422,8.58981969568413,733.394523652925,37.5474638697269
-144.847524730668,23.2019796223904,-37.9000907312293,4.36834795398499,1.46925270099746,9.09378530224785,713.856504343115,-0.5306294676775
-38.6332495853203,53.5699366204208,-61.2892683989776,-68.8274694781139,-0.531367862735351,3.90602346046217,482.671233592009,37.6782198460278
-94.022119403031,69.693471466242,-47.3642120928707,-75.3649571755668,-15.7173733363525,6.16303833093843,1198.00354767648,23.612654710043
-144.007657134614,216.409909643618,-36.4549613760755,-136.188086667171,-3.0383747990636,1.97680877885432,327.715930434206,58.6277173910494
15.8610853487917,75.4098159736902,-63.3756923128112,-28.3015049131209,-4.33905913162744,5.34337093915929,181.612436108943,-9.5201900141401
-46.5832907958393,76.1415050711948,-33.5894520500078,-82.688534463734,-7.69078687165165,6.51716465505888,452.164214095013,-14.7871081388294
-72.9389836235998,106.592917504237,-45.9237099818711,-75.6924714012566,0.346889272157568,2.82400421249622,-371.133264051168,99.709139047889
-104.82893812054,114.798579647737,-55.5898860516681,-83.2852650395216,-1.2451885297196,1.2749346432538,377.834104229929,74.2111465685302
-149.692449044573,122.219952382206,-42.7751861301076,-118.869448543555,-3.66877494328946,2.17587470987928,420.678221817332,129.290734714363
-207.334187317661,102.959009135782,-42.553342888561,-58.3426128012943,2.36671732419927,8.64363554239389,411.14772023879,79.2714188122191
185.36010706122,25.9342027811799,-110.913680587546,-56.0823223834195,-10.0576263474941,9.70839723940298,652.065011649014,-168.589307598217
-76.1058652403003,158.221856770899,-63.7053362874576,-178.108010624339,-5.16933353350032,6.69098442002723,1298.56470964907,-59.7577316323004
-157.31191294115,144.035645500073,-36.1225469551864,-167.550889437829,-23.3576422086335,9.87622560714954,1204.62052310092,144.173029153131
-56.8230204796419,74.0427568748128,-36.0502711724421,-139.902381047999,-3.32912779881735,5.90549353815732,537.807946046174,14.6289248527937
15.5623883611115,114.782318727899,-66.0203994107014,-132.921562931326,-5.60223817131191,6.00025745626772,100.23115156562,-10.1173847294413
-144.586832579356,150.525676042686,-42.4332724786655,-241.5453928606,-7.04350791500474,10.3502626535337,1010.91433337851,8.64281153000775
-259.045382477459,124.40897681762,-39.2174070648107,-71.8574427962012,8.03213502580911,3.46323508865316,862.615271112343,49.4973683454882
-132.586418229388,181.791062623524,-50.8035200771556,-131.332976419246,-10.2496352121234,7.65774200824671,610.187336893425,98.7748072470567
-102.364558766567,67.3274252034971,-33.6996615033568,-24.3942876635992,-3.43261225722381,4.05137558622664,775.202931683299,50.0805427691121
-105.269947008506,64.6875150294218,-22.4784521625697,-67.9113550397306,3.10892794557731,7.12935322994599,202.91415955573,-18.512652467587
-100.282676938397,190.141054237713,-46.9447287340845,-146.684100701783,-9.84297151432838,7.74086085770614,227.828237647976,64.31806733337
-121.101830951884,78.1306955105683,-26.456845874156,-69.2682278684515,0.0173168352339417,7.28636763890972,365.164029430569,32.3232204606174
-185.013720153787,118.410232921102,-8.14169553286774,-120.070943090221,-5.08816032446339,5.28928094720322,807.167741325749,56.4500062940206
-31.4305190563173,41.666328272695,-29.2139170563314,-32.2598738172237,-2.50493474384893,5.35891680213535,111.904112873439,-7.84240709968435
54.0004657610043,48.7829588144523,-50.7426866774622,-115.104214582991,-8.7203196043447,5.74526909047563,191.131823537005,-23.1693956773015
85.7343611821125,38.5699191793683,-67.0636862069514,-68.6584296319634,-7.12926905794302,3.51395619331379,8.15531186082262,13.4498855244256
-10.3887987114995,87.4991319512483,-46.5565824881305,-53.703663875116,-3.98322398361051,2.90336445631692,479.153030599846,-18.0086041983741
-32.7751907065394,92.7678463050834,-66.4500665786618,-106.855145630601,-12.4802945496922,6.86993273403641,227.912110995909,67.4079982798285
-19.7805802495859,84.8499834996474,-61.7307452665009,-115.261637244803,3.05098135085427,4.57257760933135,-174.800124434027,0.980130761068722
-183.507050601809,150.849673836048,-31.4493569872138,-60.0829079501273,2.48588654701962,1.37586810599169,343.663252540457,104.932565250854
-206.405591984447,106.486771173855,-16.3607149657328,-81.3373569079449,1.68774234864395,8.0404114460689,575.144486331497,32.4909840490291
-8.05224018556328,186.542704889245,-78.6921094885111,-155.71778689295,-11.1190152410927,5.61379147914704,587.10325873275,10.8162625889527
-111.061087982554,63.341922813328,-33.8659879627521,-8.75977508026699,-5.8463531017527,5.11960854317658,1130.86097083477,19.682566708565
-50.5248068583242,110.767124726564,-45.4827358009788,-64.8918036330142,-3.522735859151,6.81179949745274,316.593989076449,-5.44672952210749
-137.140329105743,25.4804163127483,-23.9781407163136,-96.0284037373349,-8.9378249651345,8.58527363691246,1190.41805611951,56.2638198711211
28.166820822662,88.7713135620288,-61.2567026058314,-108.470605876326,-11.6688395406236,7.00711805268656,371.85117553411,18.1483096046795
-72.3504226967816,115.596984241318,-70.7191132110602,-151.0376863532,-3.54022016543058,5.9662962891307,834.661904809803,3.80775931102107
13.7265004800865,56.4237650107825,-68.3760872687708,-126.535732768418,-0.916099421519903,6.43095330215874,742.543725346055,-55.2244591962371
-40.1517562487275,90.0334762573548,-43.9260336046173,-71.997538912954,-1.90493758366938,5.42778768925928,442.997956419047,-21.2752319828214
-85.337543242902,9.18329249693488,-32.6752581618239,-13.4336702750297,3.25654866336117,4.52431462977256,273.654375956844,9.96303758296563
-54.9095423474355,124.821459890809,-41.3041736817395,-86.9640375131712,-2.87480801462334,3.12023733371461,85.4372757397814,60.718039643667
51.1018262435391,113.081371122622,-91.6803994092479,-31.0972941169648,3.82433994254097,1.80087652457587,299.322755739529,-56.8483465332174
-147.548446268614,230.650748177963,-51.3316760063426,-132.04095989382,1.28619377519499,4.64926803253184,182.439652558773,5.3430171611858
-106.133974910073,183.782658830736,-58.6311120422943,-211.658511650489,8.13258199335542,5.46126127215393,264.294908055075,-30.3543787480382
19.9203457656595,106.939438207584,-54.2270325189165,-172.255398277972,-6.19327765335038,6.43675470540143,308.754906233557,-46.0344781948661
-47.2336716165155,90.3251786070032,-62.4537865254097,-73.6722252624895,-2.15133912410238,4.63334679538093,453.119846269416,-38.7608165401616
75.8823574556736,55.4666666444109,-85.6266528027336,-13.6568083788734,-8.7534041751951,5.35806562539074,18.0168364052952,21.0052297323891
75.2564601437916,138.373502174305,-74.063649423988,-143.638670753746,-5.3724217833369,4.29470910756208,6.12412588538427,-43.8509684589517
-207.426412773272,58.69097441759,-36.0836776961223,-41.273761331795,0.920346871142101,5.29182140008925,1028.26811303169,91.4198858654709
-74.5761380758922,206.025857378401,-83.5588838875847,-176.321940826409,-3.20403669468942,9.23252816338209,1047.09717033918,-33.2569685363414
-90.8867811290547,113.758992309035,-42.4714378157441,-44.2944389401491,-6.82425108095049,3.84792987175024,146.296111905845,86.8287959187619
47.9740693854401,102.902109727234,-72.1986540461949,-119.583842172899,-4.94663316348405,6.75809453336115,228.447778424073,-69.8286247668921
-76.4299401245516,137.884555195938,-40.4502285179769,-102.193993903365,3.25775019751745,3.07046529348008,935.158206483611,-70.6279117615777
-248.331250143543,152.65398071611,-27.182878010688,-26.9198389193189,10.1844295035116,7.37069263256853,1086.1698296658,-74.0584825755213
-146.955280518887,99.8644284048642,-28.951505164383,-78.3118906007876,-4.52576050661446,6.31820096888987,876.940358312073,65.494988073362
-192.804357783971,97.2034969960951,-12.9007110357925,-150.323554046468,-7.30136288494396,5.80363643249575,520.431109235935,136.786760830975
-77.2433711013218,61.0711323251016,-39.0810382300697,-141.818395812137,-12.5291373418731,4.46240303723607,702.424305329529,89.9011871931652
-175.424239179672,73.5274424747477,1.62588805926498,-117.697192389129,0.902500774231157,4.24810202632943,629.18144724127,29.4874678173655
-52.762082360794,61.1228258404808,-28.5827378548602,-37.2428065564127,-0.181015569873125,0.954163338377839,318.051345738088,37.3906622203504
54.2586567505787,119.643945882326,-54.6007548383786,-184.847118194222,-4.47622327803401,2.47732735369937,405.266050058429,-59.3027675951598
-93.0166556918703,192.388450526982,-91.1607358218607,-81.3146894781967,1.13191140419804,4.68607693107333,1035.93908428747,-9.87803515711857
-48.9489088616683,83.7641549139516,-86.1057023070025,-103.734706031668,-3.24255339919182,6.80635903240182,1263.18809449443,-87.2414607862156
17.5746622944935,134.7152250648,-86.226555178946,-148.018745936715,-16.058863796321,12.1969679028261,-31.8127216745124,-30.8212577251543
36.9241835320572,74.1716307148745,-81.2716575148024,-74.7303601983986,-9.34111881868648,7.18869314778294,714.196924278134,-66.3334070322235
-74.5152464188432,136.443820396991,-51.1309069517301,-154.848537968432,-5.69862203999219,6.51569660859241,827.937433809268,30.9708207386066
11.2544459057826,127.31672477621,-64.0027924229216,-202.901971746709,-11.4224105642061,11.1845820724438,11.8297563253,-17.8801368714485
-177.561318456515,120.865364333475,-23.0957318587753,-107.360913729746,4.91380393114378,5.24470905330963,808.553111731846,25.5883300596252
-10.0569173867552,152.115069421023,-61.9910195428674,-164.221619825075,1.10842260425125,6.93196311502834,575.606740415707,-86.2645771837779
-9.934530330298,154.750811951686,-79.787576869945,-129.279208432257,-6.23952401833958,4.75726521704928,120.931659349822,14.486384213611
-90.7001939165639,191.937894059629,-85.7490652257238,-214.691837605726,2.94822405014202,7.68068558607047,748.495656246771,-41.0425610664897
7.87093744482263,197.406598276168,-114.172563510685,-82.5888420188567,0.428578742837999,2.25113372146507,480.737069988551,-40.6437411398583
-44.9077425545693,112.169799645431,-74.0260973580298,-25.4668199550943,12.7795002385574,2.87017097801436,65.5046489920169,-10.9928397844451
-129.531524045749,81.7542787261773,-46.5522684352545,-149.221487438968,6.20683273927716,7.09823567830608,1361.15353677716,-73.5913933993143
-101.246512328937,99.8112145703344,-59.8607955948792,-59.4634132862921,-1.50890122273995,2.70107058975555,215.417416687327,106.351976600883
-159.775536843943,147.602232530335,-47.6792267029086,-138.410097305365,-21.4338028767233,11.2137776714953,1486.64617205648,89.4935093450149
-55.0805566460622,127.229311294126,-28.0633029561432,-152.813401374995,-9.13456916816176,7.33544653197168,550.14064595403,6.95960809271492
97.596538454527,118.523747943,-80.8568821259541,-94.3408987391958,-12.3283061866823,3.5960178944224,-272.593421716418,27.5408183249601
-14.107051253899,55.5703163352664,-59.6142499740454,-199.472161313275,-4.31337893351156,6.40296889886667,529.506362179774,-14.0800927791133
-36.307774074412,-10.6668595712472,-40.6564344549988,-35.0269592117984,-3.40854557607963,3.28587514860556,665.908272465727,62.0027714679672
-15.2688128740701,125.914593551861,-59.9378294748458,-62.9965747207607,-10.3163777476875,7.32666995478212,267.136023166036,26.9657157627007
-175.273049433425,96.7433792502634,-3.78166280289588,-74.4392481670293,-5.3395486757945,4.46685853786767,682.780518777567,88.4950883426172
-51.6621894817508,156.854907086439,-36.1171382555767,-147.259048174878,-5.61010251202606,2.11462578181818,491.747353509705,9.89800854008354
-128.914771472118,96.5245406015674,-43.0313273364518,-117.281484484061,-16.279259964198,5.7513331597147,1046.22944576245,124.865680807954
43.1667419623363,119.2149487262,-60.3441469790705,-158.168181382382,-9.90261796693812,5.91656966690789,133.202670520914,-8.89272219242412
-92.497482508159,261.776758580467,-42.6126641635055,-113.527488541415,-9.65442596887442,3.91784815949359,318.089957723452,41.9593676020195
-35.935109697165,216.469074754394,-64.7075879137556,-137.489628805444,-7.9032189642603,5.88702741527231,344.748935706193,16.483334647477
-34.6011424226017,164.414669506499,-65.6689984061413,-145.661520806047,-10.1130849066431,5.12579325130355,557.975751094258,36.0453446680331
24.9665220238712,79.4410866504113,-82.8774935247893,-47.6098805286601,1.12324773363071,4.02597151575901,694.478201162055,-104.358864316226
-64.7264555729344,132.950263606679,-60.7043850654773,-77.3108146851446,3.14562948804087,4.45483632123069,449.414638344315,-37.8424841747619
91.2629562764341,195.404183480801,-122.102851234122,-154.681360776231,-29.7302364334773,10.9528441850853,202.421879488482,78.4686154032242
95.4371270247357,50.1259408510596,-84.8326437382857,-63.2006089633869,1.12928423820267,4.50950205832487,256.93955558513,-28.6018412848498
-76.4512548751372,105.563807693006,-35.7413739777548,-66.9356128989093,2.57938849838683,5.34146341688756,253.302365300668,16.6706873598887
-25.2534781682043,51.0943883680302,-23.6378332833083,-70.9337453321496,-2.60699632632895,4.7263986926846,359.628218923201,-38.6698767863272
-108.437624796585,98.9340447937429,-15.2732764007233,-116.190612043068,7.25189807575589,2.229391102097,-28.4528922574523,-18.7519932200139
-365.253447445284,32.7782115875452,-18.1488025401632,-99.3548565057426,27.1708954954483,6.64894854862359,761.630847412918,-77.4085202311526
-126.070744002751,112.277092799481,-31.8881213824352,-100.46128006278,-1.61673897343644,5.92414777004888,-10.9551622144063,-81.0570171198669
27.3482506516407,59.9251488302743,-42.9685401215611,-42.3276764026814,0.483209942831309,2.99128805371583,172.523495339701,5.10348654499103
4.77179599963711,68.1722778058647,-42.5023962735577,-158.586081052781,5.81498775088767,6.20278056742973,1089.70363905546,1.44515653768758
-680.547612500101,150.745987829951,13.3167384286207,-46.7134879143705,38.4080091706487,-0.651100593592673,614.104386898631,-96.1596047335388
-1.22337145377423,20.1537597194438,-48.9835333128212,-116.366236625065,17.0601718366379,5.4058168680931,-6.84787563695863,-112.466677960081
-120.058402253431,184.059555637315,-41.8317233037378,-41.0839900943392,0.483749355135842,4.36042130185524,705.640713892863,-20.2212165773449
-439.60838631665,174.726062552872,19.1010625636554,-245.165661588879,21.8300762456784,2.75800226461433,923.21039283573,94.252221721963
197.859788944595,64.0578288611214,-63.1360092983814,-65.5056480190688,15.6003644543816,0.313248404221667,-100.530710140665,-94.1696663543407
-44.8481328145135,62.1385095187143,-55.5274899722135,-121.786716884206,-3.67390544037335,7.59386907581211,445.563179869234,-22.6007856655633
-116.193885670116,84.0102119103249,-22.9283492019604,-62.2043833562348,-2.46620178501325,6.46827792162367,393.321214739572,0.901717786269728
165.890376948028,109.704167531163,-71.652750166475,-215.596551435825,3.40042468946194,2.57858024079178,580.281068086821,-143.05955572841
108.800351749087,7.02655140749994,-109.207394701829,-68.2684946608515,6.05214886952308,4.74457872273342,731.142400952071,-181.970420904589
-158.540894415913,238.830813904649,-43.0421686636109,-255.152141653969,-13.3579848496665,6.45790188362662,113.279464819669,85.0132490716642
-76.2557942849235,51.5985958384263,-33.9943976436334,-87.2624431134973,-2.10596012446331,2.1301251662444,-409.127338425434,65.7002247712662
70.2633914928738,99.589073393734,-66.8361643899916,-143.932664990345,-6.00153115294052,8.55313757135082,-30.5553254659171,3.96183805151304
91.5411514045554,57.6306063822267,-83.5593946563313,-108.681071625049,1.56146350348718,1.74053711918532,-63.5325664641439,-1.64289092897525
-159.440010715189,61.2235894644982,-47.518539643148,-137.724374359022,-3.28869215020677,5.98370191772119,204.181286440343,37.5990438161389
17.7095542453244,147.201655543169,-64.3425538163865,-212.731626674591,-10.0900795070193,0.78308206894144,575.957471074038,50.1426211806975
-51.702843637031,121.446908741163,-65.3087396770391,-76.9201812633182,-8.05688484054554,5.31925521332596,-2.76928842160123,111.96088835007
-13.6598785571696,286.117100655989,-67.6760151822527,-191.841668901645,-0.74093453946989,-2.06004111156653,-587.834273389162,82.3828646147122
125.684224023018,149.887034448908,-97.7530542704189,-162.899871629605,-1.36573852902438,7.09663021266169,301.694708898081,-70.3728549069856
94.3291226627771,39.2320150285086,-60.2013639320503,-33.1199750369924,2.14055941188781,4.03949930123053,155.48031573341,3.73591124499944
-213.359063964337,80.9827387487167,-3.02795183617854,-50.5549619469166,20.0097841999086,3.6906426910864,383.975587695182,-68.1363681935254
-220.459485179192,61.7392452301574,-6.37247526043211,-163.670343546875,6.22253870448912,4.54615373950219,344.662936358407,31.0878874018672
-67.2037223563093,86.3165703053528,-38.4501391283666,-55.7847818412265,-8.45150291347818,3.24313493467344,99.3507618130116,59.1051521627815
-121.083344991654,137.857336431363,-22.0646815587147,-93.1655550717551,4.30375584282183,3.02976879329071,28.578760610937,45.4906062663067
-215.878653362401,21.00312218201,-26.741301056114,-95.45616161199,10.7162860737517,4.17551841815293,176.451672858326,-13.2017460655652
-113.279936621311,106.351012033687,-64.3184679027036,-230.892813110819,-2.46653237391729,0.251380674220854,446.342434409511,-55.2185845947533
-1.97793819537037,134.221282397333,-23.0001708171185,-133.976046761301,5.11028952695779,2.07163902163302,1243.348679197,14.7010056603758
80.224934347465,81.3920457135682,-84.7221388797698,-117.177695023754,10.4182390243441,6.41791346206446,246.025348355644,-123.705802624645
-72.4143500978753,147.301689852931,-78.7442478084558,-185.094949879014,-5.12566300442268,2.2624646146287,813.857221786675,-17.1823446011767
-149.768253168513,148.551638259683,-37.4803533393424,-354.289123791277,2.22748094163398,3.81576882585068,732.306027868559,46.0640398669639
97.2256206260281,104.204494348291,-101.446525157044,-106.646020435175,16.8385477756092,1.81731439114083,-350.477657062627,-92.2792518573988
-79.1372405044676,59.5310465423026,-79.906707621325,-44.4611169842101,11.8737966569752,2.29799511931924,-1.19724328482698,-98.2436964671506
-338.738708442776,143.08764952996,-7.79170007646462,-81.844088028578,-2.01468193464461,2.4247846666442,1364.02325277122,151.205898648288
-307.575470762153,94.1468469971733,-38.1447351727984,-96.6256956695361,14.0769990488188,5.66379093327851,487.476560964758,-53.6021247848985
-196.466398574041,155.665684147658,-8.78856111029017,-206.838432948804,-7.35918767710973,3.9942983580695,92.8075254919822,93.7503810699563
-360.855412854813,133.583654894952,-20.7789518123027,-148.234098443951,9.31061443626822,5.86447916227553,1339.48251876108,11.2702910902299
-177.083457655943,81.7245162506297,-27.2886470162193,-146.920438733756,15.4284446950041,2.28019521854003,-189.442902783194,-83.1408106686431
-8.9247495719892,40.4553199460643,-14.7171577357713,-98.0767622412968,10.7768531724942,4.66751168799237,263.874783207779,15.050388652242
49.9436304094597,124.501672679024,-52.8789100434224,-174.794190317276,-11.4092455852369,5.44876593461959,101.690678121852,34.5590631878586
-43.6543119773742,83.9790119917889,-38.4306619170447,34.2767641325772,-3.42610465698817,6.33544710390561,28.8728811529872,22.8835219848988
1.60403942280209,83.5009855439857,-59.259407462494,-39.2396332969656,-3.08913648253656,6.00414152411395,314.866737967124,8.05237278387995
-71.4991233273904,126.832230801931,-40.9185438895947,-120.656454809949,-2.97821823439153,4.98754144529812,-127.609851203044,103.308945049066
-30.5811193988848,148.167761951219,-56.1789623748627,-183.694713418168,-16.119105333928,6.85665201692609,527.586911691236,36.1302897990754
46.2201094870106,89.0206041268393,-101.094272207818,-83.9253881097538,-5.8659869168041,8.02353439005674,935.839372391754,-90.0111996163105
64.3524503399094,142.067388399824,-33.6108969655033,-100.869834585785,0.285904281510739,3.92248692172871,613.970265290496,20.3585478333116
-68.3969442131929,184.515311679151,-80.1481957638171,-140.115420710034,5.01567722231266,5.54583742561954,1214.55562150718,-157.367061416007
-128.390390709486,118.226606921467,-58.3280902614206,-120.863847315253,6.29431232486968,4.73215750778036,765.992932200854,-77.0492829529649
-96.8395276880124,204.749755059769,-53.5780037850782,-80.4600032325761,-4.38695838059357,5.3608802772651,354.607028766424,67.3764361898939
-35.2537001922101,39.0927273949783,-77.9520179840911,-128.419767393374,-5.24702122007875,9.22240490718832,370.537564920814,11.8139346926037
1.67024321339704,95.7909650930524,-53.280379305128,-125.787313109493,-17.8964771465835,4.24007294299372,-194.473423404736,161.751647091136
-57.6693967468163,83.1895691231257,-56.7276833061769,-79.2047383740683,3.61410581209202,2.85035730936215,825.186378000094,-9.38164521893486
-18.1263253727084,75.9360810578801,-59.8468276806088,-101.738325632816,-4.3967223399959,6.00468490649655,525.392938881174,-13.0691639080105
47.8325903766672,78.5202460730625,-62.2674080335855,-48.7863318054151,3.97331571594987,3.59621184457501,257.207910656056,-86.1036259218818
-30.8619721057166,58.7097728815497,-52.9704875470306,-70.3237201069933,-4.37261398012924,4.061400323415,-50.911061317347,70.1720875273622
-1.96301365661202,172.718544242528,-69.0492808651616,-170.607791365022,-18.5583328906796,6.66254539934016,620.338789239016,42.2814003594358
-125.791724361501,189.187350808992,-40.5575551199872,-191.220221827331,5.71530480429647,4.9159918166406,434.668520144107,8.00428335153265
-93.2708202695212,153.255325112739,-49.9753885940627,-182.099016719632,-2.63899799710452,6.90428608444017,53.7794679497165,37.8985243885036
43.8947389981622,124.651386174693,-55.1508647206065,-173.823224963027,-9.97191568237031,7.07332154311734,-162.932244571828,-8.919166752612
-200.544501518118,97.6375469806735,-6.01119821227621,-108.167873764352,6.58987259429341,0.933831754140556,451.671885733202,102.495042422335
131.943403605415,100.763819107058,-77.6829698935908,-185.365408816579,-9.45359666292097,4.73170750044301,140.975555337645,-52.2249927178927
-56.722984588152,62.4175010546751,-38.6574243675859,-88.9768963822698,-9.19655920680088,4.95721259558923,435.075263399543,63.5267801870432
8.69229622501007,158.243349255179,-51.3191751121631,-108.035468050148,-13.7746613959462,5.26173383111018,122.210805116309,68.0592281144509
-108.372087363125,81.86957521156,-31.1003101332344,-85.8414523392275,-3.18177839590862,4.78469855895673,613.31723370048,33.115176080275
-124.761608965864,80.6922932006855,-42.5573149493066,-153.727447437646,-1.38208068242966,10.3112584704795,635.759100576368,18.2577694582287
10.9594093911728,33.9403292681236,-67.1889565859565,-30.5796417867641,4.545102659642,2.90361760638189,296.801919918602,-42.8296230218111
38.1220088834671,53.5845667917165,-60.0429216965786,-54.4484230365488,3.4446508356923,3.15607135297614,39.2182999110955,-65.677918869289
30.5751967547985,83.5417227491344,-68.0868905883253,-207.166122611245,-5.49900049009011,1.770069479222,33.34147842948,88.1668852388648
-34.2214397719308,113.837223527458,-34.3795926804487,-130.632880670312,-6.79768623961718,4.28272654348984,57.4916106001474,10.9917467912164
7.53606866706923,135.158308303857,-68.7134032519389,-138.084281753487,-3.96570089971647,3.76951747280327,497.445294703735,21.7182781523443
-63.8001289419117,276.490157265347,-55.8125594980957,-243.726014253174,-15.8296142542968,6.03996131868917,859.415880331508,45.6203529115301
145.739561232898,199.692502495585,-122.911513681951,-131.385659329091,-17.3026625782804,2.96064619685058,467.505631945081,-40.5443691183364
-77.7129330795724,74.3813031563041,-67.4633061955392,-83.6870228559856,-0.875781766299042,4.65363292192342,22.498411515422,38.3817415504163
21.6592199017323,111.663575184546,-82.1936850688653,-131.577098864173,1.27382418117486,5.09980411519064,84.8152802285113,-104.767922171432
-31.8798000123934,139.343872157748,-83.4107581205026,-63.6018415924045,1.64093242580566,5.29427452210803,286.896066205503,-43.056723484573
-208.704885374951,143.358417295647,-22.6528964888566,-147.702837497432,0.694492949842243,9.06340389499383,781.244744535608,-0.700125741828742
26.593161346711,47.5854515457395,-49.8597410506627,-106.545849585469,-12.4182849212457,2.99647333793109,86.3607000587217,65.5758255447154
-117.373192642284,125.179728205658,-28.6515986570157,-82.1722067605697,-2.22132649440755,5.04105918121786,385.71046337625,45.0989676528261
-51.6249575022957,109.382714815177,-53.7080106362264,-140.023981248451,-5.2472385038418,6.36225731814193,-88.5669873193547,63.66370987134
-28.597013956809,76.539071601539,-55.6339443522593,46.056178712468,-6.94685388348262,4.76417083104025,448.255766321105,-24.4294825333345
36.6286414409115,-9.86042815638211,-79.8361043431287,82.6738128873112,-3.99673184966377,6.84239685657667,196.824114052637,-15.5035395217128
71.1073929591803,133.904761866113,-98.1190780188044,-76.8875851335761,-9.71031792394388,8.68147824022162,388.47429433596,-100.533089082863
-90.4461948024473,50.5734978468099,-53.3942480639962,7.25691239955631,4.67452846182277,4.2816705040168,1089.76637042093,-58.4419483165548
-127.351832338737,57.3064045576648,-22.4434612630575,-97.5725713701358,-5.37758665955334,6.34920036063704,913.841704778548,16.6869215811894
-82.9286271740311,90.0472665064226,-37.8042208059705,-87.7735785112018,-7.78897319640964,6.51808817553683,888.658866171532,2.65055334976932
-30.8766007424921,109.327875146941,-60.8347554103166,-174.807253472623,0.425959225482075,4.01150975134806,373.918872217371,-31.7026973406319
15.3799366312451,114.297764787902,-87.1309257156245,-122.967322893353,-9.6761981076379,9.49470719037345,736.711879692819,-25.1314623552462
109.781994986362,108.487982436753,-78.8074364911809,-137.205813219596,-9.18907933315495,3.81028804618109,-122.738770859243,-5.3565575570974
-48.6660216404853,87.0823244128551,-79.997495123338,-69.292870515681,-3.55684264854062,9.29307781264652,478.432268508768,-58.3215420419219
115.902621207555,111.630927389866,-99.5138975197333,-163.710321566032,-13.7623016417492,7.94857048609992,665.619062310529,-77.6588884754965
74.7175068268407,103.639353287712,-80.4016275344984,-197.114088380244,-16.7948996111518,6.55868676140381,-326.976955199323,68.3273731557274
-204.833139037422,146.033008899351,-23.7911329438502,-158.123876952639,-0.711466348807733,6.19515106262406,664.04355797188,109.955617103566
64.4764539007156,104.645943504969,-105.51694701318,-77.4547269655304,-3.1202663416916,4.91151065468875,212.546291014456,-18.8336681067449
-84.7709610975635,182.645936864832,-59.9607665416988,-128.389269385458,-0.935815900775196,3.39819026876648,870.291634600886,29.0776570998642
-264.298254978901,119.710134981405,-27.151895718911,-219.507350966756,14.969827869274,6.53715160257707,951.591011559067,-20.4766677735606
-140.016732720076,185.731627653004,-23.3889897412737,-73.209276242269,2.68308378553411,4.91886130010244,183.492569980575,19.58129430591
-68.146949028378,113.45156365048,-47.1135889763827,-75.1588437892497,-5.39194997034792,4.87846230418654,5.91914924692901,41.2346800664127
-42.6362280555186,189.54578889969,-62.8548521688354,-143.678100064586,-10.2973505952577,5.78173556849652,186.754377214842,46.064313234092
-70.8639165760542,107.057583485032,-37.7812887862747,-116.350338110438,-1.39775931376425,5.00685903292469,389.949830961268,32.5629263614392
113.239771559805,137.523995881289,-88.8870684769281,-95.4596179703067,-13.4794361378808,5.28207933799422,-293.681028429789,-0.368059289292432
-77.0788271591591,78.9299269252224,-54.389070234356,-144.671734001255,-14.4981258048083,11.263832381781,541.834154340788,84.2793345211794
-8.28491208447122,55.7116587137425,-50.0040132589493,-132.401853815594,-12.3994328236149,5.56593411239737,1056.33467229087,40.8908592578809
-6.91743419344857,99.8680124548846,-50.7631350068295,-71.200591671497,1.33160799399593,-0.443024687716388,451.568513855345,-19.0384034978415
-52.5530488619697,72.4840507306362,-48.5202802171989,-77.7070387566109,-7.01030398276635,8.67592947915546,775.792196022347,-14.8754894064195
18.9476701895783,139.584794410635,-80.8807939018225,-163.959436314814,-10.0809180439901,7.89019017841201,731.462285942893,-48.3692139152772
191.352111744483,67.6478546742292,-105.37477033407,-86.136103960358,-7.88447667837136,1.84214171343774,-392.711271687382,-28.9974981634296
17.7106123540434,141.295439316687,-91.4864433390176,-158.275575661391,-5.22158309014048,7.86665628867195,-57.2311187955347,8.73815008378006
-140.048615913925,125.720919699339,-45.8277968423354,-118.909439094874,-8.72692463960266,9.82258608577831,752.293415025761,26.6443821292705
-139.162039919858,80.5215188972215,-44.9453690124064,-53.6191021998675,5.93752175132613,6.61350741956267,655.198666924189,-16.8970798161172
-110.623648782552,75.2801296840771,-14.5270454054407,-41.0875359382917,-6.69612875237362,3.1965294095935,346.535012936169,109.708458599882
-127.501883816753,98.7977459149151,-32.9133786122557,-62.3546797169402,3.6776650267002,7.33742019765486,765.111108401499,-26.3629927629081
6.16143719853062,143.078598454595,-58.3971884647472,-184.544417501937,-20.7206666843576,6.91093310116412,3.65253157423285,98.6141308403166
-89.7199663933425,81.7417261784421,-40.1876072667364,-67.9296838965674,1.17816077335874,3.50593715155992,272.022703016068,23.0720742451667
-51.1989709129266,18.6716568217853,-38.988243740896,-119.048841054042,-8.57101001024239,8.72989694336138,414.442038625362,39.8449622134212
108.778734168365,161.987598248175,-104.610967796158,-160.419528656621,-11.7997073519782,7.05971115585999,446.955977513389,-59.7862178304495
-46.8652336865853,128.520267021813,-65.2245417578379,-34.7037687232587,-5.25796607536904,2.70828125929256,414.202850836446,28.3086389411601
56.5356828405638,101.747508805565,-57.2783725659065,-166.372747709412,4.76642641062062,3.52256296106498,754.360531405546,-74.7045875794865
-22.0264423135814,85.5242859383211,-37.5325111681668,-98.5875140739954,-8.38388415792724,3.62717418739703,273.546472951009,70.8947814369239
31.036504250842,127.146391873437,-65.662815933465,-140.817260114738,-8.53669816043111,6.53579506918322,117.978639758323,-40.6459865085199
-129.716780712639,89.9207691959746,-34.3716932482057,-88.2602883264772,-4.64509219597471,4.38955248538696,316.867917834081,82.562773845013
-212.50431790344,135.576289644596,-15.5827064235746,-14.3853174700052,-2.53983428869105,2.20062171904283,456.424944854916,132.503698939636
-34.698015009737,121.801305182184,-64.242825319714,-146.79193049467,-8.53031128839939,7.68019203473523,488.579825840714,-25.9667806160869
36.998518691049,122.028852772843,-68.8443116768613,-221.384012220151,-8.85144887771457,5.5453081148662,522.901101519179,-60.4063696789744
-35.3468749398562,234.269904588058,-68.0857890503976,-73.7136868529487,-7.76534901504056,3.01533801649384,446.455456981857,13.3672499390741
-85.5652404032953,162.131778797775,-30.1706808783674,-181.615348984342,-15.2405884902109,5.47412837276352,296.080351669894,109.188213245905
-131.403169183111,102.311233233951,-42.6870153754862,-53.8423661064808,5.63373761961702,3.53247507467404,925.954824311368,-48.8313470607973
-120.21086441497,126.476658275635,-66.9248205373528,-122.794115410943,2.29295435416861,8.15940691982541,1146.70137238973,-51.9736668059486
4.4632898283453,125.461089752178,-55.0509780703578,-63.822405858773,-5.66048617989873,5.5825138973596,352.998623007137,-5.62983261416957
-109.431426115996,89.8322172028711,-33.6802492253555,-37.4790082114632,-8.86834880514652,5.44875392592803,400.498958438518,54.9528183426082
-13.9949982363614,71.8573483017244,-49.3918170904863,-92.4590847077779,-6.00223201863992,5.03974807167106,479.257958599686,-6.29496140745323
2.11547141391202,73.5936541070841,-43.3482137928513,-74.1682795688575,-4.97446756999125,5.42876120372603,217.486278746248,6.52908850740641
-45.8023165140476,3.03846623052959,-18.5472313308564,-11.2121836410406,4.51532678359945,1.35246331778035,104.625664236395,27.6986969487334
-189.344303082355,61.1182670613182,-11.7117109512619,-88.5458714988054,-7.93059363260545,3.99215708300471,49.4858309819247,56.6474953844809
-164.432667184366,97.5149958358743,-20.0320222314695,-77.4562202600791,9.10452861791055,2.80636874828633,129.501910164836,98.1741703882872
-186.693733102409,53.2206012296083,-14.902524612553,-97.5660487134592,6.40710051667702,6.35357750395997,798.373934225398,-14.6800483729457
87.9577444029128,89.5554945628537,-73.8328970007278,-110.680547226715,-11.3188126379828,6.79936808252683,-29.3003025432845,-8.37606508276076
-43.1332811058919,21.8002097452554,-44.9366333471553,-116.312927270425,8.2595182700652,5.01198560478224,105.230651168473,-3.44947657507146
-261.617380276239,53.6971741710731,-53.6282570857729,-6.54666645816178,4.20666841035563,0.600114101500367,174.208490308949,73.1362839541043
-50.4309707336652,78.5550713515258,-48.4871835038794,-158.131986233639,-7.33425760720274,5.44570700574661,433.901444005023,-38.3404455546697
-69.217867135354,60.1292721566533,-33.5570605299217,-119.482217725686,13.7099448591471,-2.40138891796232,484.78001250721,53.4916574383824
-291.758154364448,136.248513766914,-44.3890299660598,-126.762068762284,-14.4037759656348,8.12223495995568,101.260411197305,17.9987333517784
-271.359512280465,83.144772436739,-38.7027754569935,-104.693742941898,2.87851667242649,9.51259190906421,492.436429649402,-95.7718049170508
13.2536114515096,128.905991463544,-83.2726913516672,-107.759841453306,-6.72438622999107,5.17374793935232,154.129365117056,-97.4436577260785
-69.5796951304947,64.0287326371181,-49.824497894544,-81.1922787824587,-6.77303384657716,7.06225675370661,636.363534783683,2.21660970340599
-21.6921624634851,118.882540334926,-59.8636794378108,-137.942527178982,-8.26265085293562,1.52627206757097,468.447299856794,157.534000886561
-114.136621363461,135.373846353454,-56.8392059524922,-102.817619076784,-9.15406138451362,11.2888007823494,665.450216016317,18.1811075540609
-57.7003690595884,75.8262669577889,-42.6550177124282,-49.4775009000223,-4.84618481775397,3.15915206031423,525.859370599996,-12.2959163957494
2.35664882059791,-6.31896735396003,-41.1051793185761,-103.310204585636,6.51474882165439,2.48120329690028,235.241063373949,-45.3279739297795
-7.33666981532588,57.1187884943211,-39.4726421868945,-50.9400563749805,1.28273889741104,2.8955430121423,283.832430325245,-4.19414346009216
-79.1271372880437,58.9969608775136,-21.6452069101069,-97.3043268020847,6.63665269379271,1.51262432214571,451.965310263442,-34.5715563758422
-37.0487183751393,48.3432822706027,-42.2235126821761,-159.626342377212,0.568599557987909,2.84017758739219,549.814106881684,13.9562032756767
-78.2815933649763,116.607071734703,-29.2639048272176,-37.3012533543651,4.37677152754623,1.39521940651321,-83.8388168495148,-40.336350150581
-367.021918511156,131.503709628436,-42.7811425754335,-126.975152520503,17.2884652714674,0.402832862615469,291.363022839461,-34.2891648941732
-97.7778914597584,34.0106575816608,-57.2792259774214,-65.1570196270477,23.3892840553017,1.44087664690596,155.195012430937,-187.995213798436
-323.349029148405,128.817634112318,-24.9565628228265,-167.437704446427,13.5652079617139,2.43897949195161,1305.67623318614,-142.333927220796
-306.930160243239,187.350113866552,-47.3622329971913,-111.535084502022,12.0883835661043,1.01953299484012,1136.95425741194,-63.9440360668814
-388.542330791679,118.677604391109,-15.9424099590876,-97.307062807391,3.20621614882839,9.18799905441119,1060.90619968568,17.1086106166513
-518.105613241962,-1.98119720314571,-31.9494514335092,-120.126355202607,15.0891632403655,4.45387214553193,-516.141053245672,-31.2946853603062
-17.409342677769,51.958213414473,-41.017152731074,-98.7976975710917,3.95464431179062,2.71229200909147,358.064375178519,-17.3230594639535
-52.2972217212373,124.10655991653,-71.3634128551203,-132.162502692787,11.673760870588,0.576273433362076,488.370447332833,-73.7348633044985
-50.7524201278284,78.8911675287236,-15.2965344076365,-40.5284705390222,21.1776468415264,0.266193216040847,630.435565603977,-67.8055349397182
64.8055436353199,61.6338450343028,-16.3698143489601,-150.601599930582,7.28796711444738,4.04742356776842,386.907496426109,-93.6228246307301
-354.116301804788,234.708313540817,-10.478590738252,-189.264775208867,20.8179443192057,4.50289667861944,1273.46198168005,18.8570512915903
31.0339571965087,206.453508296632,-58.0107061539602,-236.698224059925,-18.0652841106639,6.03639749934155,777.743615215455,-58.4400046897335
-112.336353157516,97.0200237164972,-63.4298140513329,-140.683954984699,3.15898239394301,1.7979899042839,269.615359630261,27.0144041091407
24.8385909151984,189.936498360061,-77.1950083990814,-196.674483589148,-3.06313214712645,4.03191552212957,577.820124398731,-62.8162741247797
-180.45866102459,72.3216904722794,-4.86848439365713,-119.981503331705,-1.78633079037536,9.70605463717948,811.722242342352,-1.84330190202672
1.58860724236911,39.7249815668183,-33.4932855674051,-109.143508294314,-6.2990555528595,4.28370425954927,325.854227597054,8.27183909104497
-71.904963136185,105.356779802445,-51.4537256844442,-134.118184307517,-2.54132802240201,6.5014716642072,466.267731541622,28.1085286103626
-408.270012672379,153.753479504929,-30.7817890674269,-181.794780787808,4.31579375819672,8.65059845833457,1795.34904577778,14.2246979151969
-107.839607565955,130.992058884654,-20.2485393286333,-191.142598440856,-3.7772489595809,4.02301225040901,-100.172628955479,-41.9117207126437
39.8458523859299,92.6995095406455,-68.1309846734512,-59.1128480939806,3.19679135884508,4.22192428917333,83.0169027036245,-64.8267519454712
-6.68541218190512,115.791643304529,-39.6083340475161,-112.898819902932,5.77464145172416,4.26948664144584,529.479699578515,-18.7268826241343
-227.042119144091,155.260637981293,-35.6391281264951,-226.510866075914,4.07392630558388,2.07308679124981,789.148592280369,110.691498718166
-52.0927380791836,49.5279550994455,-54.5499868188781,-87.1817692877084,3.12304289774693,7.59665385319386,335.491299800196,-15.8872837372328
-57.7346151216479,95.7130033813592,-43.2292116585377,-122.122747010901,-4.90569425821013,8.059186354134,813.12608032245,-7.66864664997411
161.648447423693,109.0364917819,-117.473616344047,-149.204138000117,-14.2074543757044,3.67918846535031,221.409712024921,-40.9422770988022
36.1917369352013,117.583240584365,-98.2903793394198,-102.226458408913,-2.33651136859226,-0.852443266951013,-403.473540562289,130.897195146332
-185.586735619798,99.4307265953394,-5.52417210251588,-118.266171477677,4.32234204066845,2.90539902864839,305.063286668912,90.8038947904715
-41.8705149446469,60.7111061464821,-29.2127092235896,-82.9764277920622,6.31160480569815,-0.880474400008097,316.896622866043,-0.888999627772137
-29.2721918799798,170.02058582582,-52.3280094884685,-147.91448266607,-5.23968235611392,5.04993761747755,675.233949224054,-37.2505957010726
-29.6974782074394,168.784128880579,-52.7763233861333,-176.415940960724,-4.53263428609353,-1.35541336253664,327.705183232916,62.6046011296785
6.20159673999297,79.2609179796154,-64.256264441181,-104.751942612638,-4.166600226843,9.14625845123373,613.367272534753,-41.7430295434897
-42.7910272616864,108.129137043492,-57.3237469316136,-149.022491688816,3.14697448944207,6.04205615069077,-138.471222334789,9.32115904081729
-20.3085980772885,76.5646408865468,-52.8549384275757,-144.472505143916,-12.2088276313589,7.25601903633833,682.782155033361,42.0252939997736
-176.512531383662,188.862732168112,-32.4102032826049,-229.212277512117,-2.94603205255407,5.50428070535418,889.809775184229,31.1111148363852
-107.076636921469,177.789423678572,-49.3016420257227,-148.23702029667,11.3791355825597,5.70321401696128,773.335853287048,-77.6331966381076
-101.066399347183,36.0367785588387,-36.2039631369698,-118.195650331851,-0.833872318558861,6.07077143927745,315.54801739729,29.467889369429
17.208596726734,120.747302964446,-45.2544719715224,-205.578635484009,-3.10207137129692,4.31747822202306,-32.4830923884292,-56.3454254854732
95.4854291034103,85.7736088549827,-52.5071638011723,-134.492355477501,-1.5729476166307,3.25075488891264,-263.163763653938,-5.66766874973109
-186.320663454288,109.095620932101,-16.6538205262332,-108.264162646024,-0.895851795023191,2.84214947411965,324.472138158388,56.3629347472452
-211.790906404531,68.5349595854204,-46.8498483911681,-92.5623237783511,17.6503740810149,4.04892449363251,192.461146637535,-165.974358708871
-34.6035798945195,96.9757556398545,-46.2432772316242,-97.0403475258208,0.173654286751116,7.91942475829273,185.473038057768,-60.2493358404317
-112.907453692038,107.120637122833,-10.6273249711521,-91.6700577546362,2.25949696097814,4.01552935857035,258.440338891058,17.8387594524756
-64.511914770148,21.8979679780241,-34.7651579890226,-92.0948519489029,4.14063001987233,3.86986778592291,-335.335557769024,-0.187516157413484
-107.860501437463,86.1982974007842,-16.623666579937,-67.9413685780564,-1.87864306707343,6.73436488218795,546.114682493811,13.8111483416869
-16.1711660627532,76.4641257740732,-47.0718173888454,-77.3203476340423,-3.23880122383707,7.06743047578493,309.20004694684,1.5727176873861
-139.502114240982,55.8249002416851,-39.3257273620256,-62.7551721197378,0.861180111376598,5.59755875152041,226.476172969415,65.4358120594989
-95.7336722864111,115.991013912935,-45.1573405756353,-123.046034116612,9.65474851365434,1.96709810096945,424.324753312889,22.0747514301911
-139.980942934155,85.7543111183913,-57.9434512243024,-142.457804390346,10.899520143168,8.85190515988506,1442.26455605226,-193.956306852895
-83.1343509157959,60.031703163826,-47.0653188736324,-53.5373663333994,-0.947442267897713,4.91177622160467,390.321828753717,-4.04040769321
-284.535904747027,61.6039584951905,-37.7961834777925,-123.227279633968,11.2854976201706,1.78352889945381,344.839123071341,-7.88390962348785
-302.8777514514,52.9553682592814,-49.9188671057345,-92.5422879570833,3.44573424444388,3.72224038103013,439.222439489386,-101.032317448669
-321.003690931953,180.581438137218,-10.3617846468223,-115.825882962949,8.64278001116327,2.56374019162831,628.437877664452,-51.2847491079956
99.0200619962925,64.6816683131328,-46.8772652269254,-60.8246642441081,3.81186946676462,1.44925049482845,135.858639965758,-82.2618640250876
-43.8640792568913,121.600668317173,-36.5070377474385,-86.5251518715522,2.13453545459197,3.96068916085642,533.417576228268,-47.3663295296428
-172.839244694782,117.77654251107,-20.5439432058192,-159.409647277153,6.61499788604124,-0.0832974946970353,-143.044361619017,-31.3375891892283
-18.3246396735194,92.1321541248035,-22.0494252261124,-58.4796875192405,25.2655558725819,4.55798848597715,885.29060498772,-112.252422405501
-93.2247280862357,83.5304102593218,-37.5816439070895,-178.080283707735,2.83454728822107,2.78008049076016,401.887911550482,-96.0013908243855
87.8405577327067,91.4348224465721,-71.9901342928351,-19.4491994884047,-0.815845946031914,5.21984115977466,337.346605293234,-24.7018047900492
114.58549910182,34.7949335333433,-91.3861280795081,-75.5964303620858,-0.139006507863996,5.06199387110246,296.07126469992,-125.223477725474
202.479904655527,144.102612606832,-105.452000255245,-74.7295881467398,-10.1365939175012,5.42154205508268,799.733811153361,-51.4133395337849
-0.229382269637426,83.054803668354,-76.7604549923453,-175.119343221726,-4.47162256691809,4.51899240372586,693.179002336707,-52.4185648220955
-173.461231196183,127.359483364995,-19.8906060564041,-90.2592350638297,1.80121727312508,3.23915439037955,331.292515866855,28.5122014832232
4.86458314672927,89.2037155985618,0.0825171002361458,-171.396318790255,12.865494929516,-1.36385877270368,296.450176103783,-47.327508308932
-115.675907063385,61.6252352974261,-13.8294826234051,-122.121537656487,8.00750170395622,1.92441831092583,222.590472911572,-53.3653223826695
-85.5894306349292,79.2895332989428,-41.1525004231571,-74.7533847463637,1.61424813799022,7.02879814233893,620.660276922499,-14.4233229023521
-35.0655426235753,119.767522861472,-39.8899195843987,-128.980505414647,16.9168778461171,4.52377997519943,746.889233011687,-132.753227501889
-414.641973825092,24.2840914418557,26.7149402229697,-52.4661137671064,27.4327714821629,3.65492703509517,1954.07813330335,-75.6017156303351
4.40187949087704,39.9607983683018,-92.5000007944036,-116.022608104155,12.9480543483805,6.99462206422322,713.307762075941,-178.106525223455
-639.572041327454,146.836519947334,-26.9871634647134,-143.965751836018,10.8268953833976,11.6899546112109,1043.95024270068,29.6005671989988
-69.6240113496715,54.7625212546845,-48.2270654070016,-54.0261513810538,17.2880058116862,5.74004180720658,1022.25023822587,-81.9717376560729
-568.04148619964,164.898012555612,-19.9088192004419,-141.207410248993,26.3182219540649,5.95211151154945,785.694485115404,-82.921683785913
-80.6170873603551,85.198992410591,-38.2345357072627,-98.8188764688821,-19.5501835501636,8.07026862021303,755.514593297085,-0.380593920519459
-350.729790421301,88.6362023199035,-16.3803808981538,-90.3419302498223,13.6059686591907,2.07059624945396,781.194860158052,-128.599085265367
108.024096952486,220.898842543847,-60.1396820842419,-242.751816936452,-0.66162824620551,1.74693200872571,449.708298889745,-50.0666230779461
-128.224997595364,64.5192475439108,-51.5095602093788,-117.742311206399,21.8312739695102,-0.83541777778737,560.847923281879,-158.447131196292
-214.824294887424,151.647016482981,-43.8613558779707,-133.343928332179,-0.37810294143128,4.7820788170211,138.609323284662,20.9535590300911
-418.020758474697,157.698700988418,-65.9056171162229,-210.495362204005,11.3334728626305,2.56402044120159,1273.2297793536,-86.7089875656129
10.1453952967167,10.9517454113011,-70.1772150568286,-41.2384236589714,3.33234739902036,4.54709324424039,490.016905054159,-31.6174222347181
-257.236144813913,158.398212730173,-37.1657865803863,-225.653053500762,10.1187970168248,1.29836749441893,804.130354376335,-131.268726441431
-84.1302084041454,96.6548615474021,-56.8954257369605,-84.1214851148598,-0.732900693357806,9.36633465575869,2059.99196087845,-163.985399985921
-70.6059265692311,123.708620276229,-56.5527702038671,-89.7045153078798,4.56747130979056,1.87472798156887,496.459145073255,-72.1881470151693
11.3817484530882,63.7442915648271,-111.873702257986,-3.54654785559978,17.0950210487517,0.288847432137118,-294.669102077494,-103.635817224073
-137.655082316487,74.1001835679635,-31.7167183106831,-77.5322276535953,-6.40890559646505,11.7130714124796,-73.1248325558845,36.5097369955911
22.7352249049618,140.045262595813,-51.373304718727,-222.480018450683,-3.19403490937839,5.6713170306175,521.063510542321,-134.773742217134
-2.29755454302358,27.1232058213209,-84.953183273517,-96.0783938316308,-1.67814106651349,4.76733727324608,176.149911493529,-91.9302865836362
-234.416209067585,64.4584514055496,-26.9555136295967,-143.577416253887,11.4373567591247,3.29563943325775,239.793482723966,0.828510344221286
-192.564801054337,58.7138000453706,-17.8453358342231,-97.6483350995495,6.54629967924848,4.23732545319945,337.649075495574,54.1714570991608
-46.0385783781821,43.3123835438455,-35.0723580461345,-48.4717139163185,5.46427512970695,5.46023099413651,998.157922020095,-70.3354137089518
-48.8073675632331,93.6190482349502,-62.3398333876103,-178.39516692808,3.94764119076717,0.771629886639857,-110.022081851901,47.9468995997449
-129.178076748798,151.737815802044,-52.832810781867,-156.251516714852,11.0992531305965,3.49307766911807,151.124321724012,-67.5581037713273
-151.546693743032,47.318966691164,-84.5822460986747,-106.14801346857,14.8016714951591,4.24599082313944,444.306490685383,-149.97863117273
-241.495272629021,155.794330499688,-38.6866247187281,-116.612059804342,-4.97184367495811,4.05632062830045,-43.5970459696837,126.419020773181
-382.801084166174,155.50594631004,-21.5575508930924,-126.910516198375,0.61023898771964,4.06649006262887,513.733939127822,48.4187436820066
36.8134311703907,103.607571069297,-44.9706113151296,-101.638952091223,18.0193175800086,5.75912586323102,336.126374582454,-101.186870563732
4.21786911773961,91.5213798675395,-16.1820935859469,-66.5598712267529,-0.784804985254596,9.49257977727029,-226.024913290685,19.0108437535418
-62.1041144299961,79.4398308798773,-69.8497424921297,-162.312376390284,9.00868417525635,3.40555270276036,740.23557135,-61.8433694303822
-111.175993991055,117.702506668706,-76.6787554183393,-133.674966965924,-2.5061498547293,5.9635574388376,834.526378859722,-18.2982583278645
-173.918434100196,59.5385042105627,-33.9389139235427,40.6629414164963,7.54811643251378,4.96724705763336,1203.37243815321,-12.4537527272196
-55.2513971712615,107.975225592425,-32.2593663539446,-195.663984379848,-0.402764844817284,4.30629242832947,676.28418789641,-29.4135093288205
-259.168962108109,81.8103938653367,25.3543925432386,-154.262860026021,18.3083225359151,2.47745095934442,347.81513383807,-1.71639675612096
-112.098015349562,132.212315075594,-54.7707263661432,-218.609012421482,12.3140049916401,-2.22237761155702,532.069363661358,-117.452522339649
-333.154789098626,218.439290608956,-8.54083463904499,-198.056438584405,12.0660279276635,1.11349433648866,1094.98229532805,-138.521336772668
-17.0962664274484,158.758487242128,-11.731716924347,-43.5883846987563,2.6910404509581,0.511808250759714,337.716082430299,69.0699945830856
-66.6975254495119,44.1388394812966,-44.9520247477849,-101.168275703356,-7.41477815999588,10.9263359168763,1243.6755235606,1.43460220347333
-163.051705646154,121.215713076061,-17.411289096548,-174.525608858086,-1.98489012946811,5.24303992636851,290.287457928593,36.0184600454813
-67.2965871616761,111.407033062511,-42.5293450894969,-123.066850380892,6.42995791323483,4.17880409782811,62.184395708784,-56.9408931642829
34.5694659839501,85.5007638025563,-50.1005272067341,-182.611120889982,5.05382594975663,4.71751783169748,312.337921968217,-6.52357864139776
139.21409117966,89.5574939357248,-38.429447741386,-129.626961780086,-1.62171834302717,3.3406593749678,399.345580436013,-13.1662453948702
103.782896956589,115.913068948012,-70.246769187248,-141.812324505278,8.32329761506116,2.40434771522268,-446.431569350316,-109.276385985198
-167.109695466468,106.150053064135,-49.8167997178534,-197.633501486051,3.16969663934287,3.30174691985667,518.542837601533,39.2321037219081
-86.5646765577694,76.7286393833638,-37.0947994580783,-66.0779694316725,6.50763862775057,4.90967353664746,-70.7009199020904,-35.1939866072353
-53.9985238276131,185.657537311825,-53.3070504088319,-225.159751991698,-6.12395413747436,3.25497963041198,67.0119840429497,8.61436391378811
-148.599215126138,93.8610306077462,-18.9157010588533,-134.20888102951,-0.54209063802773,3.18787043031625,1084.48272790681,-65.5347425388172
-40.1444475966709,138.68355521519,-43.106267846073,-174.96156961724,-3.45761466523982,3.18425684301928,1035.27192941696,-25.8826516432214
-403.505792674972,21.2031802321908,1.679319546638,-60.4656040180607,10.2333389190026,0.569843298639171,1308.42020669712,61.0227453646949
118.111104423937,92.1328660241052,-58.0417621406159,-108.43613067743,-2.59788248916357,4.5771307569521,61.3404421268206,-42.083348603599
-415.241570277896,120.886463001232,-51.4020631813328,-71.7658525878142,-21.3115502493987,5.20782607002184,812.283855555244,23.8684281402093
194.447927686993,170.907891546492,-14.1122487537359,-143.727368931985,10.5754953608412,6.56894860402099,701.475055739134,-55.8145238025318
-459.04009072778,114.062857233745,-28.4680742594064,-19.6861939673254,25.4298795591021,3.53770056024223,709.445413993744,-23.0992146950739
-30.9000556778628,73.5778983460186,-50.372527771593,-79.2805035272477,18.3169704574248,3.73951025557471,600.440864152006,-191.789922783446
-232.235593963254,48.9935311562876,-13.543707891251,-190.183725663679,9.07708958313742,2.75449031652533,-551.229625251666,29.3112963136809
186.788468064231,171.13980751019,-52.451318717016,-98.6717946090357,-0.639105280053627,8.54656189637899,29.7854281905529,13.0544426732304
-215.424354220362,40.3476524738871,-22.7938348016905,-8.55035686607152,3.67640665142972,1.95186754519818,-16.3435787185772,-47.5284680712066
-53.3192628301476,158.979125135449,-21.8609210767536,-196.62667048657,-3.3708480358182,-0.669551135995789,1117.48282404432,38.9296592172759
-5.02644586679526,113.707065400638,-63.3640766596,-149.572170820109,13.7912353145621,2.04772012824833,231.621447048652,-94.7153139444854
147.593162912104,123.526911232337,-59.2197930867696,-178.575497861522,4.66730942946378,1.40405655867653,-345.11254179605,-68.7114815231034
-32.4611184423115,121.636713939559,-27.3718201540323,8.84193526109448,20.7788868110292,3.21662249664951,1354.96184246361,-12.369581768653
-29.7728355497929,142.979818449501,-41.9358749406529,-194.478457008052,18.7065339514138,3.02293093990738,242.642235317893,-28.1207127167145
-210.137674364552,123.734898412251,-60.3780534406214,-118.634254314798,2.56857592276356,5.75751453448902,-39.3003096308821,-63.942922091439
17.9434603200461,109.900983782689,-54.9383335711173,-46.80032973981,-4.00967601987941,4.02109511703748,236.141559320771,8.25019278524269
20.787437286519,73.1410663135393,-59.3059954215496,-106.309751163673,-0.046312968377606,8.41620505723404,607.69571547988,-22.7636811826087
-142.731727058999,118.78561568449,-21.3296914229868,-81.4066525052767,5.33425116616127,3.32628339134681,947.34047895392,28.8935524679255
54.1838218771936,85.1373528204858,-36.4244111207663,-127.387908824705,1.79318522077301,0.247149768736563,-219.868069046235,16.3464464008794
-60.1384300172795,99.457557599942,-44.2471133356739,-59.8499174779718,-1.60120623171679,4.98207938495034,545.705493785907,-34.0035738242132
-93.0038545056159,79.6082178711404,-19.9922814211368,-105.551026834915,9.73842973035062,6.37242463245639,289.972411616271,-93.6225629424152
-190.995179369304,100.7519405633,-9.04905319968384,-61.8555607460294,4.62388738558366,3.90440526733073,1115.32725067539,1.96901160584093
-155.454262522311,180.779357101608,-55.8431495703553,-268.76673303709,11.2382450836958,1.62803669803543,692.621973241447,7.34067378482723
-135.394782663112,81.5703947407601,-54.7909378380282,-166.263868815739,-4.6197532422666,3.31258694383723,806.96070746341,-22.1005360953277
14.8920576885212,113.347511544816,-60.4849984761386,-96.6835742535477,-1.49034153932007,1.77461209174362,462.032862641863,-4.08430940378457
18.0853688922361,28.4234908750805,-54.3257774501762,-113.654730906657,-5.01798553558183,3.32157217837812,-593.269610883406,-33.3821285741578
-63.8029422426516,34.8559696371376,-35.7504015065224,-78.4793275204647,14.7176307407208,6.83744753523206,578.080875180669,-151.746807981079
98.6325121727423,104.507650461048,-71.2394067964415,-18.4155594398289,-8.65857839773525,6.36438925530092,119.606899614722,-2.66205322327733
48.415382135754,106.224303356556,-55.741193210968,-142.648665711291,4.28628889882725,5.80369608898764,907.690359552253,-109.696311554755
-13.2180250641977,94.2060720268928,-32.0442141374951,-119.298634239403,3.42290980386315,2.43029974028468,717.619672352288,-48.8710042400126
-134.020700342662,32.7806022182995,-19.1704892416456,-21.2570352369803,-1.18547381491953,7.29212611035837,445.065033310311,-41.7342754384445
-13.1848366236372,-9.59123347434797,-18.1939159481699,-44.9627929341732,10.657322782663,6.03755567540065,72.6553480271032,-41.1539808372618
-3.11314396854141,92.5576735319919,-16.1198268876651,-125.754298050349,1.38611067875172,3.65473208476033,448.343376685109,-56.4812280528204
-50.4838952507416,62.9763224928174,-48.3196937577304,-45.6231832819758,-7.14115707001974,6.58406657098021,590.837186500572,-4.45391941792604
-75.3339388841559,67.9201768391213,-14.6195395617178,-24.9137106842827,8.19276445731521,5.36098821019732,362.893419090025,9.0662569222186
33.9574259961228,129.342131303096,-63.1468285063092,-150.134693613805,-2.63751221130951,-0.501715734324534,32.7333495939529,52.9990164024202
-91.1692550491134,157.111479378538,-54.853186111548,-100.843008272524,-5.18416232192976,5.81085562895169,213.347144494401,-4.16953757109877
-14.666762036446,106.370513970222,-74.038664544416,-55.5915504865152,-8.33249144416186,8.05162014567759,106.270738963038,73.7956255577665
-69.1425728734976,139.035105785821,-25.4862808331673,-90.5335011311836,9.06662305597274,2.43827488206443,297.666115045547,-48.3912736925777
-95.2606925758737,99.2905088235711,-40.032821995992,-91.5169410219241,-0.951549808407435,5.10019893751632,451.007877218035,38.6065576357796
-219.985306061224,98.0950907183178,-26.2069323703181,-83.9252267567936,12.2796415149642,3.14896790917555,1010.34081173627,-109.416309696637
-109.375347566296,55.7350195296167,-60.049876334022,-119.44603594247,-3.04052324104123,4.45993695939251,283.852202320457,-12.8204791044263
-29.2699409176712,134.211285727943,-35.7046033176375,-34.10645867321,6.07814839533239,2.51177224061394,-125.336031339219,-100.930417945383
-58.0422844402856,116.845000158646,-51.0549092037108,-57.9736622314085,8.21524986903387,3.19865812944772,84.3766240150653,20.1172929615277
-221.042639585728,92.461529348293,-29.5243336179701,-105.67735573597,1.06271498838032,7.2150572030223,579.554017464592,16.3128615425376
-69.8975339635472,70.1921413214295,-49.5925179887527,-86.08407983082,9.75792229648505,3.14156687661307,781.297113399492,-97.1437512435223
265.70437198205,119.475656430877,-102.728796752795,-146.594086745736,9.44656845778809,-0.0728748829278629,-233.801407843754,-69.8034467287362
-476.656115021586,6.82805442041717,-36.3298498014628,-98.4990969352948,11.7960775370229,3.3913116642434,170.595334646408,-51.5398774909372
-276.454528409027,84.561166856307,12.7550471897412,-62.673706359652,7.84918046077655,0.620272152955295,762.387562747146,56.1613726022624
-139.986256841941,19.0592303253361,-20.9400043524292,-124.02670562701,4.03114789482788,9.82343452433997,285.012479177742,-20.8724422613377
-41.3464396393101,63.5191996399462,-29.4237371800191,-63.9709673833713,-10.1253368312882,4.95648934703786,9.05241016739456,28.0746114294743
-19.7612913183582,182.152731030626,-34.8727088649794,-212.74575924204,3.25909519298875,2.31834951431665,422.727684742596,6.86831231719407
13.7994473001345,151.158787069144,-87.505275933916,-171.615075749956,-2.65803075798613,2.05756406192813,14.2781461871491,-116.415646575237
-298.063147509773,78.1243562038871,-29.2836009640014,-97.7398664836801,6.27845411462476,4.77636659497512,981.872460225237,-38.1946221579274
-59.5410156612679,60.4167533632135,-25.6701099695019,-124.372045258166,2.8125355347438,5.68956267213798,912.213333177671,-8.96162812965486
93.5519418605836,57.1729988619627,-44.5777234145935,-233.205673623277,12.4805377761513,5.78502021777967,762.014923794983,-114.776591209637
4.40676195979177,180.200640608091,-73.6242160238326,-154.038769307299,-1.75094726929092,2.90551507692726,50.9227092089859,-58.8233302588487
-184.376883216638,88.8254218251968,-65.9247667184245,-140.390660217541,7.83087793018058,4.38639595821951,141.068441731986,-97.1844770868775
22.0668503468769,104.78596733632,-41.7158286634367,-176.351856233785,7.41314463308663,2.048284698918,158.324334062865,-13.1648991011898
-56.4420907052991,75.7961990921031,-56.9255052665831,-24.6453866223164,12.6117716896988,2.08915390267794,311.677052036626,-115.293697793866
-219.098231980101,10.6694652385922,-13.637603411451,-118.389805710991,21.8176233729318,7.12174584603054,401.057858332162,-25.6919742837708
-302.079943772456,45.9321749764713,-3.28347139374819,-104.73505175906,6.69472417172256,3.34345011767255,1271.84201850524,82.4637686299538
-417.505470652904,105.245269653591,-6.81809076006175,-233.838849332504,4.69164993209415,4.49158262542915,224.988691140301,63.104315307326
-145.585121957149,137.226341665177,-66.0564599450299,-24.604006837515,1.06535900945892,5.97852256158512,431.581626257508,-7.73205416020755
-284.435755566621,87.4304032808359,-31.3644775259745,-22.0548950135708,11.6354291724856,1.3965150061922,6.47695710700646,47.2794053864054
-7.92701611251687,152.27849777435,-81.3685885042214,-180.56639059943,-6.96416642557597,7.66223951775464,541.343055352962,-56.1919208116597
156.893172107702,146.625052995994,-67.9605103795038,-147.165305390008,7.78150105517125,1.66877850046876,-47.4780648441229,49.7180398454657
-15.2263280089828,24.8179977623149,-55.0179056894849,-162.011279946921,4.90668563413783,9.05007689069362,1250.512613039,-125.173866696161
265.673267009435,123.58522298975,-68.7668365835452,-132.897784082896,17.7578996590731,1.16648549185265,-109.898025896138,-133.948162544053
-117.26250352895,92.1671598983521,-23.1510612134152,-191.604544388596,6.48363488342147,-0.29679295445203,187.224767569583,24.2885615342384
-248.783919560345,73.3091428995494,-10.4309796293237,-72.8902312028222,4.59598880453996,4.69525143411011,848.043859559184,55.6457837201669
-239.885476695403,60.8937635047332,-39.2486127482625,-99.79974466774,2.86369812821067,3.08040838100715,547.82163957422,57.368748547935
-286.113582550446,78.3179922575364,-60.750461612246,-175.499446317794,17.6460457454668,6.38571133671212,1067.51229205513,-35.2484172494587
-7.2189698213042,48.8504077193293,-11.4497279579518,-174.228250907327,5.18302706506074,1.04568268341245,-617.310237647098,-24.2435493517551
-228.556160392589,176.130382258372,-25.4747389736876,-178.467052502194,17.9050225924875,1.19358735342394,748.91699763271,-45.0460718628383
-265.914288022206,6.88128268564469,-60.630250102251,-80.8116635068727,-6.73900353337012,5.00024331606983,-348.245885786338,-62.3122151787829
20.8447010907839,71.91761659435,-47.6962970465647,-96.0930905519926,10.091053165339,10.2900441280508,-239.495401654582,-76.8066858165641
-342.26808901105,179.131741866178,-26.4236114116356,-304.37707350844,-5.01723834298537,0.660044208867475,562.437499701817,148.843763592464
-13.8962322663137,196.456979588504,-54.5165752216344,-91.7338702829757,3.10952913466463,8.64557838995097,1155.56353135264,2.04932389041642
-161.411405384337,98.414894513,-49.2312115825625,-198.649427704921,6.35044982963882,4.51401697475376,590.446111454432,-53.0380972646853
-191.950684232344,171.84911738355,-57.0905041904043,-151.769778299713,10.4508486726118,4.41870126288268,609.456140963273,-169.313449475318
-109.349664175941,52.0689161462797,-20.699436030467,-82.2170021342245,10.9912169592135,4.87569163105218,117.612008958364,1.82488373408705
-289.999202842926,85.8907453565771,-10.1525548426653,-210.008233143053,-2.99818437623617,7.0652925651375,0.77980712572753,-10.6136203850692
-212.19471400405,126.893337221612,-20.9787123043934,-132.832826478498,-3.26089083400439,6.94693934349925,1020.0403847463,-15.6637114235928
-17.6818408493855,108.264174659766,-34.2428683302132,-171.182863943686,1.7221130920334,2.99784427047416,-165.250540944849,13.4182226667326
-72.3486139783636,141.74521658093,-73.8733889467476,-240.088622192954,-2.22370861130184,1.97055362677202,264.973519885694,41.164296331368
-76.0843271632475,115.272036956449,-75.5493453896561,-133.312570582486,-6.9510544534678,4.97423677170082,79.182334963989,44.3614443675615
-294.841356985919,58.5164278079901,-7.6953594142542,-9.99927852963447,-4.85996152523148,5.81394219124923,835.892739886449,14.4469999263674
-91.8423945978138,136.058533080883,-3.9573174250545,-120.066516810999,5.07785456035344,6.25882589035609,905.162661501148,-0.824738968178281
113.819875148667,91.0906204833373,-54.8034519339853,-124.413344069289,0.286390501772985,3.24455556657631,808.132628765612,-89.2524827478337
-122.844326633,86.0139818369571,-11.5002147412233,-65.5865366602711,7.13240950457839,4.47243408547729,462.947310010015,-57.2971385283454
-144.386791925418,50.7092502377636,7.48328019349719,-96.7004930302355,24.5184184344398,1.36280848180468,-365.456416713569,-41.4928551155026
-50.3855754886245,48.5834147449496,-33.9005838661105,-31.5323248716159,10.478901152921,6.92133662578999,430.982839138815,-140.186602802267
-12.0816706856422,-2.58607187369125,-41.9464750912521,-33.6316825030081,12.6424422612472,2.68584943658789,770.977655943701,-153.763277103815
-433.953031025652,104.296065698923,-14.0156381891939,-101.138107650178,24.059811777086,2.62962048436748,743.394107857603,56.0617739449372
-265.680416281539,23.9289303251769,-23.2693423400051,-87.3661116409348,7.34970808930666,2.73599401733372,149.385002466483,-66.7261956213624
-180.474064718597,36.2784679920005,-49.3372462518091,-58.7284626068868,3.58618470044166,9.5182698793069,89.9287004746511,-44.1796664610592
82.6378179399981,145.212369880479,-69.1288215031673,-165.241521731514,-2.89181400353118,2.53324358887039,45.8144066086097,-51.3180358380196
-181.902575773784,90.201336139653,-15.4131035270693,-117.943451693225,14.4496669830842,1.19341095947311,689.988980546244,-42.1523701787519
-13.5661437310337,74.6934388521731,-36.0886965140053,-117.081190890895,20.1550701750675,2.10356084076921,-303.03833107934,-44.4996502670838
-156.514132297365,77.5565461902588,-27.6851084674345,-33.74980713275,8.82168901375553,5.1385864621534,-105.764869398437,46.8181708590564
-64.7419423926544,159.51463522252,-65.3099626957555,-213.59427285241,14.1876419248874,2.75813027085678,908.297654223141,-154.750721835037
-300.744227577903,-2.93173639368615,-97.3063758148346,-56.975415745721,1.13942690820841,5.82088219418438,357.020915562083,-89.9254504743876
-294.752073108801,52.1340691033784,-41.7432581859684,-74.9809334930032,17.308961213952,5.16497570685169,795.324800970178,-98.4901567163397
-1.63166998054658,101.291751976853,-69.8600925980863,-150.79768199168,-7.02767095178569,0.530415499466471,-23.5914431075216,18.1132351639535
23.6974594457133,190.579311941892,-73.5742117537884,-131.438435015109,9.20163525072712,3.71591664351581,-127.280537403683,-96.5205092839024
-71.7285599898605,81.5086266192648,-16.4632710610094,-90.3503201546409,20.3615557977973,0.780819766732748,999.157690714332,-33.3592785552901
-21.6820907331421,72.7303225279902,-42.4040154288705,-175.738657257541,3.40924239439846,4.52619426931142,539.636234006845,-40.7776821791776
122.467041298572,85.8551736101726,-64.9452989482088,-163.542253596213,-10.742401056159,4.80480881656695,390.566703110439,0.167667944610002
36.5942714532139,71.7632956516172,-46.791529745984,-116.944892826636,0.649182689696318,4.54742866390734,-192.742808856427,17.8251412737591
-27.6234269271154,55.9450398339832,-34.8905519838736,-78.2815324212643,-2.30125874314581,6.10423182032537,132.025225956924,-45.8146661770879
36.7942397219595,97.6154412978503,-55.1960322611412,-144.940849326813,7.98123009856499,8.84880130828242,252.648392389772,-118.042238539747
127.768968029184,152.243598110683,-90.709769630761,-71.6129355190205,-15.7353234454349,3.62191065876686,717.357212495524,-58.1970413936469
83.2228181418468,146.276202867641,-88.3288074375396,-202.231450002226,-16.545589567846,5.72899679635884,358.400781551565,57.9230424511334
19.1862355403573,151.691981720018,-81.4744252465498,-213.884564309948,-9.03409919969999,4.35557103429164,196.355000789742,48.8505087426456
-34.3274550474089,83.8405013628144,-50.305572775731,-133.904579735921,-5.0068093646114,3.80616745472071,560.692120428155,4.62789584249549
-112.643744876528,95.6234569378721,-32.5730512297596,-68.0863234299031,-2.71695317779086,3.83126322497264,577.518932143299,74.4041254031472
-90.3459308044548,96.2041982732189,-58.9894880265492,-114.057026836352,-0.236664830750669,3.65510517855,783.876074134537,11.5904684039178
-48.434264969299,165.495409827592,-68.3847987707122,-62.8435437094595,-2.47016675687337,3.50312645218946,894.404650484372,-16.6979769954414
-270.828334239723,119.261399255483,-0.688693714502733,-28.978722677457,-6.93595673063828,3.24801840454165,1248.01892566548,133.426224444596
-123.121322230523,150.970619683882,-51.4307330996908,-134.357848635234,2.80063800235803,1.64501612372987,1094.59214368954,-8.27933712788217
-213.472178743046,150.261556708036,-33.3111320294265,-98.9127160771327,2.84540367539739,2.50768682510261,1115.18973665791,-5.0484405424213
24.0442668896394,83.5789101586415,-79.3212052149538,-231.673149676335,-3.51055010296113,-0.91733365390246,229.597705965134,30.8033083927003
-194.448081264619,145.234250982496,-29.4269659545971,-177.077751182966,15.5900451813068,-0.366870500263758,973.961402981047,-38.8759383222787
-119.024786943541,166.446127804629,-66.4896353846052,-124.853622759387,12.9448422426594,-0.513405186378805,413.731505145683,-85.0111626892503
13.131672373449,61.1209257476003,-67.7935380140516,-98.3753541105247,-12.5679360338281,8.0716003565758,313.439847094138,-30.2979914443567
-23.4473358568357,160.407113078545,-48.6991535174748,-122.763365441046,-3.27981338178506,3.01883372115117,-238.327868355045,-10.0018540016026
36.0953374192541,70.9628458118677,-57.8598228420597,-64.9403133541637,3.86982673211696,6.46019850388984,144.485686465137,-42.5902863041119
-79.1919206792863,33.1585851188283,-41.8363792247983,-131.664587094143,-5.81425741952262,9.30537088603887,641.657258589839,37.8402039398934
-45.893599773146,98.4015771625127,-15.7848324038932,-139.693528536027,3.67419060864268,2.44019925676548,898.41225374971,20.4990475019003
-385.8159234704,91.3829226350354,-18.6854127636616,-61.3830123178486,7.19857427087845,2.79801161687647,126.831751582344,20.158045093267
-84.7026945685357,77.3708688420083,-46.7040104898497,-114.813963392779,7.03168535724035,-3.6586534887756,8.08918514232937,-61.508093802815
-98.2103781309584,125.315185894795,-45.6080269086233,-144.831402519922,7.76669097921695,4.37591821577007,433.807222088464,-49.6434103911597
-58.9584312062361,64.3753817372017,-48.6273380485218,-60.5701217955284,8.60151778968429,8.64032613124436,-50.896180540265,-2.0873407535837
-596.817225918479,65.2028314975614,-5.12362443032907,-58.2363620591423,15.889113193989,7.47257637561415,1925.98020691256,-17.8596853779454
17.3596364489604,75.2543851484952,-53.3540009214194,-176.05230670466,7.20943272247678,-1.65129594683458,540.263500673434,-45.9908669871074
-274.203491797831,93.3778640996388,-40.0275470009656,-152.203594882245,2.8759426085453,4.54699850927864,409.332977959125,16.0519398061006
-206.104660683413,126.91510828725,-13.2953737391508,-61.9151037602423,3.99905951497203,3.42906433214739,727.810768056952,86.1116962233136
70.7253709992619,27.6890953651746,-58.6451706519438,-122.167451948531,3.58711633033818,2.67390361484286,-429.806904607627,-57.2595160030178
-103.35326157129,82.317807430125,-0.285696414161066,-38.575024578684,7.07503944715427,3.04942167495028,318.196006849888,13.8579046714003
-125.573227557034,172.083294684417,-69.1664608082501,-249.267927159788,-1.75980439511477,6.02436480017786,498.859765509869,-2.1347323138034
-132.14771826184,131.181462442095,-35.0670675548754,-55.1396866149007,-3.93456270621391,4.16603844785277,581.081043318931,35.6102680203039
-350.992350813265,131.866945044734,-22.2851872190367,-57.281950839646,14.567157427955,1.34154068546923,-239.805750709798,-8.88719799125101
-49.8494689392246,77.0255501865195,-27.9112942884822,-141.465506185057,9.11932453632471,4.56514633848019,1021.65419318642,-17.5097863540359
-167.275786839484,70.5043907958125,-12.1947941436374,-45.9699617660117,20.448554257935,1.61191384515405,339.6512252049,23.0142518590146
-382.980208302903,165.792513954468,9.07606449074956,-266.267367664077,0.518801445991812,8.19986910794978,834.478864695426,67.5389213849048
-131.355842545832,120.912489073555,-55.7412577953146,-168.665865067866,8.17436456446012,4.08884730415593,-30.3639328145218,-90.3544388511364
28.831303416373,58.4408247060783,-37.5544008460129,-183.450407521697,6.36970708716399,8.15856392224214,549.842495130652,-114.864776391583
-29.226434176584,105.447060854551,-22.5723464981656,-88.0602755057425,-4.03589506127901,3.86729319707956,810.877964036259,17.2305462371696
-329.592020976124,107.237064901594,-15.2528958119383,-39.2670674653928,3.28273182468547,5.85989138233708,440.284038527381,7.49328920908738
3.62240742583337,121.633708308364,-77.5696726215465,-73.2366489970154,2.40805076502147,8.25819714319368,755.033330389982,-122.372445062319
108.941538349078,81.4100174399209,-104.136062557984,-103.915461887706,-4.82764231966576,6.05208203953225,293.608759216471,-103.78535709373
-63.6711776845113,129.435561320148,-53.0515549257107,-91.5755766897346,-6.36208236810126,3.31018136239436,391.963299948432,43.9388500618516
138.786257762564,121.89585838783,-91.1157299767801,-199.588185845132,-6.46193381682679,3.44738734772545,-357.048607298755,-3.4083404091507
39.8948949904297,132.38859243126,-58.067009267651,-222.976278278078,-7.42543893398397,1.99356193558197,403.621440564399,18.0968489111692
131.567398811225,113.26770656653,-101.086716812013,-157.637412904631,2.79238901588542,7.06538055354031,-61.2783693837118,-129.489833534251
-78.9278928777785,152.013370975939,-46.355341060058,-151.415431867732,-11.966365573564,5.84406740844861,412.873161754163,112.769595069345
-66.9958524920512,127.829875658124,-60.3868185205502,-75.8696999720996,-6.10698715146282,5.45821123450878,99.2403679031704,52.2390790516074
142.167712209222,218.388888642687,-107.765256053128,-228.677779100413,-23.806889817879,9.09110388377303,514.200270355694,-65.1177467566304
-73.1405481359106,125.806370318423,-72.4228924960771,-88.8358269444361,-6.18781669693999,4.44119069599128,1622.51709931474,-36.7842344345918
-76.8850554726378,211.160885518148,-54.9536371190916,-196.362590534438,-4.62519396517018,2.55685755825107,513.037263869388,35.1240021866324
-109.120845392026,134.266668107746,-42.1291048620433,-155.520340096991,2.35636531806085,7.89206569618545,892.13756382286,-58.6823110133992
20.9657072885602,114.001117654145,-52.3820396965748,-185.850419722374,-15.7416435454506,9.0221293233044,680.643321927637,-32.627577375999
-102.897796545743,196.234753938697,-44.9467212131385,-337.734659405076,-17.1885270528146,8.94182279134111,50.30611044947,138.624199735415
-144.335575895064,47.5696211129798,-38.2189263704931,-28.1271940293955,4.19634194060927,4.93664769915631,623.357985819988,-47.1467696519248
-15.9419505111291,153.122955536674,-96.3824380309961,-141.016430236734,-2.96238881843965,7.67126857082621,482.760408216593,-52.3399478210195
-196.062362720579,57.3408349190722,-25.4640556567647,-82.6792761163779,-0.881839820653113,4.04564596827913,582.773972549472,102.305032369014
-127.838265420403,167.178076536027,-37.9481758423935,-121.946140168613,-4.34918873020797,6.56182886642728,852.398627566741,24.136399115785
-84.0045722203286,114.514047820267,-48.3864885771181,-41.6673024142365,-9.14894046803238,5.07216807806981,959.325166713941,32.9691669550521
-44.8229091200628,231.202604475358,-71.241802045588,-233.27633695073,-3.83719578321325,2.77503595719463,108.846401610324,65.7045443541574
-91.0512355963001,135.553779240901,-50.119388101346,-186.864900190354,-3.65023910856689,3.19315454571915,362.620377282627,36.2177477010264
-3.09918904719234,191.008946131609,-80.0627992974769,-105.724682215277,3.84991778776748,-0.20534823644266,-446.761481750455,12.2336549711617
-26.5442351944148,117.580545764766,-71.2597707998939,-5.31655962642981,-14.9107597238908,7.69609514538024,489.672995706394,59.5324315530056
6.96194757797639,128.807459909343,-72.7426719572431,-121.124839974829,-11.4692453511698,4.96033827538486,74.5069767517562,56.8119259373052
-135.498939065117,129.299099878888,-36.7133477037423,-150.821469963616,14.4942757308891,4.69253641343903,1757.17265696375,-65.4778537038073
-101.850434095104,85.8616680739215,-64.4890159830247,-71.8882133475272,-7.71018887752143,4.11966685805237,588.75986238254,-53.0614971999921
-35.6243844502205,132.934389755421,-47.9593829116675,-183.628582873302,-11.3494068789187,3.37220202679237,-814.85314017738,88.1745712945412
-154.526516449507,131.464657227159,-22.5934343669614,-163.46261628528,11.6662904014229,6.23218700902362,398.737760784556,-70.5697943813575
-46.256197326933,101.133014803956,-37.261194324019,-234.91934679629,15.237569274992,-0.309857039101189,858.132502735651,-31.8220074338606
-583.318155598416,206.652693911659,-20.0232064129086,-190.294661572931,14.1470003366703,3.70214455273162,703.90453857922,-122.477571579948
-61.3264430689142,-29.609123573442,-47.0784581798362,-37.9358792779167,-4.56977582364925,3.0853268916544,333.918767148505,47.6014627092518
-652.61575628673,129.75697281769,57.9072523780269,-191.463093795795,39.5148144058403,-1.25002684464562,229.001531502057,7.41571804510022
-73.9129412705079,179.084811190041,-13.6354370901536,-255.532569536845,2.63465599555639,3.74090456447448,-358.876643426636,50.3563313687482
-192.944861788637,190.780638506185,-26.819297355265,-77.5548608013632,-2.42901140655158,5.27676642668666,-32.4296015326981,89.1251306196791
-180.224686481524,139.971941284653,-52.2790127186745,-78.6908789853005,19.9906993297191,7.61974740515871,594.610878026258,-148.701823356736
168.555112229689,58.538478150258,-62.1460005027911,-0.404827829006535,6.63430946623703,2.96452582097845,685.271055189878,-118.133196098992
7.53228707547532,102.427325217068,-52.7231475716981,-155.961815668052,-3.19881189418811,4.0112856081978,684.085655054543,-28.793932444205
-50.8592531391223,125.496243594025,-50.9590898339811,-123.805593972706,-3.84725144923141,3.00812792673241,300.717954305233,55.4032256769642
60.2435226747184,60.9598536136327,-27.8528789531556,-32.2220507528837,15.4839673649385,2.53027910214587,323.653290395858,-51.392639287682
-118.015418596908,50.221975769158,-37.0335684960846,-68.0017462000396,3.5641948182456,2.97272854757284,320.373033108888,-44.6295997684447
-176.024848463276,72.5031898785965,-19.0652271635045,-106.999234750037,12.6206474168139,2.58137937213178,100.167927098657,33.9498794644169
-307.737616064696,143.280542207202,10.3660444884445,-80.382916444185,-2.9371335052565,4.03780668861054,514.389999119518,75.1589161992888
-111.581751759266,53.4916500306863,-16.8959999179642,-72.5147696602362,5.23102210422803,4.85416811941832,256.004397494453,-27.2633838468391
-68.8318151281564,65.0890010069706,-32.5681779058286,-57.9451823562849,12.3455902494607,2.99145358186797,485.209121164837,-63.097948654744
-188.808947894649,6.53877532033948,-20.0021082210878,-31.614978904865,1.2247893485619,4.094641105341,129.227715666377,13.4858706590821
9.434050808748,60.3323390701626,-14.3261664704805,-93.3826436675881,-3.26323716154002,2.51084790080495,219.607469764305,28.0735784617427
-117.561255547618,163.223509306059,-24.0425152120515,-125.388979973322,2.6923610275262,5.39810233698336,804.909925384003,-69.2647100251852
-150.34190377855,124.708637063307,-53.4201968113048,-108.874884906312,-3.66182469478008,3.93830569273268,16.6645121587208,72.1577062153883
48.4678157450689,118.84620058212,-79.0127209118946,-195.366406845889,5.63439539136016,4.38312631119334,339.710104419428,-79.0028162181261
10.8945860360691,118.09845801114,-43.8300373516104,-170.311356646736,1.06806282541947,1.5562359457108,551.377366971137,-74.2832656461978
-77.6404988012109,93.7356141113487,-67.0747205174412,-151.137699307161,16.9629307330906,-2.05451255408116,1014.09622633884,-45.7054126721632
8.98598949235748,55.035255657278,-59.336470769118,-32.4392608907947,14.2066587834852,1.94386836348895,329.573566981351,-19.1490012948925
-430.056980986021,142.715054069165,-51.829202437948,-166.451015852224,-8.62384596978518,5.88525236384339,712.657133519177,-95.2740693150699
60.5581167855707,113.600001875922,-50.6534182739124,-171.116817328264,18.8968472951528,0.392600841558306,46.1032914731213,-121.767621405061
-36.0502804402495,15.665024682181,-29.9559293001366,-43.6516274707392,-5.34221890069603,4.32921582269773,524.8369487331,6.77198923741526
-39.3210853806231,107.951131367225,-22.6439311055947,-174.010303692863,4.76904119776736,5.01255619042786,133.432590206947,-42.9481341173087
217.752371972892,154.151425389005,-71.280758303561,-109.651877299249,-3.23456162107323,5.37399663719225,71.8620794518793,-119.557430590459
-130.909626448201,83.2770152080629,-56.8161853160418,-70.4424817436739,0.144921377577703,2.53969056223286,311.19767757089,28.8644342516782
-127.965921134375,200.208105874328,-62.4342095594475,-242.625972904694,-5.22632209903486,3.48172408701794,258.719593325826,-34.47459434958
-474.886401772082,103.012666252529,-17.9004977578734,-187.676884103785,0.982972662124666,9.70248513831757,1105.29971823232,-39.1635753276059
-252.970108972964,42.1145406442374,-20.563804169491,-68.3204045190505,-3.44653957415721,9.09121650537418,-70.5872922993149,80.0595193830086
-226.886648707638,15.9045303267194,-18.8021816605069,48.7259488957061,1.89842976873479,8.44022202871565,2504.10270462195,-83.5634215095881
-26.3445917331628,134.759054266004,-44.9095933864883,-167.541026578838,-6.05143885953294,11.0507525615103,348.347349536838,-47.2163710506193
-125.752649285223,69.2677854092035,-15.492404369943,-106.275514536916,-0.840727114144102,3.89253431273391,277.149919229105,104.727293889271
2.48610008261312,76.9783254445529,-27.1515342023558,-109.011581099221,-0.821565932248632,2.84675276288181,430.795971756401,-12.4120726014671
-9.37218005317845,58.6857079372276,-61.2458047811378,-111.529620029352,-2.89762735558907,2.29247148452851,-86.7113366636313,-86.9522243699048
-67.2404786952829,55.7898497252681,-24.1892292498669,-79.1548905955569,5.78406512316724,4.17370806037798,-233.916349748761,-53.9788069288843
-176.026676187605,24.5927816257026,-11.6138960910321,-27.7876427752199,8.35278123195894,3.95097372613964,-75.1564874268661,-39.6531496668395
-161.941706663576,94.1685837026889,-32.9966677165066,-145.85480478633,23.97021344924,0.978608685232757,1046.42731397742,-83.5071650456812
-136.033654763769,79.0822455960733,-20.4322319440253,-112.170522671266,-0.783222126061446,4.00156316116045,364.234233785777,-53.4960681892494
-242.647505016797,165.25315211809,-26.2941076075003,-190.071394428611,5.38966798433103,4.58789060723211,1030.88015404556,-83.6952544242667
-153.41602044096,70.2592461530112,-8.02925270174455,-53.7365390827763,16.4632947446371,4.61262860687566,736.654947991825,-125.883610459496
-169.998507566008,78.1884685539771,-41.3125292203913,-61.1673804866441,-3.63371304747125,7.13205783590092,573.247116677849,11.6640408231906
-290.728617615765,194.885190787769,-25.0251989889657,-201.048192322807,0.445480595168192,5.43221327220272,982.718106652406,3.10801768049714
-471.587426145234,82.5409563862759,-6.60429240929079,-151.887350232508,10.3227093623864,2.78071465847461,533.349849882554,-133.691194415864
56.6242971202591,56.5090371497099,-34.0818733543274,-59.1277805149512,-0.485140295459132,3.72800212744914,332.273129240726,76.4500224508229
-149.933506285128,57.4282136933689,-53.716506934943,-101.581570559356,-7.89991205767728,2.74380081697018,1510.27444621813,30.6626735425089
-83.4475695805741,113.596315002222,-32.1429653545638,-165.596125345903,-2.99605619651265,4.53122806571628,507.357592791193,-10.7298818299896
-110.319447859016,23.4557061783562,-26.4386685741192,-126.578569805017,3.60447807219316,0.288745272357119,638.217433169484,96.6144469426945
-20.7597863214614,69.0475866624656,-57.284177622927,-129.559015779443,7.11462953813316,6.28427131779608,628.822150284948,-124.715787576231
-81.8499344164447,109.980544381659,-33.3457310296581,-178.149218796054,-3.21681280789198,2.67861058958806,352.857031031195,49.0244923011051
76.3404261388641,39.5112137833639,-27.9234454125544,-80.4714965317144,5.55544110918709,1.14018182340078,938.558132038903,0.934008557946072
125.76986441388,62.1624562161451,-113.389998537423,-153.934853744669,2.5885204099759,5.72431958382367,897.463858954172,-160.695349094131
-4.28736003258382,222.31740931602,-53.4505673906096,-203.693944630213,0.116669125680346,4.52076872131147,89.9862204107922,10.7606479192909
-274.780705929777,-25.0905250394426,-26.9761932950059,-82.1211830729471,20.446284287973,3.14937148038007,542.8242278416,19.7221607735228
-58.1915877093816,128.23890863017,-29.1718889350122,-135.304146871997,19.0556572196365,5.11837296234444,412.68727117659,-44.0014320271348
-272.942474458949,63.4301530865196,-36.8386176133645,-84.0714703719132,-9.48383283852309,6.21882930712309,831.500716683469,-54.3744186369149
53.1354988579842,130.809966633422,-78.1218830520011,-122.796938581305,12.091003090376,0.0253287498708232,207.228712864511,-67.4383595326872
-107.105485851063,123.063598205415,-21.3772585032893,-112.332993065938,-11.9319286917744,8.04403420648305,631.46742415904,-12.6902272908483
-308.80969382156,202.663467976832,-19.1366696752884,-256.476167657376,-11.8238524233602,1.92860994160219,1273.62364296248,157.58422966584
-82.4897166326734,93.6828667244408,-81.9707431754505,-121.747273537389,22.7271667614477,2.53260842184682,1017.61408118266,-110.904652806028
-58.5919963569613,129.836295495028,-71.2355510188936,-100.852452175342,9.98516435474448,1.84375892139724,-109.014924625022,0.370551470550708
-116.416376407346,159.680069125894,-33.7914856255884,-89.7822998762131,-0.456271026065224,3.18034701092984,463.337753611268,64.4817927698023
-76.3587640132682,74.2146783218195,-36.2723688811529,-82.8874884587203,5.18677104235803,2.67769956128905,152.930739033487,-1.74431592803739
7.75959195342148,55.7974576033521,-24.3460595998622,-183.333940289573,3.66374083828123,0.224765738061251,112.37690365695,-40.230280474696
-367.114553125688,105.578512514421,-38.9338289899315,-88.4811108171707,-8.98441433337575,7.4407270734082,-533.001643461408,-53.141849282285
164.016885968362,188.687535115081,-44.8983197823618,-204.019292134809,2.15130919084186,2.51789152084893,84.0005652064865,-23.6167331800971
203.410302133809,30.1983574636688,-103.875335755802,-175.284256522427,15.3042114041018,3.91998387164494,-855.974575046566,-148.488320834716
-148.145372731175,62.5041466393886,-47.6725451532693,-72.11295431295,9.52669556417095,9.85894774203189,492.640563746881,-25.8436959984974
173.317332172257,76.5313303775765,-56.4238448302494,-98.9837483190204,3.08635838825649,2.73762902439921,-89.9628080051898,-63.1007488164178
-176.626409145232,25.0695840730914,-51.8846777266845,-66.7303451518528,21.0538979533158,4.41559479735952,532.749488544593,-80.8511307550325
-35.4555881586148,29.1607353401196,-29.1003469858697,-50.4168358339812,5.54235251979117,4.35483806053526,589.671704435817,31.3497808141692
-160.642940842685,71.6949802458839,-33.8389751367722,-107.494700980612,14.1763938281729,6.56725981345517,759.040987744684,2.13627831742633
-95.2538450236607,80.7425298874732,-47.0485631871561,-135.217564813734,8.08217746787705,5.81042514643559,426.023372323849,-53.0765116887851
-65.6084096808481,173.758753389033,-22.0313173796239,-130.22611067933,-3.5341791848914,5.8098358543939,439.369374786649,11.3616029559707
58.5281084279268,83.4134012916475,-30.8772024899954,-85.6284485801953,1.18608468216553,2.6038433448557,386.57856650039,-52.2338688960881
24.4499244424951,22.4349841238218,-57.0024296245683,7.31366934374091,-2.28938777724579,2.3975713644395,850.344712035818,-54.6014635026436
-180.648141150305,78.4892960059515,-25.5118108541938,-82.2504279384884,9.58352269972966,2.53613284869061,219.904111505311,-45.4457190902358
126.03537065853,105.789162190515,-72.9518055361696,-96.8789445869988,3.44539096148583,3.04723217190622,939.792187437284,-173.700070376246
-123.98113159385,183.098292485265,-43.6963669302204,-232.297383390272,-3.60577814522549,4.9278264347231,402.322821204521,-43.5024068677158
-7.50842899366398,58.7550454182729,-35.5746111327026,-97.8031304486503,11.6053549515418,0.832166876298288,881.744126567903,-97.9148241489092
162.079271728126,87.111281796504,-57.1745956525701,-128.315113694949,7.13721741635527,4.93411895168538,733.685681027029,-148.366189156593
-148.633751593035,111.319224880426,-24.2436340063305,-93.3092155689956,2.89421787158062,6.43415187610663,737.024197453764,-129.89849114627
-237.180107083826,66.7408914501138,-49.6526773114747,39.7130887815219,1.12579134742555,4.11534049006877,1125.99238623472,-97.6631297365821
-61.0293958338734,69.9381450656365,-29.145532294533,-115.103762827683,2.54258237982503,4.47350344065308,904.31799607227,-27.8448206817993
-41.7510341796151,49.7108262569527,-46.5078591089405,-122.013107245017,4.33661592008866,3.82277827194048,690.080811546315,-48.1187308219596
-44.9163219384573,132.38870208124,-62.2385335607214,-196.275660295665,4.18400224655488,6.63554384535655,224.785943231269,-80.2816034056523
-56.1339650629234,78.685438124623,-72.5505301752128,-36.6226950695054,7.24561064856243,5.28572423436526,629.268719317421,-92.1307359162965
-36.1720226487378,68.4653992839376,-33.692436213576,-83.6124693583715,-3.19356260889617,2.68895463467925,-349.515166829493,98.300689765947
81.4043527140748,122.777891193102,-72.88775244313,-146.407933368508,4.4187363662204,3.9319440581894,777.093355361314,-115.742224370188
-129.495770388748,81.3587846844584,-39.191266016147,-152.630594551272,-5.09608274461789,4.3830857562134,-131.869934617978,69.078441908583
-46.0678005982045,101.156610281581,-87.0562028303393,-148.576295019927,-3.85543017699092,9.2321251979447,1208.18440791712,-32.5035423195295
-52.5136552382901,12.5990384813922,-27.1983378272271,-168.095397783429,2.2262503420352,5.34637710101379,167.675525485112,-23.4689048936852
-173.169071211716,87.8882993299039,-42.6484213717413,-53.718251668819,5.77998481845134,5.06920992073719,136.202300393692,-56.2656331209037
-326.044762862672,57.7515406065359,-11.428593352357,-169.012826662904,4.86126943741692,6.11178851863224,-237.792539819202,-0.642780343903723
-367.088697497746,132.094426249139,-35.5343798100985,-126.3435162518,5.63438759336714,5.15671539249252,775.69193281226,-109.128185215523
-120.902650745731,121.159757157555,-71.9035937703011,-81.8039644959281,-15.5091893174649,6.03907679569966,9.47955967823509,44.8562809638679
-107.741760933612,123.072507021105,-14.0310558289966,-223.083391143737,-8.38905424925542,6.94291916272778,1974.95033140454,61.3501998218126
-190.639084527895,181.091459822928,-28.6631669879716,-253.160574557507,-6.59850287230802,4.84474872081773,298.889573520239,37.1671403844211
-104.570776893743,138.500249531458,-57.4578860336333,-178.081052542693,1.49754243196003,6.33628789396607,593.487406145297,-93.2795670378837
-10.4402044420312,103.838300532047,-76.3401493525234,-154.70985808258,2.81617833339669,0.981924612377043,580.348425439515,-136.571765898196
-217.368701865791,32.134519907002,-46.1065808713247,-37.3663242573675,27.0718103832914,-0.0803473321138881,-240.505791722364,-143.326086492794
-261.249077125765,87.2207968901203,-25.2997529948479,-175.179081364593,-1.78857899659488,7.07962519560533,699.425792977403,-4.39066949391508
-198.276280390797,100.658228746106,-37.9266152431082,-187.971122155912,-4.81242578168167,7.68536168165156,1015.55200844511,18.8425192822542
12.1510903078233,140.26791642583,-87.3493145422181,-185.7851607271,-9.86498955355637,7.35999501268816,530.286750484091,-5.19594684711774
-309.068571284151,113.668081299707,-32.2167286796393,-134.217955517919,16.0809667734211,6.83063979657891,-487.667171323537,14.1424849405739
21.8239987448178,159.808478178529,-77.9484035950009,-135.801754247216,6.6523931784177,1.79131186306768,1085.55480513498,-101.149845286403
-142.868954441597,65.4278771683166,-51.3971682612682,86.1333489791141,20.1686250748462,3.07438869801263,805.900697406098,-94.6109396569591
-27.2114252903848,143.220268066034,-44.5158988938783,-186.744396329625,-6.82391905075929,4.26457903491973,362.918768840333,-34.790456614588
-177.656952454592,65.1544902539172,-24.9492037956079,-53.9284609929891,5.0758903157548,4.06832503421901,282.226676296091,10.4294570242055
-181.289685117954,100.013102228448,-11.0051225334173,-78.1028181147067,4.93294344459719,4.65538903480774,314.114621769331,-12.2524964605545
-235.192994710655,145.854660420213,8.13748266975017,-86.3170545976609,1.75408499146579,2.83366797550843,583.389117066341,20.3660164052126
-100.300612448147,88.670504902344,-9.79486895935406,-133.580794187597,-1.79281164801796,2.65525028661068,276.734571177192,73.6671108656069
-210.849448809866,120.042272594488,-32.1411965117732,-139.108065548422,-5.91726104523696,3.75948400677908,177.80218690828,109.440833780725
22.6840343990189,84.4137745313492,-55.2050829356522,-109.381099576203,4.15442660619738,0.901951111223752,160.805387556829,-75.2647363526339
-230.083941751087,165.543058625946,-42.3020186874764,-157.487381862195,-4.71555461043317,6.46255699328321,1220.08948064244,-7.16444127621071
-207.012982837747,52.2417889384087,-33.7191693062487,-159.910275349335,3.56953282466566,6.61821730221345,902.427077810658,-79.7896591939643
-127.404793153386,53.8172185453441,-35.5149525273919,-125.97622335612,0.645904821391014,4.04064144411313,519.721150508121,-18.4326566894961
-18.2506531726685,58.6989436079166,-44.2173471567185,-90.3104799150642,9.34585849494033,2.56141723094333,502.877604061767,-89.6728163356165
-132.8124077006,117.742799277767,-17.8271672717674,-114.106044087312,4.25434810734441,5.08303020838866,354.932188855673,-41.4085530776501
-79.5862447094842,52.1855395021994,-44.5315260643329,-63.1804601383328,-6.02273211022111,6.05227494079736,21.4954675891786,-59.425968949969
-228.002514492277,105.281063825765,-31.7536576768616,-104.654212886504,6.48761643751641,1.56017205602257,-18.6202589394306,3.95407667801192
48.2181260534417,72.0736240004044,-61.7211447016161,-100.561158857541,-4.58389239866665,6.38522186910268,390.271844517469,-63.6178008163988
-110.513515355822,113.057711275658,-44.874969939774,-161.131934047422,-4.58034836620209,7.9462624580774,981.817102620917,-7.49880730779785
80.3081062071433,78.9226815411821,-61.4929623969583,-60.3651220092142,-2.31370455636352,4.08967621238844,23.5626236542012,-38.9902335281731
-14.8119709241,26.0220833561325,-37.5144856105908,-73.8173190864472,3.75500029482646,3.80214206994424,110.825935331552,13.0267318558035
-84.978081084264,223.216894156212,-90.2981142308927,-207.55107088765,-1.33942212621332,2.64963519442244,65.394686123851,-16.458072579735
36.0081128971212,126.576722004393,-70.2894983273363,-149.365837879552,10.4197366049084,0.938890929250192,415.755247064604,-44.7179679364781
74.2009773141763,129.43232475291,-55.8330577031447,-140.154464880674,-9.36348915280541,0.638269784132717,-439.208376654336,83.1434602704685
3.35859245780739,54.7126917731657,-48.8619169076846,-90.8190465237712,-5.17148617087514,6.46811485400758,773.280710542131,-21.4483279727574
-41.3313774472917,60.6439992027408,-47.5269505754986,-52.6754341552733,-7.94731704634614,6.8812701216084,192.160455956124,-14.2841525320255
13.5462195680884,85.6457623559691,-49.2419006162236,-62.6219397893583,-2.72142974450253,6.29043514195655,810.612082093819,-70.1409614701697
200.296887109856,77.605930882215,-70.5333681190241,-39.1541163211514,-4.84509702771902,5.55096123016847,845.840784373706,-42.1956894804607
-249.150220314637,121.42321588505,-6.12287639650845,-179.96803666708,9.46961516956799,6.36555795499589,902.696229835361,-47.5161182937154
-13.2092676638567,70.1036688237073,-57.7007659427909,-177.413199087212,13.1917660954787,-0.773979038662219,-118.141446011199,-93.1562822431151
-600.621862186148,87.4195590334421,10.2515212467697,-92.8341170540953,20.8082765085273,4.7329138353125,862.133799508883,3.29747412216966
-63.0047330498128,3.62618741133338,-24.490460766785,-28.2469091156418,32.0682303931098,2.2335496355372,71.7821795380733,-48.0427991641336
178.42523022493,92.8857307382787,-55.3555767469225,-82.4717817551427,1.08562990891181,4.44661632651696,-282.21301510337,-11.9960671045701
-82.1925855201844,164.298861681022,-59.3853642979811,-221.635464922452,-1.43677794825635,5.84237540526374,399.452240912154,-7.95119265613903
-51.7262160196842,150.717326178943,-50.59066794315,-66.6288864906091,1.97061404786655,3.35657564754365,796.216332519558,-37.6340083789837
-28.6390659098688,91.9004875833307,-38.8352466999931,-136.841047196843,7.74501635941851,5.03979058982804,733.593743223842,-82.0314891536254
-130.13135190737,71.3082784027793,-2.57798565934354,-121.104081980438,1.86876835512521,0.638122911157552,279.798043000847,55.9086745393797
7.05685672195978,18.8950266133907,-40.6088382949529,-87.3159677383082,0.525229827617295,5.347936439759,214.732077150385,-52.2367768229597
-67.5947570881253,94.8673114449193,-27.7296547435544,-109.246190721635,-0.29226901219954,5.37423802514968,453.250420019682,-7.0757907826046
-149.871571210329,78.8454803098793,-31.36488776232,-157.056381352639,8.25196087283439,3.60048825271952,558.46598251026,-90.499674574683
-183.309571929567,178.453971328259,-29.2853308186022,-150.535562193996,-6.80266436198144,4.90954667780898,776.065627009048,47.7311251167534
-409.368874631982,168.368302663061,-36.8034463667427,-179.040776437469,5.44016156662838,4.68945708713727,428.650441516482,15.0956433193955
119.309044436013,47.1073665117915,-75.5681244690641,-148.196109199431,-0.595387034976739,2.61284361055004,-590.116162858467,3.7122796018084
-41.9994020459126,125.389203966686,-61.3075283960789,-126.548176719632,-0.546972507152532,1.43463569776941,727.273307512929,-1.15483063674037
-214.40380670123,57.4919788769766,-7.12520048109582,-57.9090115221031,-0.365576903910551,6.5159228205448,96.0067926717165,92.2570566021022
-231.468622152272,130.601627518176,-27.7633550232567,-151.752890768999,18.7604153535467,2.20165795875801,1089.70302619609,-114.154279331551
-159.086986379229,36.7392146576749,-55.5300231555593,-146.499297883449,6.97951958701015,3.6467204171604,823.218510753703,-140.769835710205
-111.413658148085,63.388265185562,-23.0776380147727,-51.1021007523523,-4.42311676479221,5.58745936111518,347.748200833681,-18.0224014239429
105.562258646125,106.547298010017,-48.9418979054317,-148.678718382333,6.34525542898336,6.06812189849734,292.824362820073,-113.843799025104
-34.6558446686395,110.14926269342,-34.1879541997478,-90.6555843413116,-2.49025361257372,6.16635580820002,569.170445649972,-11.5718812766718
-34.8566267907954,76.3125625468383,-47.91180189437,-70.6838789105568,-1.60679769782291,4.5850709156075,640.385333959101,-24.1183904033824
-70.8207101167827,15.8743077843828,-57.0711232204267,-55.2130264410043,7.67752206570003,6.25292334709957,-346.11141406314,-20.8030551223565
34.6457757110547,200.404109141733,-83.3853636721105,-174.624410039214,-20.242019666257,7.3183133744169,759.145189597722,-49.3005104909535
-16.3289206132758,134.393792858318,-39.942222752954,-145.485492284613,1.11771983409562,6.17003609827952,868.11061384797,-47.2775789199513
-62.5220027397736,61.3494945131606,-26.5868383409106,-0.306918324160506,-2.39824739472533,6.70726160018239,830.451517692542,14.0521624067187
-188.77377733578,85.2609213045216,-36.6234985157789,-115.450316830087,12.1897524533661,-0.388198877681134,205.676789154582,-31.0112307272866
-33.0452155218518,44.2294813220533,-20.609286248131,-87.091693591181,11.2442049188248,3.60522958538422,358.022253454517,-38.9140429042504
-40.2386261139181,43.0091932048235,-21.2525909906908,-83.3638966341114,8.19782599559403,8.71016067135497,744.913109157889,-62.0588498951256
37.1082510380947,61.5950788348564,-56.6724262255302,33.4655742865725,-6.95568525986164,4.36252732831053,190.018571654859,-17.9903862621868
-22.7300464307955,27.5185405886732,-38.7733178336057,-46.5134820242165,12.5774141670117,2.59881905906514,-22.5799670309061,-66.3567813229238
-104.766655140746,114.275062171888,-82.7975347736938,-109.887719598191,5.53269720814569,5.7178609528346,313.583008251691,-99.7427575649708
-32.618660811112,54.7531605564109,-23.2813549930797,-103.206526906586,3.90203429822577,2.79836198934936,208.115913744929,-2.88531595115637
172.411662335722,113.008163470698,-41.6468823270552,-140.614677412113,-1.09535332729865,1.19741591683123,-245.511905313339,-45.0862565119132
-276.946020099798,100.329376845621,-22.886416637004,-95.7091708912994,21.2587079739023,4.96482601667594,1276.19618542303,-33.0085511297693
-32.5936389971412,135.710089890694,-29.2253050355066,-128.283654648199,-1.79830548090104,4.75594688337151,1187.9234295422,-48.3957034135892
80.1646784757831,127.247124697285,-85.4003419342753,-238.035707235322,-4.07129900596919,4.6548842475022,209.951981968436,-98.1867547961157
-14.903825800895,89.4725727948171,-36.2337230200646,-126.676290029965,-4.62384285058943,4.22933993012703,502.158343090123,53.1696556554816
-15.597964990011,74.9606196164968,-38.2809486535771,-76.0472432373912,8.10517492910731,7.39563086237104,809.823528084991,-136.029829907682
-22.0294325255381,139.38784149781,-68.3618503433681,-113.6262300913,-3.99997186804103,6.26937113073654,380.36662942248,-91.0599591796054
-54.3189536231657,145.903308342263,-70.9021916075435,-69.5276748957058,1.213414319398,6.91986955287575,453.81372996571,-115.620694928482
-231.391215348762,147.497111580902,-51.5422191843973,-30.1595134152158,1.67321650314989,3.62020511094306,460.598019984957,27.0381823938806
-152.722866486154,115.918229253868,-23.1292246288212,-90.2433766010217,9.54920315750496,4.19311404576001,-315.423546080669,-11.5287496103083
-418.753932753869,222.097962098342,-38.7496588123904,-159.404517508116,5.14710829617616,-0.0270861820645223,316.341746035585,-82.2205286674434
7.37204259726059,51.2908248092281,-27.2755674773653,-84.2015697542665,17.1267583882509,3.85730925755342,677.104011685547,-100.883127423556
-178.619961714474,75.7713256454299,-4.69570100346027,-87.3569155694022,11.6525938490086,0.742371845961316,656.977351677495,-11.9493612177903
93.6230859817879,13.6641555975657,-93.8452728447446,-106.423502546422,0.443304281041492,4.66243999167637,699.034085181735,-97.7541936729685
-69.844872048925,71.6968410651316,-64.3207322063517,-77.8677202893159,4.25554912863299,1.8880165711671,601.213937793102,22.3269432065172
101.364440271354,189.954315173687,-91.1386936989365,-201.140359352517,-6.30025932320859,1.79989583127099,-439.417043456051,34.6250437073104
-154.769445421916,126.01979796314,-32.4266157053353,-117.780026856461,5.28013372359783,6.09855483123465,281.760681542553,0.49337541195564
-77.519195696801,118.299552383316,-53.833658831325,-134.046466649714,-9.28869114731788,9.62030385747676,1091.92603098947,-26.987197361268
-80.8955084219051,69.1060761353801,-49.3432349177747,-103.546126798436,1.69536513338244,3.86716296421946,441.514960819892,24.0217970601079
-41.2246047804947,132.64146218625,-49.0789543107639,-135.196907439909,-7.65850354879512,6.96753145780531,539.728781052996,10.5387285385514
-33.4460951491055,182.132046604267,-41.1726044337192,-179.154993976306,-9.03532986238133,1.15260906466574,890.78834917795,68.3803769671649
-10.6553732913162,70.6677762485806,-45.1460760108603,-88.0027025371528,-0.755448731569231,3.05024427726858,576.460215160625,-110.20058908908
-170.691955509699,80.3459701745887,-38.2910671850586,26.1282035346667,7.21358787461941,2.66163666512875,476.945213002211,-20.5250412666719
-97.2980300019844,126.911762397911,-5.81549971606364,-89.1463584222802,9.3679954407562,0.518494735631975,914.066527147068,-45.7022606075334
-121.244010915226,147.667995477444,-51.1904079182132,-188.808654187309,-6.62709702011489,2.49323153353544,544.780716130917,76.642443596118
-127.607549474664,84.4910937972891,-48.6285979180539,-176.023763539706,-0.886743277966161,3.20488114218097,338.536341980958,64.4125405860032
-67.647022129735,69.6008896799904,-37.4352665679762,-68.5051613683518,-11.9897243189189,7.09680937085068,90.0741108219117,49.2357779855265
85.4001730544842,80.984297814839,-86.0544594497624,-86.6193721601012,1.82374246037216,4.2772618543022,309.420309938205,-129.749633484244
-37.3581206522649,129.290377590238,-50.7628154932463,-109.173237673123,-1.74605073183375,5.39588912119416,1082.76011644453,-42.6260852806445
-62.3250000010926,101.913208316015,-46.5043954932371,-209.812429124457,11.04771644414,6.39222187110863,145.749807447603,-156.621254388539
12.3491004418902,69.9769522455381,-58.778033670249,-73.1203602824407,4.87052943007438,4.13837207102915,-345.832186655023,-55.2992771206082
-170.851444030559,62.1995774576171,-71.8640277964369,-160.168749124525,3.43613557718345,4.24592888609914,256.227307931229,-124.20085094466
373.70586121676,75.6606985330964,-68.6290824088937,-77.3048815065413,-5.83031288236089,3.40560902290599,-457.279247537892,-61.4087126469531
-107.277463789098,145.116003635776,-44.2634218388412,-195.588561530614,14.526986626428,2.85365115324385,881.839195245608,-28.3838696538151
141.579988537516,112.759668878396,-110.139755360084,-65.5626939329268,0.129210437939037,4.31911392941402,-93.620917093067,-84.8465636936744
-65.0139742258762,85.3206986253354,-29.6952507092501,-192.222320861387,-2.17174608534697,-0.219250324353197,428.468040617387,86.476934945118
-15.7031848059269,-14.4264007047095,-50.6841790653416,-62.2156674689468,-0.0922450535272219,5.53784687709413,738.568483106137,-2.26741136535202
12.1636341686753,190.988370137042,-51.9092211621755,-170.185641343327,-16.3982558527059,3.95481330982147,-50.6177355654509,83.0927684575236
8.19066912242852,110.019868741569,-63.0256772841385,-161.33065790133,-15.5044663849912,8.79627354258264,474.318715234549,82.7327069623861
-86.956189773744,177.063348690568,-60.0945539194508,-149.808063170072,-7.91398904286325,2.5129474188725,516.766784449574,81.9729364458362
-39.1441464183445,103.419658330997,-49.6315045906913,-16.2595008852804,-5.57404992847296,5.1929776390316,69.3044565558812,-5.31512314183055
-173.913595708898,113.803364639835,-17.495592121064,-120.532795962732,2.6046598355606,3.48817440286803,420.575294328063,6.66550004458986
-46.6398947646085,117.907818505773,-38.7574705198349,-61.2631379982413,-0.608685924238671,0.601632601363235,306.937938547358,22.1196786382825
100.95731248126,108.47835374772,-55.9726860170485,-180.262677154979,-0.149260683509056,0.466010413365439,-73.7649659063463,-18.2299415063462
-71.6395942606905,195.220761143886,-50.1298166533961,-163.214805389311,2.78169928494026,0.903658700932283,50.3994906885764,45.2091346324196
-56.7278526055379,104.360312505218,-41.2358170369989,-14.2263092728608,-1.88754412079288,1.2618027702265,284.639818421405,101.336401712237
-84.8037474442535,152.248575945501,-50.9661661132577,-64.2042978710087,-2.46664343522389,3.44371380432131,637.943516974396,12.2657611742761
-108.82787416318,136.095186679668,-36.3098427486548,-149.236684418065,-6.4308760202839,7.3917550837723,689.796309680343,26.3098567546258
37.8809060458734,129.232872857785,-78.2689333379094,-106.367892414804,-1.51871544789901,1.2038249202742,373.575593754911,-59.1120354528612
-139.816446024262,150.29362494887,-57.5433945267578,-79.6865098119015,-0.345111553935567,7.54060744067829,538.686561686059,28.386003917054
50.9916737496242,176.362092386131,-77.5579602892012,-175.310220360279,-13.8632851099605,3.35990012030379,-169.950734568927,43.8309546422679
-21.7088836350304,58.879128628032,-75.0275887424286,-92.3129284213155,1.22930817799352,4.37894867995055,340.388185680655,-6.91437188693271
-60.2634331160225,132.458993759225,-87.2732723715017,-136.890572543187,7.00664045794838,6.98738510142721,763.869875376102,-88.4554940398739
-15.4801270001044,107.541387044457,-80.6350767512195,-29.9769826335687,-11.6630798905026,8.95373820634268,648.294720375969,13.0160989126889
-101.206389397492,105.725263442873,-45.4426259452885,-27.4280626468244,-10.5440759866178,5.99456065424602,315.373647367407,100.170764811623
-65.9128504167602,61.2728175426309,-57.1707291119674,-52.5066339206096,-10.375367278928,6.12684443318176,176.6532215304,76.0522988666635
-104.814130696373,90.8559916125378,-44.5079397770187,-149.1888817609,1.00335309997899,6.860247575627,843.244512508943,-46.6639716555947
-89.7093288993638,14.8582144160173,-40.5476615374901,-59.4492910555418,3.4949117089418,6.27938793348585,560.197910147785,-26.464258805172
20.2435219142753,88.3251458280065,-74.6674812567726,-28.46422674114,-7.32192505760031,4.53634144402895,301.11959750425,11.3173547884753
48.6800659652799,76.8082434542739,-98.5436614400242,-108.355791772323,-7.92884523385146,5.22151836786816,657.609486118643,-22.1984820454381
-11.2977222710906,127.673804531049,-65.467169254116,-77.574507113779,-10.0715086581022,5.4562395476969,681.092033208295,-6.18940080692846
-64.0486119883426,117.064767976219,-42.7187509265495,-134.442853648783,-7.91889476083452,5.82798706853646,278.618544475947,62.8370963452326
-93.7058454440848,47.7424436100118,-21.7692098979423,-3.38536948748515,-6.10074143960082,5.51773146545929,791.809392142735,21.7329574234827
-66.2239728629283,21.7059425855077,-26.9403677952068,-14.911512117571,-0.39895007769519,3.15066213031241,460.82082708081,6.60697624167369
-54.706780955923,73.4467326719459,-54.3966790836821,45.9662792012568,0.978778028627858,4.6513110944943,828.808953911761,-26.7853502412618
-122.519629213108,148.694717118095,-32.4315559300303,-55.7436268231322,-11.6325647423218,8.17536459108669,360.344811474934,89.4898510475759
-153.349415746299,105.624063962285,-17.7353111549455,-86.0179388248944,-13.6735992617905,6.54616787088162,556.275878499146,126.705322499722
-10.989782830904,155.075489588819,-55.8326813208259,-103.921918975568,-24.5382184214832,4.14020230513052,438.145057178306,140.405737075838
-132.769847188218,60.2163486772915,-31.0328556533714,-90.6390581109154,-3.23059298199041,8.75107657175977,439.490817119178,41.9067419266212
-129.555526101496,62.6822254597937,-42.3839425540646,-113.208694732981,0.53292774016154,4.90672116101632,901.82834245141,63.6923187068315
-143.598378739705,58.4852507366668,-35.9918457806125,-128.156941499568,-3.04098180975416,6.01949843516923,729.129306402108,43.6805526643875
-73.1353861179086,67.2986480825821,-26.6408813096641,-97.59419233058,-0.375996926334665,6.64491721839295,596.493554409128,-61.4272507365968
-125.919252560911,104.835705600985,-24.424670483364,-101.080372319164,0.76052166428417,4.91488226826186,859.973480128887,5.19513815023674
3.05032788138487,116.392612865209,-49.477589321672,-140.972826674816,-3.22341489506653,6.29011344365426,855.971877638542,-93.7739469510198
41.5456264446257,75.0027942809429,-50.6260503424674,-35.3586935653075,-1.78198062026058,0.618579528199916,-35.8694828851731,-2.23929745372152
-22.8692569881678,108.43562437348,-70.0323629972409,-8.04696691306071,-0.599570006110298,6.4352133472421,491.570327991329,-57.9522391693245
-57.9046104831268,167.951158564014,-38.9079903879756,-101.570819352695,-5.5318262346118,5.7691165559645,640.138346844135,-38.9466371147428
126.800735547557,91.4041714002269,-100.189105142388,-82.1007502657012,-2.61879875515297,5.10946635066648,-167.887968793191,-14.467489843737
109.751572134242,178.037462649023,-107.745639830115,-166.105587373502,-9.26206006589928,4.73830747560714,-125.189891214235,5.00899138998648
-69.8701454887268,85.2972622512752,-84.1134217077342,-39.4759124939483,0.0363885656988714,3.93706035101786,344.719259771722,38.392628062109
34.2032405107457,138.266616329787,-64.4661108039727,-161.316129473722,-6.31851001733958,4.99782932105154,373.630676354368,-47.3097720437254
-46.4895137186322,157.937989411061,-51.4341149484317,-122.046911670339,-11.1322611266514,4.05332039923087,802.981999646436,49.5991544460703
-72.7463418053376,63.3423921447247,-62.8222217426955,-117.70571414748,-10.1380936380592,8.97962052741786,1102.29674903731,-4.17192023582174
-69.1945869664778,72.7957646376835,-89.4889518501004,-89.620927403761,-7.44204849697417,4.73008440737613,851.87475268259,100.269566219995
-160.963851855231,168.575799055834,-33.0573742033994,-138.557264339235,-5.88760573856416,5.20659543008878,954.942617674118,31.2913237328466
32.1717799280459,141.469206184469,-82.4483296442122,-261.637308066216,-8.69635709053546,8.1916339964082,450.564575859538,-62.929550529574
-88.7279701764928,75.946741109401,-46.1347585277545,-43.523814679138,-0.0787568250088952,5.4839659605932,348.228585336867,-10.7998074028874
-137.612831916085,48.3157649026543,-21.9723605178442,-75.2385889753932,0.854196844063154,6.70896697137505,855.736477370889,19.2226665948256
41.7028319344681,123.162083919153,-64.2820463149255,-154.000234872859,-11.0816438144684,4.35118472401882,225.862630521384,23.1623052784998
9.98642961557925,86.2452822136693,-43.3523156602096,-69.934485509315,-10.6714031812153,4.75202436083782,-219.487362320147,76.7671074875543
36.4079613941976,70.6422852523538,-57.2454304443381,-84.2588831211324,-6.54327507907874,4.62924016732723,292.695813269296,-29.5426785476884
-84.3505798760598,97.5100924398866,-36.5389290419698,-69.3907619382371,3.59905563981738,4.62436199079093,204.466436263145,-29.2393352671934
-19.5273246558427,39.410938494635,-46.5755619914999,-32.3391652789142,0.322406576398862,4.18795884339488,155.7770918647,3.36662318354138
-6.58822205345496,81.6453227236416,-65.1975790077704,-82.5739048177202,-17.2219205013535,2.95310529877315,-246.698204212933,202.307028763978
-146.051379316015,93.1321230076137,-35.2978798494005,-67.9432754389854,-6.64706893693074,5.70837100853532,305.471934955407,129.822523519013
-14.7751431327197,97.7996088633663,-47.3515000422503,-101.949764061486,-6.36867352042464,4.48187865181899,600.834627610384,-6.61517788931087
8.53969041648088,26.7094730839308,-33.3867109474959,-89.1528829688834,-4.46886468249704,4.94979966205233,24.447799970847,18.7656912174425
-157.321407061041,119.97415577506,-18.94395746589,-137.732066106422,-6.51804578188603,6.34019447056926,417.269729751541,99.0679791825532
113.552477623249,203.832927697506,-117.602935535768,-85.1384657374583,-10.7676928430119,4.3196307116159,532.844215468848,-45.8171879841611
-76.3671115071411,207.738994514817,-30.0257983601623,-280.864962457999,-28.6138923414474,9.43922130044666,496.009599578287,148.933920777214
-58.5402804093756,40.8853730200572,-40.4823505292443,-92.5125115979063,1.05944422377797,5.28136769916455,755.988334891823,-46.3874717504514
-208.416587666296,96.0791278573743,-31.671766010506,-38.3979352837923,5.2826941973326,6.60398491659726,692.574249535828,83.581485165163
-33.5793788370647,148.924609408539,-56.5615821936808,-174.231489518723,-11.9068043814623,7.25908070884179,260.45475829253,16.6041735699555
-141.257340197684,145.403345589919,-38.2742389720952,-71.7076716716692,-5.80634033592651,6.04645154313766,394.680503950629,53.7924026564287
-57.7189253222168,218.214345685323,-96.3668496118717,-102.934772653389,-11.834927704338,7.18477780892863,1039.26757260441,42.2625315675159
5.86384373673718,132.138722846161,-51.0583066524996,-176.388594171731,-8.76519397923403,4.04850615555188,146.740769472846,26.5077766873073
-93.5151968196878,79.4856984047219,-28.0068529900418,-35.6840499638056,-6.01604282623339,4.3994850111485,538.583006430438,52.5452748506796
-63.7741090486743,108.381328651554,-44.9211169653354,-122.988265360159,-8.5741789275271,6.28183775075104,539.688837791939,69.6056343602104
-62.8541417089727,81.1118203141777,-47.3736770229298,-40.8748278779894,-9.56918530465919,8.07358530080819,914.894263280221,3.03949182174983
-13.5255103702184,49.9949780469833,-65.8413895726553,-158.130834104813,-15.5533973039564,8.10646491789976,895.465760044812,24.5733975877029
-78.7529576336528,118.052616285611,-72.9640944796556,-85.5044043295638,-4.6822240710062,4.31025145418971,872.343280646353,38.5823383469542
-252.420779201522,95.98634637551,-7.15712028424605,-52.994325440588,1.24624002825294,6.79724176184391,875.961431742689,91.4202487149014
-200.620161597493,42.8139222421523,-57.293310117384,16.0213352519495,15.4705490466731,-2.26875489621307,1084.48764615256,35.2301042596227
-121.677670701916,200.264721882872,-40.3357201664476,-155.828321004519,-8.32518482241721,10.0040638062856,806.889566652651,39.945204426127
-114.697362874635,136.025518992624,-21.3001470487943,-125.887742730512,-2.54747945693089,5.43903494678671,370.964555471393,41.8901747228083
-42.6264827257255,133.634946129292,-41.2393487387744,-85.9237714660703,-14.400509109706,5.15876269486034,364.131668407223,64.3529960841406
-73.9119594511722,100.242483707116,-20.5481027348069,-93.2466674535608,-1.4733391989721,5.93779286067729,456.321746378133,-51.3762922905153
8.72227437957918,5.63196488580434,-80.0940519138821,-2.81930833947263,-1.86642456556365,2.65831497299951,147.809595011626,11.179177241851
-37.2325600167023,49.679161137341,-45.3751417764906,-86.574181356058,-3.21298252814449,8.5984847493819,812.218253609259,-81.8372104185619
-70.8153698124861,64.7275852012417,-74.3543872194568,-108.792526344609,-3.73116713223862,11.3580615372048,91.5769188389604,16.6639960400726
-75.9670913598893,141.017588515742,-39.3439969251995,-155.793743790258,-7.79676365395426,6.90270244036219,627.638131986299,6.51538691170572
-110.34899854385,65.3256156459465,-29.1163784602541,-100.09605480732,-2.59707867604448,6.06929986695468,802.001455407095,-11.9837939783938
-110.707382560766,92.5683954136912,-38.4254774379951,-21.9010734753101,4.22208725783275,3.25378400462068,269.301039580183,7.24311051346012
-3.63957163877785,125.790686883251,-67.1118930988741,-82.058512219679,-1.41474554969318,3.33208656108764,424.152203848891,-2.76425816438859
-84.2420119156595,83.9382603153208,-15.3466186607548,-141.006985159649,-4.08574306897935,5.88950420739275,100.674919805067,44.0656082872156
-28.9827829417118,120.307133952767,-52.1827631843923,-86.6127690262801,-6.66545621099067,4.83814183517825,889.981019724983,-23.9501287576477
-110.355425751433,105.953947254049,-36.6152985678491,-73.0530876774283,-7.31284439262527,5.68965211300019,763.014783092221,40.9203642810171
-30.965612349275,207.96149623764,-76.6544513537083,-196.231686571788,-17.94309151583,4.96066682662058,662.455473008857,70.7618996489291
3.86311043644673,25.9981031850912,-74.844982536124,51.8301658444107,-1.08646497107111,5.56473544953042,342.738770339081,-21.2303514698651
-58.1660018781256,98.1626061459428,-40.4781387652038,-76.4513742667623,-1.4934056448692,5.304750942596,244.967420235786,-18.0368223526903
-1.90488303502525,96.1983641567203,-47.5723772894708,-131.291454741033,3.21781049115816,5.06179984442133,-33.7738276290183,-38.8095163177495
-159.214156304064,159.043806115922,-48.8252098058874,-233.621184228206,-3.15164128609467,8.63539700917318,1024.32470424779,-16.5232104348324
26.8249010798318,143.228630580488,-89.8335389889107,-158.272003513703,-19.847567132223,4.08104272489436,822.827884941173,75.4479410057538
24.2426959257282,112.667988920344,-81.6757428462115,-111.015656544012,-15.8931435295817,8.97716726835642,348.890752129723,9.85510685067129
34.5433737558196,92.5653533206641,-60.4068628262467,-128.534111435481,-3.22307133943104,6.00837631837567,214.915036956489,-66.1332136316341
27.0633524769219,129.613730104909,-58.3897253133182,-166.306812374673,4.48924605939465,4.12960898922756,152.547900360834,-54.1573634507877
-100.258244347177,150.814372565292,-70.8679247737382,-123.66154338888,-15.9279019026435,8.11675045623269,1343.85004662286,52.0208397751849
-133.89157245151,118.917638952124,-42.6047032668553,-87.7628622452903,-2.19205584740848,6.53730346444354,660.229843308618,59.0671085016656
127.808290017594,64.8437364492784,-100.17248814839,-204.473879633148,-7.8785862896184,4.94732514051429,131.482119010296,-4.77007417256027
187.64894708294,161.61297416759,-121.822885681453,-143.431837108028,-19.8498011403499,8.07204143999843,435.813544261822,-73.6812848248373
-35.6986374431872,94.1115429958372,-76.4309378397593,-39.7165872642145,0.142533340491354,4.22518133890117,529.419870433161,-28.2416538067482
-10.5007465153794,185.541456302832,-84.3473536686543,-76.6581271431569,-9.93403483950169,8.91613532099291,723.234472159907,-42.4042083933891
-127.204471449251,113.597709132257,-35.2297809207812,-153.646799086335,-13.2928074576539,4.90284339895879,630.287678974186,173.080323368456
-232.202096365138,199.008393031633,-23.9149998353496,-256.103988393355,-7.81223490017874,6.32316309335874,661.591953447496,190.014034058666
-213.353514957162,90.9247301568976,-22.8266787913744,-85.6593895591795,5.32692947726173,6.74777631829784,872.951421455691,29.1110925730754
-4.96172453078907,152.449637953556,-88.9206514124671,-163.44468208772,-11.714387302578,5.99330400906365,684.347184610713,6.34821721460321
-41.9518546554609,197.788923012921,-71.3924669548796,-212.819438783399,-4.56083861176921,0.461270325584337,253.442355362899,64.4030364046048
38.4038556328233,97.6326125796995,-75.755286433814,-96.1495906464697,-5.18421330054116,7.68706166564516,233.372977877414,-30.4792986479297
-197.535730670395,139.430778792723,-11.236666482524,-137.437895647541,-2.08467035565991,3.23389116334147,643.694309469345,102.859468736711
-43.5105282395598,109.505798030033,-64.6856807514414,-202.12610801743,-15.7618962922975,11.1401821774052,297.140523868948,20.7955426006229
-147.545584842723,126.038166305931,-47.7321760507475,-181.688442006634,-1.2088307426643,7.18011919304263,732.304489996284,11.2719935492205
12.375800026377,157.159878098144,-75.238170461671,-36.5967692311533,-6.14676509895071,1.90377083054409,-58.9296031022386,35.1175612524967
-29.24394464744,141.800365500865,-49.1143772377545,-114.326282769747,-10.3229603221698,9.03527188091539,409.341480093048,8.00947836590785
-74.2121311464289,94.2496158974918,-35.7845561179856,-175.726301700193,0.899704052914785,5.33221618304378,503.440572942985,-10.8206343742568
-95.6604906954267,74.6582189660476,-25.203110457147,-60.0604391507659,-1.61576196471287,4.02810770786891,660.433630044052,-2.60224027940421
4.9503349653678,87.8172055819377,-61.4219015364579,-212.618527827115,2.8886856952995,3.45329175837105,133.163829440553,-43.5248770104081
9.45973572118965,104.733914724595,-58.4918688737962,-195.172730836552,-8.24262855178677,6.12043109536171,118.404159107391,41.8132882252976
40.1716757855829,92.5251257317395,-82.0761739288282,-110.823040654421,1.2501973141043,4.47850730667415,-11.1536379139579,-39.2525781388831
-119.739529150109,110.856740390867,-22.3706819735744,-137.796933396196,1.10276464716299,3.92365850998613,323.830369354111,17.2424183896946
112.962623676722,200.027821917363,-81.5174775406485,-172.557951092909,-9.47085066442105,2.23313323639741,-605.486561714424,4.82047978520859
0.722127680666745,58.6226016745204,-58.3987984871183,-72.1809122883442,-3.22417268997197,7.00956921137185,239.638289120761,-40.5370678406689
-46.0262448687427,119.501236737462,-65.3692590629689,-31.3075714490842,-10.1019097772078,4.92664265619533,183.888766015385,134.073976135944
7.75209137730417,67.0562146766752,-65.1848315968382,-174.843870695622,-3.67113239422906,7.57668079854921,945.975576381898,-84.9099631882855
-12.4828936942565,142.066083894504,-60.934226743273,-87.5405058551842,-8.26209674560232,2.81427037241519,350.662882439021,44.9452857916549
-27.9934895211918,107.941248975123,-41.2314071147121,-129.304453063264,4.41568753177125,3.31788145562314,502.309773337271,-85.8362457830453
-97.3874863161182,35.1239751502289,-34.9409990326385,-116.89688069488,-1.11466163108707,5.88159231527243,614.528113407374,-0.821003214092343
34.9274756502273,212.796650640478,-63.6259469435754,-158.963533129019,-1.91009725782351,-1.19853797467658,198.323542683191,-1.01868336241751
74.1735390445683,123.67738881454,-78.8082481129968,-187.39763665112,-8.6014733212578,4.72889319219394,429.91964573762,6.2177626616467
-153.275822357893,145.759243226943,-42.2841974983166,-168.791291461181,1.14982842273457,6.82847627006413,745.145754157827,20.9935912310393
48.2597961937572,121.101453040883,-62.7578831326537,-113.504895518962,-9.98135011382146,6.1112722596572,428.883350488235,-31.1496810735262
-115.820400747616,101.006529462335,-27.9941424683439,-124.181115992687,3.00016962765949,0.857754904136527,-76.5348851695599,91.7858866696188
-47.6423477231001,61.0765058701727,-61.6047463347204,-169.656359046428,-7.81442288623657,5.88103399740794,405.758478555796,66.3814211984427
72.0016071661303,171.209095087506,-72.8629032671743,-61.8143761145766,-8.07407170101942,4.63101949161501,-39.999612744532,-12.5191748959624
-42.8815906122691,101.841673933467,-44.8309126650565,-9.40281223497004,-11.8564740519369,5.5721831920273,87.7292442218895,84.7722777383315
-85.6873449905834,111.330412795958,-43.034926670487,-161.229343233135,-1.84169336174091,5.29399653749715,751.650163094389,-26.9015683439357
99.5372817298521,132.002901376502,-94.7661813560408,-134.130284945029,-1.34694675514038,0.263314779673237,9.52570123934129,-32.8454351735345
-36.9210966141618,31.6714590612974,-67.7990710309386,6.94287749400246,0.767058948549675,2.33465726763825,624.154206553147,-38.5306341967953
2.65259332931601,109.969741870853,-62.3793464242117,-175.959602619623,-13.530154301814,6.38757326484301,-52.2761959533382,106.083142698917
-193.094452846468,139.30694680228,-35.2606491324696,-36.3703036814004,-9.35142384786013,7.42841290346405,1010.32003522183,110.327105334029
-194.559608566837,115.003594433845,-25.2057620462729,-47.16928881689,-8.42563622392481,9.0614660947831,911.563229089545,110.996853246237
-106.846290120455,138.979591195093,-42.0783226886197,-105.853780765116,-10.3715035747009,5.76227143594588,785.740353042114,36.5616806669841
-30.5825394368003,62.3006318703119,-71.1020050275838,-108.472384602734,-3.89297746565853,4.83781945599912,459.771361526525,57.7998954693612
-144.746248627562,175.169969600393,-34.0547741715563,-209.869019533682,-2.69695904830587,6.44942874256958,1139.62756828639,17.115996879249
-91.8190203457634,119.779235667935,-36.3495154119591,-151.766576630383,-1.92162583427853,3.90915276062879,258.677964404538,68.4060253891548
-50.7278707555961,185.271829355581,-57.027262361793,-184.101973159326,-8.38977135001915,7.79155732437357,611.873088617293,24.9095781087235
-103.929654179839,126.260638959458,-41.3472830949977,-174.644893055927,-9.3886371962144,3.60292850292171,855.868785065817,65.3681091439939
-4.76505019785691,182.80490269103,-85.6666510347568,-154.0091549551,-12.2885536159592,5.02322213354637,916.168380117408,7.50145209592301
-37.100234307989,129.620686505237,-73.8045610315922,-110.52905899912,-8.59356209081307,10.2449540083508,281.467633602224,32.5331312291792
62.0376198870217,50.9734356275967,-79.888625223437,-171.146100571437,-10.7015265517693,5.61278312723152,640.198018171446,7.70113267857232
-66.9552444400106,58.1816218724125,-66.4000954624789,41.4076081370258,-1.08638753045307,3.92542383004184,230.8412726393,84.4648454815033
-178.894156119859,79.8469458877735,-12.995263762481,-76.1919647729082,1.38905562464788,5.61401705411845,504.577958130809,95.7314821750042
-202.993106198701,77.0613897952753,-15.5493504794431,-52.1967363286676,0.686695099357166,7.28852244110021,1383.1899582925,48.8151361383243
-184.806996492225,209.820976705017,-34.6701056551537,-146.927669209368,-6.12024743075017,4.45947132448782,1263.91666432215,-2.5273386205954
-62.1894088952686,156.417087486538,-75.6316332899587,-216.371635262229,-5.24126314183377,2.20935176614876,421.832376093334,101.381835143427
47.5099922992085,29.3691400034004,-103.188910982281,-159.516526188265,-5.69683129573241,8.85313298326219,734.171222479607,4.74221118541027
-87.5109608451494,92.9608170413558,-36.7138470869104,-24.1550755570352,-9.41502463060897,4.92962767608697,538.616142174284,76.5887925329371
-182.105841368146,59.8630390242324,-34.7891720477119,-40.5556530041731,-5.02591539410059,8.18093556746317,470.056210392911,84.2069594835789
61.5553228786848,60.2533685283561,-68.0019593368052,-201.936785495807,-12.3410042695396,5.03389004976634,79.1267658881552,1.16818620598315
-4.54945626552944,112.264290958934,-65.8046004353091,-149.717686089425,-12.9359386703436,6.5015351085458,583.628262492042,20.9356137977156
-47.0100700114817,121.335820737426,-51.7124879279436,-104.997260992721,-13.1438792043919,8.11800632474478,861.317520063618,1.14608452007815
-76.9114697462428,145.775928841264,-61.4138677972951,-134.717715182633,-2.28402801982156,6.0324589091324,495.052142268571,5.89458186668344
-37.5926918497935,178.429781944347,-53.2379220001385,-148.12000943677,-6.19146871598787,6.43044913578342,299.51394995259,29.0926050119378
33.3927968206539,57.8994720196933,-59.4544643345143,-16.68331817133,-4.05145501732477,3.03497937219799,292.93965382046,-31.0799404387944
-36.4646260697209,70.6067021812487,-47.1964561449272,-52.1568390385073,3.74462896300247,3.72761303840525,385.489968278605,-39.7663429282652
-124.329773595935,63.9543947311304,-18.2249748664181,-86.1351250660946,-7.49356304024695,3.72735564100731,626.214287189039,103.209012890671
-38.4673041409405,179.613114461565,-63.5621196679785,-212.725323165996,-5.42785104017821,8.99090525310021,697.51411291441,-52.3036889783689
-69.7242004806467,189.55279588954,-58.1009113574837,-319.057152469701,-9.05514527759078,7.12329753018275,678.556925217257,14.4386568079353
16.413778832808,131.02534784202,-77.0092065600911,-188.877854045459,-11.9364524165212,3.52229914175405,788.814940194599,10.6690623778122
-14.8539796370187,47.6810657705937,-59.6831851628267,-35.6213842434645,-6.87860672523675,8.56050510438217,761.039531665665,-27.3207913372607
-47.4185010110887,79.5733801774622,-50.6129657796846,-57.4169001220143,-1.46058315175469,2.4128039671341,278.906244405705,-2.47093312406469
-165.861965721964,120.584186259017,-28.5107310346502,-98.3987485471444,2.30328327459574,4.99430024644244,954.969229467246,-31.3751304470716
-31.522082439129,60.2986998676206,-51.250447624785,-37.6921181869839,-8.04565390796779,8.12089282667148,631.718421603757,-17.5631094437849
-94.3348900428246,121.626178740463,-21.872823922211,-125.835488615325,-8.93207170383721,4.66084721687366,176.35828877621,74.4704323256192
-158.912261093028,176.426441346441,-39.630998000328,-234.677192118012,-2.74890011850221,7.52112758286967,1029.00070352989,17.2909873988374
-69.7504297177511,98.3175891064166,-46.6187423812662,-121.240889737091,-1.71342744423237,5.4151804879366,651.256112746585,-67.1247965949005
-92.544021265101,124.210433376429,-27.5229765828153,-65.2798231123888,-3.85779728244233,6.68452668618011,765.053742523328,28.5833681350632
-163.989746649706,107.152234162029,-37.1716167435079,-91.3541028694599,4.46987215669651,7.54562502658518,619.647821626484,14.3744469553785
-77.9720812099986,80.7990865118154,-49.6152402611733,-87.236051906817,-2.06289626088983,6.88975975336507,199.809967486137,34.0479083497939
-55.0440461464386,99.1222327639989,-41.1320766952995,-104.255615109956,-13.2376463664987,6.19785530417425,920.933050718188,38.7767070995669
-22.8530812210447,160.605003705321,-64.3542873399565,-207.764173420059,0.415904354533268,1.4742380467469,265.353928856479,56.05297264416
-23.9865935394773,54.193101238212,-43.9770025688049,-39.165001558169,-1.77656383761496,4.77340855988587,352.429525542757,-6.51660775736673
-52.3228082849182,157.343198755203,-31.6802598438517,-186.90492181152,-2.80010247477912,1.40691176496512,232.382089659877,47.6602605110093
-94.195770499573,219.793116082277,-45.8203497448558,-214.673378777807,-9.68758390393123,7.35037630677107,289.513381494929,57.5989039245469
-180.774425104522,166.360301923251,-34.4076156402007,-121.227602596598,-8.0396713293012,6.01917099302227,1202.91420507667,47.7381592291058
213.541358431401,92.3664713981852,-116.062611231435,-182.42372607869,-21.8503299297881,8.35782434944849,-145.890294611279,-3.4306218640013
-36.4716205428558,134.758023312315,-59.6190369288961,-206.026414277264,-10.4181024861609,11.3244563800836,465.416363834302,-9.37986700989131
-20.1854131393766,87.2185938906841,-67.292414520125,-114.047984120552,-7.44178481017298,8.55048647902731,625.943015970549,-31.2951789148792
-127.828803433509,137.399002741658,-63.9572752451932,-104.718143331294,1.89859859280114,7.22928044603759,777.784089013134,17.3873885905637
-43.7070929049514,143.083970942178,-63.2671445278611,-182.959568275719,7.03916185804246,1.59819751841133,-222.007404049305,35.2785003472382
-101.066163457406,57.3425801824778,-64.489012844555,-65.2854176449764,-9.94021622161381,9.28404996643803,1079.73791549378,3.41924086351355
46.1319654996714,128.244667343184,-64.4312437440458,-77.4093136664633,-10.0122448389448,6.87699163833167,489.509002274965,-63.6162516131008
-97.8968710508816,115.544130857334,-29.3699215467932,-54.9114688314294,-4.51995458747842,4.34894124437415,211.094357556005,79.1665052429598
-110.594367556128,33.2699549830759,-27.8365852748684,-109.98222224554,6.71525257367466,2.55156560453906,853.098181186302,5.93088151005213
60.3660307062601,237.592114806655,-81.4717362697702,-194.229131475393,-12.2894247733348,5.13305469472834,229.427382190515,-19.0747641455091
-88.8246958259624,44.5669385458241,-39.2955838276539,-125.035329799925,1.11002703865233,4.99261628685053,778.097024499599,29.4432859810586
-112.571793878356,161.359642120124,-27.493610503996,-131.793176358828,-12.9630795596313,8.69896320576481,173.405546685906,101.307709960114
15.898273031773,117.554956632928,-79.5992057677067,-174.390375242663,0.873455563414609,5.42677413507045,383.571037293103,-53.7170477969776
-50.1273563632058,194.542806810874,-58.4784442149903,-229.765884301334,-6.41106166710961,5.86537137114647,734.739199470335,-29.0485306442133
-77.2867554906406,104.178134839833,-43.2352897876408,-115.757243150802,-6.28553155433474,8.70898256626242,809.867205558316,28.024952988897
-194.426153366134,80.5610324025456,-13.2264116507067,-62.5997734606717,-1.39497163376654,8.29550261409895,476.304811005568,79.1181155354134
103.239708980458,38.5140875192519,-78.8443939557365,-118.881869838257,-9.1406702172826,1.66760872775194,59.6636810760501,5.97853290998319
-152.397579543001,118.550318763573,-33.0350104450481,-34.0289681207723,-8.93884565983899,2.39848827232709,440.825726094292,135.336115444545
-14.8819582725409,168.961116016897,-98.5913862078887,-140.703609516524,-4.50574895576574,7.02419200258009,150.138459513895,-30.7177613203967
51.081135318309,179.47098547926,-89.1099042499554,-262.944413150064,-13.3735196574999,3.81329281018043,174.630469151758,59.9040644287306
-30.0715097485809,179.510442816842,-93.6197393654729,-126.210501607813,-0.986805006432405,5.27816225577408,165.149122244693,-36.4284945124527
-80.2239580657842,95.1017094996205,-77.5353345114127,-180.204555000921,-0.36171408375958,8.85305441277887,987.731140427932,-33.1831311061615
-48.0598251860065,43.501508851441,-51.3948181788146,-180.663222390256,-4.8655878392965,5.07754839138943,-190.684612372461,115.601424297587
-36.8493587143312,159.304086969569,-52.5547639008801,-153.10209798751,-7.04058176712715,5.65797348466731,278.283194613701,15.9930123367885
-117.317147859025,167.364120917613,-92.2960759267698,-254.96196524872,5.39999407995492,1.33324372153584,688.361265601328,59.0574377808953
-145.953757876661,161.711658798318,-28.9921153522573,-234.840810640409,-2.72220790697611,5.64887460583486,289.772739662199,121.323567120591
-19.8223692595202,88.1299088335218,-84.8069022152195,-35.4235070360592,-1.64103279112896,7.78884772946549,793.675094956096,-73.0346909089276
-51.7282787025615,98.3305118746648,-63.2045268546426,-147.175880110561,-8.50359014727292,6.1669949493371,355.26802005904,72.9073421976209
-98.5305550125704,169.623302420488,-57.5241522622237,-190.038757274044,-3.85839641230996,7.72024617652642,547.013112604385,17.4027360229811
-15.1384728251287,121.867080528784,-68.5843360379113,-58.8181430456752,-6.99143742546585,5.38988793037424,378.592968723729,-30.999549411441
5.69805489071587,75.9147687618388,-63.8185863979561,-67.0618623555638,-15.5471866600565,7.55032727459911,804.521285359311,62.6302363916257
2.41120414969919,225.359434955721,-55.7427002857958,-246.555377401048,-8.07445896095669,5.59823162898101,399.524776163358,-37.7236023703517
-50.9985977469623,127.853905814001,-51.0111626033613,-218.470408796534,-9.31286757829366,9.72473869708483,626.043644490826,-39.8616509393032
53.0657854329183,133.430520917584,-77.4888424885648,-106.560181352208,-11.0089026971837,7.63042474775284,180.443698235613,-20.636179899564
104.949348616733,72.8875924773602,-101.927955880557,-55.9812798356579,5.61083117779344,7.70484339548238,-57.2651037110045,-143.950961059269
34.0644371681556,147.466157759365,-87.9317159641578,-149.815203716775,-7.51901536624064,5.92678867819268,633.125405029127,-27.0792418830533
-16.7517412882662,126.290043599263,-43.6705039438166,-148.166223185035,-5.97803836592357,2.69566846403359,-105.914004056307,45.7977546905895
-248.646412987786,145.589890107982,-34.4812248816597,-99.3056749068055,-2.78449174703564,6.3796968729439,360.794501086624,202.043691301704
-103.977957297524,128.631876293221,-54.7375259211476,-138.459293799417,-2.48204206614173,3.00583250782802,469.254373202086,93.6680478478229
161.599152418141,158.449599637301,-92.1118344861579,-156.832296285396,-25.491741916936,5.33090914470813,264.57679074163,0.737434419599595
44.206650997352,84.7128210760238,-74.5321445631562,-28.8418729001532,-1.45077027199295,5.63685068639461,530.106732379438,-80.160398603708
32.7146617703838,78.0178031730611,-69.3978133733617,-69.5797028136731,-7.74612347056973,3.26280216450687,-36.6975340432837,35.2200631141895
-63.8385515392856,40.7072585595051,-56.6833338930155,-34.6581450000958,-1.63230551269817,4.71967812066578,101.573551916008,61.5592686676391
-166.133036005194,167.158351878636,-33.7259851336003,-239.677497916622,-3.07842280298064,6.19584265376034,773.626400071429,39.1111554769159
72.7460466080229,132.955327866752,-87.6122268227336,-174.655558031722,-1.75188621618145,2.28277131478535,401.372148915878,-108.947934047377
47.6116629158059,126.680217508467,-85.5356157285132,-15.9721827808244,-14.3158800636011,4.54844357108232,60.5270230177121,70.5170687564569
-1.11133270807477,174.417589488352,-56.832362705587,-120.2451033623,-10.9640688705767,8.79903834016295,156.575315914932,-5.17020585882346
-54.7132170171972,190.416839204438,-51.9325502085339,-215.546821842756,-4.65933194776881,6.39107756182784,442.869169572784,-49.6422129558923
-124.819779470228,282.88220098005,-59.4169771419256,-155.676119428259,-16.5037370856007,6.63115877346718,384.032491736965,106.407364591774
-81.0499160116742,99.7698112870257,-50.3126706217936,-180.709481933241,-10.7062173481463,6.97712249893812,1084.77378739431,4.81138122487755
8.97776825589244,236.197307501563,-82.150382317217,-247.928970768553,-7.39987820427632,2.01280813014819,201.229709150379,-18.588179766477
3.25996390843648,158.466193066626,-48.6779626194621,-59.2794105998764,-21.0652131319948,5.50360860185174,-328.200269179419,114.604525309973
25.3531083100697,203.991879847537,-75.4773117528821,-189.382569253095,-8.75969780318292,5.12186266636127,544.926705775084,-5.20884648894571
65.0916042799108,307.037052580417,-118.222427555656,-201.627926695845,-7.16404425080691,3.92579043603109,218.441935284958,-79.3182127683103
138.865550742077,37.5773740638833,-127.003916999987,-165.501719051201,-5.53271102689905,5.53554630215513,-286.884815012672,-18.3776725882781
-7.70646093477262,121.807187208849,-67.894045798741,-67.778682959819,-8.66146092439885,3.34564877928642,30.6684711673515,57.7227734448825
-69.0058654478489,66.0676194769803,-41.6012849186081,-150.007159806861,3.43871277375729,4.34490580949205,43.020678508954,8.63040415482828
-50.0392448832281,49.7386410664694,-62.096802157128,-117.483496727618,10.086031460698,4.61127481101948,495.756302108872,-85.9113130121477
-64.8162301620541,47.72055800214,-32.7133347468116,-62.5738537663274,-1.17379998577235,8.04786138546478,440.647715360781,-35.726476776792
-175.337529131328,102.302768018082,-15.1854539009896,-107.064445359865,-3.92193933375529,5.57986224080378,1182.21434651315,30.5964621103703
-102.02837508879,60.5384453372099,-36.3954888177977,-53.3829032187477,-6.61490688455524,6.47005134106621,500.347985829008,88.1538528414967
-220.588527947431,220.426652288283,-32.533248162923,-123.270492048425,3.35321354345797,6.36371117565432,497.243306187462,-3.36471072443965
130.111784750054,147.325090464787,-112.590910419269,-182.399412798677,-8.58708128661965,6.27426170826948,452.605113275757,-73.6022823026069
57.5843409419322,190.282120438176,-73.852867870577,-186.097733415285,-18.488562065555,6.64950864689308,757.482663836574,14.8079218076746
-127.842884633857,90.987475869013,-29.4591931619216,-95.7789827060915,-1.41371068612352,6.62888983095763,502.617088040359,21.0157004274661
-132.705254694214,110.837926093176,-28.2625365658023,-96.7299020887513,-3.43932010329445,6.72636999204406,579.016038649574,62.8492363086698
-77.0765634855343,110.591699122597,-56.1175076596846,-157.287762862685,1.5243419215567,7.83801240126922,656.009148969795,-21.5161105773514
58.0422489029879,123.746113959598,-69.6664392716048,-170.638213549079,-12.3705224630539,5.43992688482103,463.608284865171,-36.6669713920492
-135.8309884911,127.975395596204,-35.412689568504,-55.8204999179043,-4.65164838268538,7.22384558107296,335.755874233846,77.7351560012903
-161.289605000049,131.366130211238,-29.9851448247355,-134.153251037749,-10.0160480399645,9.70376961503644,730.896261177761,19.2478668873955
-26.5400269355887,73.3635646923485,-42.3203264650947,-171.7812110062,-6.05607312222128,5.94803817273714,590.306562750913,-29.8045869802809
-78.248603969445,209.77665387225,-50.4522915434136,-212.351027779005,3.87835158620146,2.3134201294888,-122.836521712903,68.8357850664033
-91.8310522695392,162.968738695621,-62.0338939793219,-178.017417168222,2.35005161718072,6.98051991822285,551.248665448045,-53.5892112716465
-39.1346070598229,80.3897014451941,-45.0857961299553,-123.318653015114,-10.4001853686059,7.50481001667504,-82.179765253698,72.292478579373
-145.983850429096,186.709729076705,-41.6571418704843,-186.41482329664,0.416362166011822,5.4286154112051,870.605235024297,1.98851059679873
-70.5763290704344,138.835927221855,-49.8491539635143,-89.341440598535,6.31266647017037,5.81639365237788,631.990228786017,-84.6593068540315
-20.9997106276278,184.636417387053,-66.5700270312082,-151.689862286341,-3.63503341694013,2.91320683209051,168.258411326824,32.1931858426688
-20.5177516743133,74.8888912152906,-60.7822417853167,-50.5418597686339,7.85500646503351,0.751590188025148,621.330957017126,-70.2610639281702
-191.755148643693,103.746743810931,-26.9585794200539,-54.7598162583599,6.36515708051593,2.26757536179502,639.43158367998,59.9679613358021
62.9016182940977,96.4704351958208,-54.5303534530976,-140.15370655118,-11.4626603624929,4.24990419697133,22.4088767886324,11.1825679921185
-92.2424888203532,90.4114423301653,-43.3623563802939,-69.9627947804984,4.88390612686635,6.01436216436105,566.338593060267,-12.6284764885349
45.8723718066321,168.602162462033,-62.5236137460579,-224.392836645959,-16.635197482392,6.49002267995093,267.67130976724,38.1716238803347
-182.454096930378,102.813849877013,-31.3788323687368,-57.3490981083742,1.00018785998691,6.79327564528649,800.29323097656,-0.7862575683248
-183.329544774788,98.0366915043523,-27.1729951860871,-94.3024622050798,-8.88286107736349,10.186397808473,1041.98582453365,59.7296862844087
-56.7980978486012,137.750030601923,-97.3317616186832,-197.772865751707,-5.5156043725724,4.29432298794563,269.972066939008,121.055351566218
-74.4383193021367,166.190792434325,-51.6143179264036,-203.842252152295,-6.5815117744296,3.67223098321847,721.272845195082,57.2125441027601
-142.521958758967,31.988373310829,-24.9414907415194,4.90088817905416,5.33366474508512,1.88866428497204,149.150526400859,81.9100848210655
-56.0800279767136,173.515545691087,-58.0359009378008,-170.002642246254,-11.9348121657531,11.1483062961779,561.073774731959,2.65490454614337
37.0120051123813,142.383744594321,-77.5593691146933,-209.336676098741,-20.8927347917524,7.25937904695456,426.154175143005,95.8009736601671
-51.9345168087748,179.135962653148,-70.509822428663,-190.60974697963,-16.29216238558,8.82882283084473,451.992708802092,71.8025700550425
-13.1240025294901,106.718756928094,-52.9524416649529,-132.66317796418,-2.59422923323291,3.79587016766891,527.776445503329,-31.6664951746498
-1.19741423329106,67.0044228025217,-61.321265213337,-148.953415519471,-10.398142868391,9.1691083163314,649.795128662403,-6.40524466172792
37.5957983864209,137.601730644688,-71.6483683451006,-83.9969457794941,-5.09908755974175,4.15783124504378,187.80843276839,-24.2890212287166
49.8384296096883,123.929004893565,-81.942339826026,-113.999138558109,-7.65641335606779,4.02796565964672,57.659215832944,4.63775107279071
154.533340038142,154.224048831806,-98.6610778743516,-270.325770430747,-7.43625255583902,7.04143458353428,-286.054147645656,-130.700009460401
3.39514420586056,87.0506515302695,-73.9886874006115,-65.7277780969744,2.50778859775164,4.27184460781064,-378.80181241328,14.4517963160179
-15.202086674064,159.291923264973,-88.8476570982335,-86.2491728804052,-7.6761282254447,10.75672418865,740.249440342959,-87.2537810761496
164.833873596843,86.4306381174029,-126.725505313996,-154.718779268675,-5.71150065844995,6.43610878195614,376.057502360643,-91.8897719980669
-161.532064051193,200.462333949436,-38.5299885684508,-128.511727285717,-7.15862756271963,5.65017624705797,786.814670785301,61.7254117719736
92.6964687368763,143.961644087467,-82.6647659553329,-149.260936267594,-5.71912816471013,1.04282611732197,403.517875415353,-64.3124272612622
13.1684091017087,135.967932634438,-64.8079334176873,-133.676732309308,-6.26629260739719,2.7574998474156,-14.6605185712251,62.2245828251762
-15.4137113238976,141.627255031228,-55.8322640414699,-177.777504296397,-13.281786757987,11.0836346390424,325.176079676283,-38.9549017997488
-272.466096125165,132.386536354665,-17.9891290479427,-28.6747047370009,1.27929001298617,6.48250218457542,1131.72129744072,105.97146674187
34.9379412905837,139.125105011452,-88.3817392541096,-71.8465476765123,-8.69308318386902,2.37635009859514,807.154460739053,12.8722155881114
-95.2799120297586,94.0856134244095,-43.3691801772948,-15.7201886860039,-6.25588912706985,3.37873619649326,306.245682113884,116.558209481394
8.08237684131018,92.7684823472982,-65.6257564420521,-82.4775110873234,-3.98710143769858,7.61140734100627,654.675149005518,-77.4757875114447
-44.2599290827056,98.4051569857402,-34.6931419164175,-87.5497634916828,-3.81300458282203,4.98347292264225,471.397234349126,5.06946488920494
-50.4013826797818,80.404906736876,-30.0024954207047,-89.935494492398,-4.81228954850849,3.25750444058212,442.978500240533,35.0993126447829
112.384080000593,88.5847768919411,-78.2542118314304,-90.3861297619296,-5.49525364748115,5.54547205653216,284.53284190601,-104.325825402091
-50.5958405239908,88.3061399689177,-18.483493184598,-134.759653018962,-5.28446223733499,6.57673575264926,322.239555311422,-1.34399270577705
-43.2756024137198,98.1309833568521,-30.1455285108241,-14.6600885756197,-7.66111409302539,5.20002964921878,451.355781229066,10.8043966492551
-32.0275228157261,138.147749244978,-55.4786882858607,-126.835525525486,-3.21057964298961,6.51983191016916,522.599597802327,-46.1119690119231
-41.8826010453777,87.7897840361984,-74.8478360137233,-122.592059423478,11.7993487795466,7.42592289355525,1292.05821333473,-209.466952941846
18.0562835868186,126.201851416903,-83.031644586481,-147.107302702934,-3.48820700844226,4.54070231190417,-246.347200528769,-16.3554570793194
2.48530219417444,111.010657547085,-85.5114578693174,-173.125270897799,-1.63829951798834,5.44365644986647,-209.975047662738,25.2329513572622
-10.9238760187,246.385759347468,-110.393430467753,-177.073579651256,-3.44373029208509,4.87144857473322,814.533185722525,-20.3372796075419
52.6432057155762,82.5364449574336,-44.5865561841201,-164.700187367132,0.274051222164417,4.91924193098384,215.361903862315,-25.2306599249714
-168.271662766383,64.3670445865719,-49.6229702885412,-3.17230218007171,-1.55456242404762,5.6837127841427,421.008356726757,17.6081940421136
71.0889488184221,67.7768048526996,-21.5575011822802,-93.876159877138,19.2614560039074,2.38537380700291,294.943402360332,-85.5347831374966
-34.3904204814316,102.962723091518,-54.3601263627206,-132.566608117748,3.20598398857601,3.28053036457277,48.4495737457328,-51.8344123431816
-332.754025685543,173.193975748058,-36.7981857391569,-222.191874903365,0.950574974529445,3.58176557414117,1178.07204262756,-56.6177959400011
-126.444643855015,101.224478349795,-49.0203444975314,-235.514245166705,10.1013943229336,5.07951768620296,76.1423739227757,-89.490761868452
-258.152939154461,178.080351152632,-25.8402153234347,-164.259782241388,0.648108175850211,7.22388963391859,562.07540311804,50.2812997493311
-253.713362895251,134.149294409708,-47.9781175058233,-169.734077126421,6.00178599811625,3.70695506923948,-291.730627156823,48.5170760129477
-237.419511398431,98.513641751626,-40.8091937895224,-99.9501876210452,10.2684570061356,5.16115051565794,997.110951570678,-92.5510805343511
-471.30532518946,38.577916300128,-3.71738259558333,-106.46740178003,4.01409905811306,2.71721190378594,311.535911494168,114.187166244112
-278.68783397018,185.657803391354,-27.3799213394595,-181.403728490972,26.0723740451795,3.75835665137856,345.123834917205,-67.7371555936843
-77.6606818674009,21.6455451702132,-41.8923954381607,-68.9801652727183,12.2815110163065,2.69237427412008,1083.55859245173,-126.026903369784
-309.914432549551,129.284302617947,-12.5450644137018,-169.782124029967,-0.459017278917599,6.82002330273099,1419.16609331791,65.2718870515964
-132.756674554374,140.857188552633,-15.2111490094685,-47.2699752215776,9.92269864011905,4.16881626297072,928.324288554868,56.7473656673392
-77.4480709616364,46.0534601042164,-40.4059905903305,-45.6981538426044,4.02708259208885,4.79531625007803,25.9275677184196,-83.8741474002163
-172.505574007882,87.8956646669394,-27.2434984739084,-185.857391780781,11.2469409199839,6.17486178639228,459.660472402727,-66.7103240908036
29.0891572010732,39.6981275503931,-63.3879753952961,48.4586877760885,-8.54232712788871,7.75562626579995,978.973205657567,-89.2825691374273
-192.474208175481,47.7533753594407,-12.6476276924368,-124.22672606774,15.2275340485958,-1.20913419994031,787.370973162095,-76.8091814445434
-229.801616342156,60.4472129367277,-24.7041419885936,-190.996466406155,-14.4871013376542,9.85684247993049,642.3116492275,-24.2810843851476
-35.1842597894647,100.651314789829,-7.32332395634148,-166.063565282617,3.34224835300847,4.47863484984373,960.886049300963,10.5328292657214
-110.735414842435,22.1972810853204,-41.2717419695509,-112.626272915775,6.29171513495385,3.69967131838712,382.638012508552,-118.253181988315
-81.8679226407548,59.1702377960319,-7.8890449651517,-97.0147839028505,-1.66750045694062,5.24937580597907,-224.733148618761,18.7636056945194
18.5735026308685,113.525890415454,-49.7792706011351,-147.95018285593,-5.07700722182926,5.01750701427227,704.051850205549,-51.354692257537
-121.179742893582,56.6113584211344,-10.8999005458463,-45.9050097646832,6.85603577292932,3.66254407819088,629.981201679591,-2.29464874853966
-78.6613991693303,120.445355862961,-41.7078805859419,-175.126061262767,0.867637782837846,5.27918895951007,-42.7148038250707,-27.75308557885
21.3226848726772,154.765530397272,-44.5243776946445,-202.573209137641,0.214770379832771,3.64169421781844,-57.2039072024863,25.0951961280662
-172.335673558413,112.490119943293,-61.9833916147763,-66.3476520271652,-4.29892896175443,8.82222189733875,1014.87692991442,-74.0496386063023
11.8901022499485,122.147140636065,-74.9801874893892,-130.271383592048,-6.08076379656268,4.87399615022878,798.460528887561,-54.3361936673755
-258.885471053378,126.734317123337,-69.2486556075419,-183.706163312396,9.6513187637247,9.60996506766242,1825.68300237728,-182.449966748347
-158.475952744455,53.1091451092943,-48.5203104181492,-102.770923299642,7.64852440011782,2.62724104970914,672.600961228483,-30.3307020272841
-71.2137204559695,134.81045929109,-35.3648636401704,-156.430591501587,7.89616363511595,3.65844671936793,-183.192973782818,-27.758169368899
-139.968699678499,136.337453856606,-28.9133121663981,-144.599887025077,9.85799912956645,1.44112216922804,1460.59888674501,-65.7348201379864
-102.859910229614,184.989944069152,-38.4367137306981,-234.36634669327,11.2949006277922,0.0744441075948998,380.868357417421,-39.2011197845568
82.6176231242534,99.8517678688804,-56.5226561227137,-124.800374072334,12.374262607831,0.820339078316465,231.238097932477,-16.7904601716145
-491.785642240007,173.6960682465,-11.0016293970548,-124.098160766764,35.0261343552265,-3.46097604119859,-580.744813544534,10.535633700405
-498.286131062698,195.287240966281,-11.4715658207133,-121.56215987372,7.02768403012305,4.93011287803529,924.327133780986,71.1349526643753
6.2519297527906,210.545319571304,-61.6295076128881,-239.913047108625,-1.4269829448167,5.439621523401,468.553526148404,-37.2636059463257
-231.381925215326,12.2243081571942,-86.8203489965235,-35.9905036617929,10.8976974216785,4.11088634491898,304.140458628419,-106.35899384525
-20.7652098668768,115.564042057864,-43.6985948683432,-170.848845171917,-4.33834577989364,7.67156000668183,683.875452663633,-7.22468922675034
-104.409429427869,108.562336967065,-43.8010660751461,-184.559516655725,7.30226704223242,1.1158464277014,704.958500257242,-31.2223500927066
-191.42493253632,29.3656283082746,-26.9336177567602,-109.835195242922,18.2635309291873,6.3227796671199,834.574128490687,-32.9318975970709
-109.93072573684,42.3766587379214,-38.8766380680026,-35.068535356128,20.6500739476469,-1.4749942569324,-356.438427415764,-119.582616302607
-27.2233286893315,86.9384531668038,-46.8557341093037,-83.8859064276039,6.26438998512458,7.18121702226927,481.331531892181,-36.8321386804455
-116.184866066964,98.6732457481594,-21.7717544792395,-85.0383670734846,-6.64916159136919,6.71797219503787,935.810485827504,19.5842257316217
-72.0942679827931,73.7169775540133,-45.4648206785569,-33.3655763606257,-0.290385109077761,7.72651845465589,252.906956756022,-45.6190451818766
-48.4645179947474,142.761559524231,-33.3602197549262,-103.284800710404,0.591706087187049,1.1774271162285,260.179714899485,60.6335442274285
-35.7515983885969,71.0244714853616,-21.3638662139711,-139.599925787796,-14.696692954658,1.53451653872617,335.553143459314,113.226275905916
-30.4084259947122,25.5134855991382,-29.3213396994834,-111.026678072974,8.55341667148605,0.0162589309475152,170.310518461629,-48.7140577578684
100.871124622106,105.442219366001,-64.9247454585102,-114.588191728515,8.61315423395718,0.122371545301576,-223.727172656014,-80.3264984629059
71.3238803471613,97.2017133696208,-78.9760992788651,-116.911187365447,7.06477232986072,1.65544911962934,105.113705253279,-134.875350174116
155.000304046785,134.05300020233,-90.0988843276427,-147.191248393399,-17.1817424941527,8.82777667164919,-97.6847819410177,-63.3711070690551
-13.2242388856685,86.4329213894089,-31.9711697675521,-90.0849640272063,5.99999989549178,3.80499541237077,391.876570238615,-55.8877944954438
-18.2941537208972,13.7342704505136,-28.3359587723389,-26.1128395759588,0.888633963397297,4.2437326194995,175.929041102454,-35.5771595110709
-109.783862029639,92.5879295492196,-42.9232058479988,-94.9202648846549,-2.59221475031154,5.06735278796123,-124.33306669211,-4.35977603919309
-238.146769149789,84.1969446188814,-9.3418868611916,-155.010368522759,18.4744796033083,5.28045396709422,392.535181518504,-38.6536155273207
-104.402718500583,68.4861639482842,-70.0397633359062,-141.150582209142,2.23696571454639,3.34932382027182,77.2102507479467,17.3906261127559
34.8158808138251,11.9987550016558,-31.4188571984978,-32.3081643964979,1.34418870147783,4.67557706160005,834.778307294604,-84.3366913613136
151.905367640564,65.6316375218012,-39.5362509866245,-146.753079576782,16.8328496554168,0.601209910157195,928.877901169966,-79.6797294456628
-21.3975332060872,140.817964045331,-58.0243206735031,-244.445516301232,12.0819153815573,10.2771828258992,882.091422302774,-121.881854359017
-76.4404314761341,85.7467301945217,-18.6182122379646,-4.77006488072402,2.75269065928296,6.25436653537326,756.661821740301,22.5203375685778
25.508277916535,124.133164576808,-39.9684731577581,-109.793025714702,-5.92070301790227,5.3392026910733,28.3315682165994,-1.18409382092068
32.5500562317829,57.746532717596,-69.2535993211641,-122.104381000201,-10.1552137862745,9.00462219789915,-572.927308609775,-40.1547728011938
-19.9796831360582,70.2912539296267,-33.7192652803205,-127.81671646866,4.3269072784542,4.16487368955859,-270.175366610842,-68.7744069650362
62.0680207350233,139.049316632751,-45.0480283646029,-135.461572311367,4.49089041772095,3.64657497913868,465.520872466088,-116.99897528869
106.153115315654,152.295548485119,-79.9660206748376,-178.334587458326,-0.893043097879854,2.93641084344199,-278.055369648442,-1.71556814998621
-213.904419149942,62.4197576040169,-35.1353159619539,-53.1110899528139,-3.68989814310044,7.37185852750554,675.487867889489,0.538621585175861
-255.908136995073,105.257496198974,-42.1378627893573,-210.684608872736,20.9842623136792,4.33393195929239,86.5575860765821,-42.4067080191744
29.9790814314729,93.9000793794403,-70.4222157214281,-107.950926345045,-3.42592199184583,7.06720893901365,146.804049095896,-60.2145938946906
-3.54942910425598,186.752692487854,-77.7101497120748,-195.745141217078,-2.19176365988096,5.47963271371555,320.958059437973,-13.5084765610954
-79.7443459118003,46.141045609198,-60.0856818338507,-58.6409447047627,2.07762939152599,3.43088813414215,127.182365050699,-38.5162978167937
-87.6379083148058,41.6394280821551,-28.0393184910936,-55.4196283016208,-3.66497300162155,5.55604201554524,420.521531293807,-18.4206096297276
9.08158436825033,48.1851353073725,-6.5368459246456,-94.6744798629113,5.03016462226515,0.924240665983234,308.619264454984,-13.7684396251025
67.863642413402,68.4774332174893,-34.9694795483592,-104.663826911143,13.1051222314272,1.34234394172381,699.471822091263,-110.476915866811
-126.138758595778,97.3143708083589,-14.6806853236194,-75.8948461361942,18.839304686815,4.58686114569718,789.949349356717,-30.1545132540632
-89.1528464809599,63.6748277568695,-29.6474005094024,-72.5905344632629,3.33684980940598,4.07909212895538,40.8843690286667,20.5006016550506
-166.495376353454,63.6286601372703,-31.4333402179182,-104.092145729606,0.392415460199118,1.54633706682944,915.745960685211,59.0149475476646
-51.8923553609056,84.0908649320772,-41.7117532173725,-193.052974904578,-1.96073634514869,2.14446580383083,209.253457487765,22.515560523796
-99.1834139462153,93.3586617953406,-56.1866634172766,-98.9627080088248,14.7198554855422,3.00673759632082,717.424021971237,-139.500079177691
-31.1142463192664,47.3442324037605,-73.8328837227309,-94.3746329936839,-5.36912568702246,1.87283434887649,-42.3011783301481,-51.0569391189565
13.4831912594382,124.481291155142,-67.7123325272623,-49.8250481673858,8.05247499781399,4.07876858502277,80.9974597882392,-73.0946079465284
-203.294619888737,182.165870004734,-37.3956637970696,-203.946557536081,23.3247145894638,3.93680670895992,244.948601167285,-104.223838187248
-102.901465545103,118.276196319202,-34.3516866876598,-109.704797651924,-1.18682135978452,3.67728052232997,633.232793253992,-29.6419402686806
-13.090737781371,96.1867640915734,-56.9365325588842,-113.880088513943,-5.39144352590665,3.73724113950448,38.7736414726387,-57.7894469857456
-60.7850814151316,115.018896601439,-33.4879815775203,-376.352957216062,9.23839664683328,2.87419487777515,601.746843909146,-19.9395438353822
36.3415594404578,35.5803033503471,-31.0725755760504,-86.9761390913009,6.38587979634758,2.25860154848488,845.857457368053,-42.9165480743977
95.3110747858591,98.9957736224023,-79.2053843719841,-116.959905035197,-7.52216467398102,2.46262372473575,308.151109901024,-86.6419681012048
77.4157387001906,65.8908385467948,-59.1178584375157,-82.1550576143018,0.553259882231941,4.64706804410889,268.46840519784,-54.8923137051461
-17.5042488296604,71.0142887530401,-37.5983460096977,-157.275788727726,7.82561751871253,3.47711620543305,393.358356399345,-102.912148066825
-25.3081534116063,95.0866537220136,-75.5479102385543,-195.525841099883,7.26732551632449,3.85946624603821,-85.3525067837036,-25.5792130913978
-54.0322934336727,120.858197329562,-41.7923072375706,-181.733393159375,6.44637502092519,1.71550031345396,1122.94915926638,-29.8887033986248
-52.301728320861,68.3975156275555,-65.7745647670672,-80.0511465721129,22.6244633898314,-0.13190423785818,722.699834465573,-139.32964491751
-113.341227661585,80.5620913658859,-83.5393300705255,-98.6264119421248,5.15327668873942,5.41473829327515,454.838613327942,-47.7299351242109
-221.389682664962,124.05478611141,-41.2081616454743,-113.556470944655,18.6259045092424,3.04187067737803,878.502696265811,-96.4580120804021
-75.8806292558002,120.689060047458,-25.9416852609284,-213.010406264657,5.2764630230231,3.82342177572718,150.414623560588,46.7881548352161
-9.70564742802526,191.06691932751,-49.3564250345116,-200.042647706447,9.46054361999268,4.1942491594973,555.520502060332,44.2969977976318
-122.396885435403,117.311273973115,-75.096094301116,-43.0932191429602,14.509278645266,0.351523175588227,701.311540869377,-69.1170577999583
-246.304067805137,92.236352210417,-10.5989440067497,-98.492610856978,3.50891686879913,4.80410946698976,1133.08871450546,-101.409571236906
-163.722926170856,142.466545308074,-21.3575274192863,-159.105958122746,3.07084548170315,5.16469606644387,787.366759244615,-14.8810516185331
-77.5149786148977,127.289270178459,-58.0594526624336,-163.128960526636,-5.56625835907835,8.08191592841467,557.154228242245,-59.2685503530811
-127.971584734896,119.428754776614,-38.0653501427441,-112.304302693592,2.52472135389689,4.96656757582969,356.784122726436,14.1616024106552
-127.165075501762,24.477115949674,-3.77704085253936,-61.8320856764331,-1.8840972163016,7.70617748305085,888.73351830992,54.0480809710934
-50.9250680475088,58.7816108245825,-37.4024919751828,-139.420511573466,-0.409732757427264,3.99760429503726,-118.852823620364,40.9599679056846
-270.083006748289,165.953965903231,-14.1232708220123,-231.307309517331,-2.69524565822212,9.01423686789349,1310.96786711161,62.753660152579
-150.914410494777,149.812297434928,-46.0187785077578,-217.921256307629,-3.61890282803506,5.38777874525113,735.45828284639,54.2802836272167
-52.1934208387829,20.3362756485039,-42.7651200104685,-97.1366281688497,-0.821661526933894,9.00154624189599,537.401803257417,-34.8288183411933
-125.392863515037,35.1670182022499,-35.4917536939174,-41.335009110524,-3.74061713236733,8.05514438386308,1096.75112033123,-29.2879815901479
151.036992400819,82.4678576038485,-13.0763649231176,-175.476809686632,9.79534265605253,5.02057518751826,311.694860789721,-38.7775369325536
9.40485274865387,112.74456981587,-45.5695422364952,-122.820728869039,13.7273807294405,4.27215296510258,-36.4308261969127,-75.6250290824592
-118.90185663772,73.8774272623268,-27.3721712493862,-0.438306676362117,9.99979731402345,6.45863573667884,352.890511381236,-53.8714203431737
37.3155263986264,53.3668679524853,-58.3272976015614,-120.71360681003,-3.60023020076551,4.66957982980239,437.356486852193,-20.0639564754092
-220.620459975606,-30.4509069960914,-37.1432585068687,-105.460994210614,9.52197073121351,2.05081255654659,1040.80387774674,-58.8737617168808
-241.308438289332,94.8954301625927,-21.6108759116905,-128.5321751425,8.13727735832799,4.58657417452196,-73.6743303448602,42.068570413765
21.6284835146289,109.199446847404,-32.8037929298443,-145.671692068681,23.2404327077675,2.27567421490676,704.372754838952,-97.7270217166806
-127.393732231361,115.608739720949,-52.8780464034353,-106.848314991636,5.27718641032516,1.07088559241674,150.352736674646,-96.9883477130206
-77.6202348244478,157.447900743951,-54.4174528428193,-304.85021113863,12.618676057124,1.81792377823149,928.786139800111,-100.037085692409
-47.4227939020966,128.232164226967,-38.5006885779003,-151.356722493307,8.43477315809287,3.18154253280227,-398.250873733807,-30.5478758999961
-88.2730716302613,122.941949970496,-77.7634718345726,-159.1597037623,-12.4274502019252,6.80217108847864,-60.6583540284628,-47.1422173825922
-145.403818249666,17.8542510484695,-21.8859016696661,-72.9240151001836,11.7092231751594,4.03011656194576,861.155139525625,2.83488665412006
-12.464305384754,121.32647370158,-32.8088142381675,-39.5532696184673,-3.34686242541511,5.58200834103991,85.1543421491299,95.2626286062514
-44.219477699633,6.95219927421931,-49.7404977725382,-79.9414547397882,4.87022174731828,4.14498434923007,789.082946033766,-59.3279039998088
-7.01924442863674,133.291875869822,-32.9052681800931,-86.5395297818177,-0.422897695563734,4.01303606906004,825.110807286648,3.01128954852175
-297.17139937375,72.3996138436632,-22.1128350255422,-103.790222844553,6.74912616542133,2.96326594316633,147.567030082268,-56.7610272921593
-68.7021863382615,80.7836304368575,-28.1349018437504,-89.1370469047688,10.3508722431652,6.5406706787071,872.135288690013,-127.849003838957
-38.427376904292,107.93289370399,-55.9223343290214,-140.599796387949,2.45557669284972,7.25272603029589,500.289200643299,-60.5393816615833
15.1696496432087,58.3806316487535,-34.7248808631994,-73.4167047770425,1.64362437835371,2.18902874249488,91.3642881135747,-49.8095657814556
116.732344629039,52.5709296563873,-42.1936306540374,-39.0868571643223,-0.459970883122878,4.17770203962573,525.786592417309,-76.3625762765496
-409.185941987511,194.298395098391,-14.4022005137376,-119.246454611213,6.7133810845844,4.16207455506083,511.389896317256,-51.1982372961647
-258.590686767071,139.626231374463,-7.76252622263564,-165.95206358259,14.9993061886616,4.05323058890644,234.313386805006,49.6295990259387
-290.746594656928,43.4875197612564,-32.4421126758025,-126.924805622381,8.59772905702994,7.54923285800032,1784.65924027699,-150.445315913857
-188.808699435423,171.454344283615,-53.8817846543297,-195.918483907808,-6.35756839193346,4.79106108185078,474.236134847044,10.5093157570736
-150.420509374911,101.987059425912,-18.8254658755905,-208.401025103434,6.64517975901254,5.3470113829535,1145.07749454578,-164.376440664957
-237.687464203627,36.4879670545197,-42.6770292025831,-80.3857410565834,7.62519234826323,5.84933910766722,199.490089275176,13.4073286167986
221.167181062527,164.677073508414,-58.9958859192411,-265.762445534929,9.95097270254701,4.70561974497105,631.195718675837,-155.810974726046
-488.012135593606,148.687943695521,-49.1219608150132,-83.2686019518151,-2.23734670259,4.95605054295447,583.148573923114,-22.2187183437054
106.916110157079,88.3822765505756,-65.4657302948472,-151.198986140778,6.44324777685688,-0.605065540847136,-328.980451413547,-119.329749419616
2.73511164469528,130.669906032122,-31.7137708399387,-131.370589264377,-10.3617398513306,6.60144013590616,19.2222399489619,-17.2342891003937
46.2233581707405,63.6749771091381,-36.9082159675745,-68.4913485727911,5.87751123354974,1.60248757891895,232.474202406265,-46.7491953271674
-62.6064707527985,34.3992603880197,-30.4886687467588,-29.0333265673471,-7.20881380257197,6.38879623207322,592.978887403995,22.3929782003106
-172.904827689817,85.2846145859221,-28.6973424835014,-81.7154854589462,4.46329569807858,5.62506605679664,410.491068960633,-22.3950055968307
127.74906110335,-13.736045855534,-67.8247180776525,-108.822328045833,-9.93235283397371,5.34903694392051,351.099175481751,-69.424728957375
-129.37614309958,117.679127099807,-19.6016362868249,-130.132338262803,7.79915743185484,-0.52322545644347,-806.016186592024,-13.739143626357
-125.894497576205,81.3317228771557,-70.7571543912381,-117.189493333804,1.62266187567002,8.82066645205668,1222.99127014383,-33.0379419184574
-256.597208249103,102.34617206332,-34.8129464269891,-27.951923909568,24.8569923337855,-0.844753715253319,672.097471548594,-57.2851377210718
-71.6393733798691,121.038319806023,-60.3744245263806,-70.7765845079157,4.5332261454605,9.25396490804269,135.765477059191,-45.8529812862253
46.8827805780347,128.891887012876,-88.8756958572339,-136.829704613505,-2.03670800037798,4.11971281764272,455.774795584894,-33.3863497906132
-79.7306587426865,48.3259249672119,-38.1956134610518,-125.157341010396,0.208050648718199,7.09079918755742,574.647510017097,-52.6182351339885
-213.623769201911,78.4821645076831,-42.8454694921093,-180.683713304374,10.0682450803579,3.76325976404769,274.485881748085,-156.973737493874
-108.482459195046,134.981949251378,-35.7020859934564,-189.291697296023,0.679389734694269,3.82744541269494,352.136892306851,-22.9403180821464
-2.36664929622202,63.3540074658231,-48.8247979171574,-53.2165227010264,-1.89109100305041,2.53594691489707,341.579947479768,-38.1392703307229
-332.013392589608,48.2207406015805,-7.32741859117596,-91.5626659122136,6.44847330532866,3.1557118215278,677.017076059041,24.8584679682881
-114.816336352509,112.626252383987,0.944341263770184,-186.286156030503,-0.874267971317749,5.69596238288796,95.0205344573114,21.2797741894392
-15.7703036871244,60.2661957286036,-37.093867066309,-136.778815416605,2.69507879087178,2.65768844872946,351.472798722709,-0.412289467414666
-236.428880626205,74.2659313332188,-26.3264582049742,-119.482953020808,2.03176421090029,5.06193295953562,718.650958692011,110.523090865987
-130.887128878476,79.9971444169205,-45.2969275515206,-92.0425153231593,-0.214856312599295,-0.470730342829484,743.252206286358,46.7274128956196
293.384974477638,47.9280859105202,-39.2478848523315,11.4157014798111,8.71480367062031,4.84223829036637,-180.820783900504,68.8542216136048
-114.337168440689,55.1077855518379,-25.2591415227434,-136.356934416004,2.42800755990902,4.95061592814454,781.26218622642,-88.2474609978035
-203.343895228129,34.8950997664069,-30.3144256681844,-1.17945309435697,23.0144324961293,4.80167645178153,-591.172189011704,-77.75412255025
-236.768527730805,-0.379653359224903,-31.6336631520971,-104.432217108144,18.5297419230192,3.51755228475668,959.69087565926,-61.9563993931661
144.33218187298,64.4275273167295,-21.8068443386874,-94.4366468034077,20.0615235716396,1.38017533538368,-98.607726766495,-16.5300211486319
-328.596137346769,106.594257183024,-26.4540319506632,-92.0540880055923,15.7423925957883,2.88303507129604,-455.806213992364,-59.6547014446696
18.5845011321362,27.0805675254742,-32.2505681363255,-171.350077872252,13.6508207855222,-0.111041844254942,84.7388300107632,-84.0662527251116
-104.693270489632,102.340890479172,-53.9868491325105,-78.53488462104,9.60610921122043,4.85496088016225,47.7943384598184,-99.0198014881607
-194.815193552844,131.919921944937,-39.6689988145663,-142.771284353279,0.471306948267738,2.77864045575916,38.2832364853239,21.5571128119482
-20.8126043067168,127.922766115567,-48.1893262377416,-155.631323417409,8.53277689121387,4.60446131167919,1387.57977154861,-57.5986910627689
-109.187821927193,94.0628153981088,-39.6968648987386,-75.3385443269963,5.25184856090345,5.30999836318369,364.195511771213,-6.12748452676169
13.4554729816409,124.720350064779,-48.2265816451691,-70.7207894794992,10.1746965979037,0.756344417604851,-24.5913158890835,-30.3424791344878
-291.67830145167,82.7482188847061,-27.248717487455,-77.257473553007,5.90601342348964,6.44050138236526,1254.77346932556,0.58084510792105
-332.210069073975,62.3817391186021,-29.7080874773528,-105.023272403268,1.80538371166767,1.98530486058735,933.863220491912,70.6756756152172
-152.469701027705,39.9034343192689,-55.5489312385325,-194.2745035956,12.558923014527,5.99027160533296,1251.60752930609,-162.745086838651
45.7498503669922,107.3529932325,-73.8112502821095,-63.6146187372215,-2.87285569282631,5.69216452878027,-140.402989676251,-21.5909068946034
-117.487760229415,50.0530019599828,-44.5180595810525,-8.23350219114218,7.12084896475426,-1.11332333579412,493.19258009539,4.64263796502928
61.665106471788,76.4523413106072,-52.2812164904899,-147.234692281701,-1.71423523986232,4.35105028994622,883.459815230901,-135.887260521471
104.688906160271,94.8381993492694,-61.7103070848243,-111.618087878072,-3.71133747157728,4.8846891613357,-9.78875921035069,-76.9851216796033
-90.240313784685,84.0728649826654,-22.1929210378294,-115.581880833022,3.21014016638219,4.78912162857887,326.498328625632,38.8593864549475
-225.04783688506,94.0530405710597,-13.4871450299252,-110.270232752751,-1.57168789270145,3.86012031578866,783.761419973489,97.5471724315576
-38.3133743564686,153.772943464555,-50.368346836709,-170.196285097831,-5.62576032507059,6.46246965193859,224.067498341989,-44.1396134873648
35.7234168416035,117.059577059059,-86.0300742658728,-119.995317540244,-3.30185264595275,5.5746215953568,-80.0656760672282,-89.7724241141987
-88.1848754354287,80.0775483337347,-28.958824914982,-93.75939589064,1.59758561772469,3.95938825904159,464.308240189595,48.1507130048558
-103.482838482058,151.231069849484,-58.3686011922837,-99.4116847502883,-7.0810367174272,4.98077752563404,803.305929972925,13.4963224059684
-148.084748949972,103.516849810549,-49.6102567833368,-90.2463923625801,13.8050946237199,6.42124264103768,1007.26822984191,-51.5164183427987
-64.1224858038186,121.811650674994,-63.027945199985,-93.0374021119496,4.03320028523012,5.02534931640548,1099.6182299697,-52.669997079749
-20.946740078587,89.2796026969554,-21.12810605308,-90.8354601931132,5.79075791229843,0.833218548053992,338.799199002155,-91.1356678775992
-196.413509242557,53.6615780097927,-26.9261750619917,12.4732527814631,-5.35199029320211,4.30339893838391,606.214471529558,38.8410666249274
-79.1449862651352,18.2341254415223,-14.5037623470052,-113.49769736913,5.09150650717493,6.33833778138069,694.336073238403,38.8830206705534
74.6999441137305,-20.3494426493708,-32.0850005889224,-131.925167871726,13.7592567577667,3.27032998611685,1017.65116708247,-101.832135190292
-94.0578736465104,77.5588877176051,-57.2831419853901,-88.2786913842574,-2.29464739275863,7.45371377320379,77.3734029504994,49.090918165246
126.28219020422,134.611021217206,-94.837518056047,-62.5510233993409,18.273507084843,1.53355394124083,235.749094444927,-118.309463980942
50.8737237092864,100.106139758351,-51.7930727181956,-102.773356302172,-1.01250898302897,3.04576862286194,641.021864484583,18.0916822484041
10.1760046584241,95.4577000573627,-59.2210458126065,-162.316581293664,-27.2939720105787,3.65507285636704,522.691021685576,91.1813621971232
-209.98756770432,111.994337734359,-13.1686514152607,-51.5117462042253,5.92271971052105,3.46658938153996,375.91667912688,24.7060031430665
41.9541010244429,67.3743915931445,-76.5961157387064,-62.6746972904657,11.5289569338202,0.619071242632344,-285.94281712213,-57.8310620579578
-201.8504854598,82.3628496161982,-8.75734850062872,-93.6195758701506,3.84039738636784,3.50984594240435,587.914944802878,30.7141788190493
24.9095996573742,122.246946128296,-50.9420650268312,-194.630408715981,-1.46827705623582,4.79044965966386,-229.298755442476,-25.3831492815225
-257.168127662822,88.3850095881708,-22.5706717987196,-71.3509147840596,15.6856091880036,5.60733366515706,809.410338469985,-68.2311338947038
-127.854994064342,6.46402831882006,-33.0364107857713,-66.6910006525613,6.03235748354928,3.2587463579257,500.506306054202,-59.4701495272602
-66.3552381327463,54.1871769206082,-32.9649750298704,-18.5685210459196,-8.01209306021337,5.80344076547408,-366.544322655529,118.777981693129
-58.5732479198559,88.5147287369764,-65.8476193062488,-179.978787389766,-2.89692732259573,4.72485568556294,1151.41991588328,-39.5674214764731
-63.2163318296625,94.0389478724319,-26.4374595408008,-115.309326454968,18.6010854332417,0.706217780389125,605.443884695065,-101.634784484922
-157.218074884877,108.92495978879,-24.5872986267641,-106.102203279152,9.90119069410139,4.87541097350913,1177.76664562244,-47.3343498045142
-134.427257895373,143.206967952996,-46.2653651348373,-112.294996090444,-0.827088716061553,3.04036917895428,158.267578355616,-6.66376249423774
-26.3913701994607,97.6010472907801,-69.8214693981281,-87.1760149448965,4.49610676132033,5.79284051974537,-19.5376486503519,-1.93227979774747
-153.396268029883,65.6577030108383,-13.8962318718841,-46.6995104423986,14.8056226633926,3.24954553756106,113.307522078279,-58.7433528890542
-115.626345264391,86.424545409418,-20.3924515460967,-210.175159524661,4.43438175346819,7.8771638070757,1346.14405866296,-37.8516639636946
-331.678023515924,132.767879408842,-0.868734973955725,-190.351273071563,5.85407853280776,4.39047593150462,805.952789936011,48.7180810486607
-310.793108950544,93.1745569402556,-20.2001510693517,-110.973238756416,-3.66180540645291,5.40472167509142,-467.195036870515,91.2246862054162
1.47242002774146,123.903545831505,-72.5127956190554,-198.504545680317,-8.02482453726407,3.72473810843803,167.196216560551,-40.4533293023051
-73.2513329530775,95.1066582051426,-54.4960144813012,-135.052961056004,1.71611291963927,11.3487140312791,585.242229335636,-60.4094628040984
-144.420469542609,35.4768000876647,-54.0751204318294,-142.834871173269,9.06662282447314,4.9656945187744,170.491921340741,-11.4170614902978
-261.444691226337,133.3739152649,-55.6234826623986,-150.05815139116,6.26783013451495,0.564564525360765,-265.717719877663,-47.1567503077567
200.520376404886,71.2634873000395,-100.444817070966,-147.096853990406,11.3033302847434,1.44124821256264,377.687679268915,-110.761794672559
-240.009723650117,157.072488618171,0.729040564328898,-61.5265880523366,9.65818895685516,2.12091439399956,604.372793207527,105.135755597032
-368.961883209879,106.883123240834,-61.2328136665019,-122.514910184109,-2.98141167769791,1.46190655702958,-227.889372429971,99.4899282535262
-106.256482816738,194.347248148682,-61.9599120233906,-107.299452326202,9.66700204319,1.80463071395934,1245.86628242041,-19.9108148288469
71.3350883330859,116.138395490139,-53.9309128966488,-206.514493392898,-6.89072551566233,2.43717841243051,264.939796803523,-28.811936234124
-77.6429545247811,227.008157427241,-67.8679780844977,-131.919679641622,-1.17261466210766,5.97057086342829,1100.20290405236,-54.6931897146856
-170.218810881488,76.7729239045439,-25.5357306381775,-19.2657795926643,4.8697456101072,7.29231096481089,591.173720286824,-49.9407404585509
19.7322636524259,33.0396185945719,-40.6454273327254,-97.9218163904734,2.5848038339318,4.21271554756095,244.960832003972,-110.308535610791
-149.490383367607,73.6316208110961,-15.7935988682148,-103.79595759073,11.1988365287834,4.14354376826668,697.627824632771,-79.4060084284429
9.61781087895724,62.286729925574,-31.2758766480401,-128.353797953896,19.6851144348038,2.81562612216658,-164.444237323369,-88.3760260978597
-171.670550205628,279.571030621846,-76.3997332497383,-237.068167583389,-7.89463202477782,4.01455272790918,-337.892267627591,32.6081510783479
28.6199406241067,124.605560786025,-76.1799261111664,-64.7246186217817,2.3184079627099,3.89996461106057,257.639777693708,-157.937733767263
-96.7734996351937,162.612656528072,-52.2730861027012,-60.3392108217231,0.535433422722235,4.50418277035351,85.2617752148362,-2.48086356067506
-119.007591316804,117.310406331433,-46.8669099334802,-163.863565662439,-5.3593124788531,2.47996060623336,773.198363676376,-3.93957126878922
75.1091303344583,76.1687489652868,-92.0940064239549,-98.3795407252182,-5.72887367627118,5.44422016536555,122.680658115962,-34.6353078453685
-75.8334225111394,116.629253719002,-56.4192016233865,-196.868068452459,11.2131594365419,5.36956205440219,562.874688956537,-84.6769237129192
6.86736358160852,135.443008367001,-52.7383099643484,-39.5231846933602,0.100007530137191,3.28252553231869,9.93479946524894,-43.3129656784295
-212.286166045757,55.9864096926576,-16.5662123678776,-106.005673977212,-3.8468084695196,5.55782297463156,38.4614548385143,33.445845763963
-207.724356225102,103.650046822051,-0.574689157801913,-102.633872776423,3.96365725414944,5.11693640577505,929.139942882743,6.3743101843429
-163.537667164725,31.6085970136719,-33.2406968153809,-38.6442199469748,13.0180402511323,3.7836415118436,234.45506484987,-4.95364291899023
19.5723428404817,68.7028602447826,-60.8898270850841,-45.5113783751585,3.24853659115615,6.17558878845739,-140.532250448967,-21.3821061357116
-353.450145753479,88.2973201830755,-10.5065433819254,-97.4516732684842,14.9876102631679,4.01445791320657,669.985292865735,-72.9082011643331
-342.484835524607,99.2172102142067,-34.3257339960983,-174.573508757225,17.2770828791035,-0.0466361891594715,-556.613305218976,-5.4172795665072
-294.027197118208,112.753361283045,-25.2766371202815,-139.550112772387,9.03790134965675,0.891525086852198,157.421620473353,41.4316763032984
4.41863539960468,172.546257011287,-45.0549569449977,-108.532668805885,6.37132705032127,7.8785046619596,-211.546662098101,-24.3025567900913
185.287393922285,110.473193193495,-49.6619148445534,-114.677473237789,8.03672491031466,4.33295311240909,94.8429746677502,-45.6483890107593
-532.134378464631,66.1365630648361,46.1709658389555,-103.739598650391,16.2701508546743,5.70902118633967,592.11109740258,90.0101164425287
-240.247425772017,86.2833700153715,-4.66222084281617,-153.598229023526,5.92403278700658,1.94541325668979,739.639956647294,28.4202687623765
-3.46454780260683,94.002127606218,-23.8465814961528,-103.935023552462,-4.51460992218199,2.02869955044298,215.856079594781,0.31433634725181
-125.988397543406,98.1947385805033,-24.2726226595951,-83.3627482791489,11.1628148472373,3.25211648340337,462.940594041975,-123.266095625579
80.0572384867191,147.561096058489,-51.7233572262303,-215.931603514298,2.46529870538507,3.36665494251974,231.293534839933,-101.428324533466
-75.5406527640007,165.434961883439,-39.2834188620618,-138.769984010312,3.43801744937082,5.49025511056061,828.656803983933,-14.5384832214022
-89.8361675299238,87.4389062724658,-45.5320985780345,-107.749553739608,16.6470407110173,1.98052416066639,1037.67046057002,-115.76489677254
-190.695488388083,58.1956943211408,-55.0319118064072,-155.257832871052,0.224326464573096,4.05533019921131,449.33983324052,-33.8228419227235
44.1059401058519,79.6336993592558,-70.5915948641195,-175.82312146324,-4.50619714762433,4.7399652566819,140.023470128988,-83.4583250470168
-154.680760322779,28.6566836795246,-20.3626088865458,-115.339294478097,15.5098522129774,0.969232354749693,-17.2960747931211,-43.4908503367346
-191.327778637627,118.581929545591,-32.175503288564,-122.215802865532,17.5757866774511,3.50803812000231,-112.819601013991,-32.954261063569
-271.247835430448,84.9436253433596,-26.213503830164,-148.978689498501,0.0591348484595073,3.61952756083338,942.298513557704,-59.3228672773694
-364.90568808384,60.0176838821499,-26.5847392794676,-37.2967822443607,2.39567244867794,4.77648153727932,598.677556840892,32.4907259175197
-181.186452292299,71.7385268890939,5.67199969352805,5.12202220378094,12.1490679256193,2.73686764083686,1399.76614572504,-41.4748929242778
70.1294803466299,16.4785302050223,-68.4200462203225,-166.682443840749,-2.84648416777782,4.34225176592008,734.559959312617,-51.8276799227169
-345.390435976442,77.9607080904752,-30.9083885688742,-102.354087997839,13.3605683249662,4.99702584154147,933.348989071772,-80.943705087906
10.5120551810141,119.377013180672,-58.4128650521707,-149.991316431386,8.85824084543856,2.893082411676,402.026952776221,-86.9914943331241
-134.907695185739,157.601240492058,-10.2185414796841,-166.536655348507,13.4121105115046,0.589237973261334,293.241330397068,8.74500566039205
-17.4527065979782,21.7036842802736,-16.7719806736859,-44.2704499651736,11.1952101063653,3.87104653607821,-60.1363858223413,55.8751237940596
-281.110458013936,66.793556511293,-30.8492785436629,-52.4868843512268,0.515448037331225,5.00790761332428,644.849443455489,-98.3559642274049
18.6759759593406,89.619768199118,-63.2604931464812,-87.2377450521744,-12.9123556868763,6.73574100370752,-65.1039988184057,-29.2831536251688
19.3433778619146,98.5286364180138,-44.6293080059841,-92.1991061298759,6.31939428646001,6.58294259299873,634.50665533471,-62.0754220214949
-235.484451378798,107.664354860171,-33.6135656537954,-94.8830675947283,12.2846927011269,3.85217792195908,728.853519806522,-101.774625131104
-127.74259862589,105.100132269203,-9.65631253970787,-174.322130280212,18.4909042485233,-5.04827379784547,278.259168126766,79.0101248388091
-26.0644968504494,77.6767800381531,-49.9121793295344,-149.439833278026,15.0027169538371,1.1375116082927,720.00459562769,-128.74299583766
101.841218320551,66.7823967835384,-43.1414437759922,-51.5321141479071,10.5693235390499,2.9728876117224,-394.342118850036,-92.119493275859
-140.723059162796,91.7004364435561,-38.530529464042,-200.378238080913,-5.81326385862485,4.47227114863927,392.807551890146,22.6729523171671
-170.11882372509,108.38765195314,-27.7106015318859,-182.942010690167,5.6921856518311,4.05659462805488,653.615843663069,-43.9757756080999
-91.2331561983192,168.860123424383,-66.3911161266151,-122.536744969402,-2.81885269080522,5.80657869035349,557.175223177564,-34.4195642394689
-84.2224128534144,53.6038106149026,-25.3983069106616,-104.824739952586,3.77155541512184,2.3266892577667,174.867549576591,-25.5195449129269
-117.502094238778,95.8108080600941,-26.6578090652838,-93.2223059264434,-3.60142789111705,5.96269846931682,1111.45604504885,0.573548426822526
85.1680505390832,103.56053800782,-35.7133867180528,-153.932542542316,-11.4035339127877,2.27501977201609,317.397964038202,64.249915272143
-65.7996790913603,74.221870101901,-42.9320433374523,-57.1065833058819,5.83449981652666,4.71911716434806,406.426530128638,20.0492694194945
-71.0273090980772,168.413733815833,-45.0873541712936,-236.732132212885,2.79207438634694,1.51893604331417,865.822840607783,-32.430163441808
-17.1803380320853,32.6984676550055,-48.9889909455378,-37.5906628967205,-0.583316372227273,6.44557850123965,541.348917340843,-28.648832657942
-87.705533884844,102.940827841507,-39.5430564622411,-109.832699368133,9.22100162167044,2.66517032028241,537.179721843553,-77.7103577818634
110.025533614491,-4.60877628700109,-94.1271398950776,22.4094365080236,-0.457382015792973,5.28320206497483,459.566062780272,-124.655041134945
16.5789192488301,83.8786122226375,-65.5165112381292,-64.9416366300302,1.40749095709907,3.6735697396216,-236.631594170089,-26.1145465177069
-174.441712609972,49.1573983943308,-34.2815055500323,-122.982797792851,13.0772313030029,2.35885012345534,-4.63450109478435,32.3627168443054
-100.799976702092,116.121916718497,-86.523641026075,-202.173046003765,0.823204138878282,5.61084958501306,-24.4977412113885,2.27215397363761
-103.673855923385,99.0695824036247,-29.8762337881926,-118.850835624973,4.82315122113687,2.37752913510485,497.31929886993,-84.0030179987589
-209.200484535722,43.4283919990703,-35.0612340901462,-77.1267174621103,18.0596426916272,4.93706884183121,643.130214449338,-147.628569866985
-157.52405017092,126.35565780176,-15.2000956601187,-84.6251228255278,11.1538839306013,4.88593754982867,1024.61661547162,-38.9434058823372
-138.41269967558,100.526104360528,-32.6673967913666,-105.293915473856,2.30350700519557,7.23299625302025,430.58887403828,19.0955033564969
-73.2495349038654,22.1515287506336,-46.0048146613335,-100.936540125462,-3.31959652263322,5.49532057454235,932.625914554155,12.0508387489826
134.058943780576,98.5058660897121,-52.3846789984527,-204.657676953022,-0.0160792945753201,0.368786452221684,380.332126323468,-59.4582164106687
15.1519398943492,102.504357824029,-54.5882209106712,-77.9451469033957,-3.5969072889493,2.27046413094649,460.265140469826,-24.4801311630804
-41.1236902171368,59.2275886406496,-31.3298571248924,-54.6193756389621,-3.49456510094024,5.5823727875395,-195.753842584701,33.2411435311951
38.9349988075264,111.536268277341,-56.3101587543206,-136.308345768834,0.117401730560232,1.21917779937212,305.8392256152,33.4191943710175
-7.75310389875267,136.126796383833,-37.6618182427774,-188.499829943627,-3.63154698700964,6.23985881730914,-122.986803126612,62.4446052966232
-109.462405905128,116.812240967793,-89.9021525209009,-162.626449146017,7.08275982901068,4.55402219252301,695.777691556577,-116.823217389916
31.0218117626646,4.92141989708034,-23.9381744270504,-56.6030134305329,7.04649891107692,1.41340126689465,218.048943536094,-23.5597690708528
74.6042813793174,192.058749201929,-45.5445959830831,-215.638326007727,-7.81774324720027,5.05929398932494,837.180899499392,12.0682676411234
-73.9354279317922,73.0688365769456,-60.6832255473128,-74.6367384783152,7.96601791271132,1.36721214465797,664.533648462268,-19.5677555238071
-127.81038805798,93.0276128687838,-38.2169353426179,-71.8219963012962,0.336915896485152,6.00238067773171,868.361160433182,7.16543722778442
-64.8369318756158,9.30123733340588,-48.9616274632099,-26.6356545516173,2.67921337134612,0.967776002275059,193.100475643558,40.9198065005767
-48.5074759553681,162.158948043158,-42.4506126032793,-153.185636624374,0.966611093943357,4.64196618154529,1105.43016722077,-55.731613805212
-37.1945479643755,91.4684181744597,-52.3752398785728,-129.584378410727,-5.69013968249783,4.07294397069927,365.088276776994,27.1500240052119
-120.020200377632,82.4090619548078,-17.9448183737295,-191.140867243259,7.19851972465403,2.7899528631533,676.921135094077,46.1397776716913
-72.749494949886,78.8082544929202,-38.2587194878433,-76.6814210258162,5.46113371303363,5.17875427965555,1091.05780807801,-76.0628356461239
-31.0209611764076,25.5794722043522,-61.4208317379016,-99.2180569779011,5.89428041357314,3.92179538447817,860.161405460673,-24.6451368181733
-40.2781241787889,19.2695808082135,-28.0364583974297,-73.9489943254157,1.23497899336417,6.17100434386521,764.17751207824,-102.044342284506
61.9403376643122,19.066211078054,-64.6890459628921,-137.177708721896,-2.25690126598056,3.6174043854553,151.749845781073,-52.557324166075
-87.4202187211486,106.71110089033,-62.5197219632282,-70.4903312393362,6.07550497003831,3.81222571125545,396.668538900252,-83.9743895623105
-62.1282977467927,140.246985208913,-87.3623091735062,-171.926636901293,-12.2970842444829,7.36784645236912,804.816164249934,-9.73109762242166
-181.943965844664,73.4668179463188,-43.7711967420037,-105.789122673141,17.2709268626058,-0.518207580127637,347.702122429564,-48.4344823933643
-33.6763317195073,67.829272114468,-46.4633247272554,-177.04851043511,-2.1838607173413,4.18454391311388,730.370174217533,-6.36117892456241
-217.576675366121,110.436136401666,-46.802979346292,-97.4317177927733,13.778010486938,-0.479016069730278,1202.72234867178,-43.5562735172571
-213.591447079423,101.046922874149,-28.5496036057593,-139.481897265607,0.4982798543424,-1.28175707236096,304.537523131483,130.409911372204
-102.235425574268,89.7345739963639,-49.494598905454,-154.630291321273,12.2197481538751,4.5578777849405,833.289731400957,-51.039761154796
-9.1235054513927,107.373985679049,-46.1578586414544,-188.26297364018,-3.47191297516838,4.43994528369512,242.278077729814,15.9776085703779
-134.54022740503,104.229108711879,-22.6395890055101,-110.205045009366,-7.46102427504957,9.27614184466802,825.606427461872,-2.24939892867405
3.69191830261116,52.6915006125055,-39.7597334093298,-94.1537391806196,3.13357011388871,7.46450838004603,422.049393312656,-84.7635452414324
109.601986877416,99.5899545581051,-88.1295790433942,-189.299391170811,-11.8790411455557,6.30003071016108,-298.669959075269,-56.0112857093627
-66.3511576813726,88.6592333498411,4.9493157502402,-139.71900662253,15.4675220841309,4.04918108422589,1058.06982013644,-62.820145115882
-302.406613224259,115.835997968796,-38.3760766000196,-125.710042901683,15.9034513042134,2.28395676461514,-13.1911303936213,-56.4288875775528
-6.28087345293898,105.352110410611,-26.8545869996769,-114.490238651051,9.04213040741161,3.23266992054414,529.258370660609,-121.668420680027
-380.597128950627,164.007519970124,-47.5923701736174,-160.211518389973,-6.61616705324559,5.28851549328829,449.170215376158,13.739282284092
-108.417246777084,173.582314999541,-37.4250099036435,-92.3729518837354,-2.78402759431629,2.90973528992981,165.690860056409,31.9067590883642
-12.3085872000884,173.29647829631,-61.0005200014857,-224.950053642442,0.626499633341155,1.08928180599469,206.900846794088,11.4524067985112
73.3643267988955,97.9661531395977,-52.131267594239,-110.061575741143,-4.4407659653516,6.32473903665232,377.56252736193,-46.0881378640115
84.6658895214932,102.075979530189,-44.8548139660088,-129.475431966115,-2.43404498803648,4.33461605021148,-4.23389384763868,-26.5194014512526
-191.181095086486,107.665235658642,-5.95863207201182,-74.062329263601,-6.85140732158015,7.95121791241399,999.371508050695,80.0351128747861
8.99156826807302,147.983616388548,-80.3292613435769,-2.48460233086371,6.62121846067748,6.41639126204245,-83.7680500244896,-33.2320968413478
-2.0513592648058,26.7555779166723,-66.5933114956024,-95.2335360375582,5.94798619885842,3.44591730716638,843.926197841814,-108.294400541665
15.618198870885,89.8544024973908,-80.666920848169,-115.78072869184,-0.953487112812581,7.34419102503671,1073.05273095009,-75.3838401278463
149.848885644722,173.734754077363,-87.0174885825545,-95.6044646563823,-5.96925351670143,3.57991342445894,384.702890397428,-63.2414063823235
-348.664429891016,102.591903099106,-9.6398053727753,-55.2904096521961,5.58610887621762,5.31484940001246,304.367565149179,-21.0428321125219
-258.66840664472,36.1793375159759,-19.8827242003754,-72.238463997186,-5.57266952871578,8.89715798835095,549.350632452642,3.15127804428994
-356.584535059983,55.3489804565397,-16.0886807166748,-16.7340331975429,4.80292296825792,3.51730427013536,-149.800797640841,109.022352102918
-145.681189429386,107.090718757056,-61.6490398189926,-209.37924836405,0.480923086362964,2.87259179487592,-424.342884059224,29.2653287315043
-5.67932298930646,66.1367352412199,-47.3120240221979,-145.085498631404,0.016436737299955,3.19577716748972,273.844342086457,-61.929983164242
-40.4829744151557,86.9309237994166,-34.9108129466194,-128.195676168834,0.655602316866862,5.28011114211404,1053.79570656713,-114.657569030678
-37.4124459745944,212.393992063402,-38.4385331932863,-140.165626200043,7.43600563980181,2.81886349851266,743.326400386642,-70.6697746362915
-48.449963558116,159.268883221506,-46.4271906032518,-275.993356352526,10.6207077945728,-1.84118864047923,1221.66518625523,-84.7639474031894
-31.1474933751451,40.0337371787027,-77.8852319136204,-36.4402347221039,-3.3142672899703,4.63466888557014,525.588055964778,-45.8577768137475
-313.195439456715,154.603958322201,-44.4319635098655,-108.254747271552,4.81696237213328,5.27385892916936,-269.007462707203,40.3762342361224
-270.132321063851,42.9449623597284,-13.9522926932259,-124.266558579358,11.778339557648,2.32059797871625,695.648926575283,43.3642951238289
-123.357859252771,139.220101559935,-24.9153478857552,-91.1954834345197,-2.32316705833728,4.88269536775078,376.560501768869,-32.8050212464004
29.5881698372541,75.1741306001786,-78.3133216324786,-126.604913212353,1.90340658724745,7.61997615534347,178.108878778323,-7.11259530545794
69.2753852808528,47.8210926896863,-38.4275680056599,-112.776573371084,-5.58954598240234,5.55222851143481,-0.527273985237116,33.4835419556839
-137.048663641603,89.1349425268272,-3.27241812029388,-85.5365579618956,9.53071923580137,0.350469451503159,689.164375562876,10.0707878730027
-54.8761100139964,119.072544157127,-66.2259413957445,-81.1080837235168,4.54761190760473,4.25021577748703,-51.8583122712153,-69.995788643806
-198.697666528315,132.127776795802,-31.8906476945089,-149.119206536248,-2.20035654264939,0.999993483153958,991.340453964149,23.0756779514049
-330.031372026981,52.4181712993013,-68.2984644842945,-45.9995380426262,1.02207023300798,6.49085816704246,-268.303062089813,-87.465904697392
-177.526351462483,55.3210345733241,-72.1200857634103,-75.5513830776763,10.7159158910454,8.00099589394449,1538.62419682511,-221.245856405774
-420.873326581699,52.2554009232117,-57.0673080005872,-108.483433734393,2.51879037017352,1.73325910901985,646.02802956602,58.2925288760962
-0.27342137118103,252.085500758112,-49.1907945338608,-213.344452052334,-2.70947699687713,5.3727960914548,773.145538226836,-43.002290061384
-103.9626245123,56.2132472950616,-26.6836178207705,-23.9922972215318,2.19318494285108,4.36797546944581,808.662994855957,-2.82613442509682
-158.288027856353,99.8099694894772,-26.4772353253866,-117.100814408434,16.6988803695276,-0.380705440649763,297.778054253569,-94.8275220082432
-177.91884039899,80.3899505669833,-60.4378656781628,-124.886854591125,8.20602246181443,0.362587603260181,870.731352005307,39.5619574161246
-90.6994064179853,97.835015773715,-63.0944646851494,-165.960236933788,0.423897532589763,3.7622870633495,354.636478976048,86.8245366187184
-484.828155041847,90.9249505496409,-19.2870827114966,-207.039263132363,13.2031307652214,4.68130559897691,475.158969350472,-41.9473443002644
-122.535756554687,-3.81523975943128,-39.094134403198,-32.2001448312367,13.105473953503,0.907574694043433,731.924697636947,-59.06755852481
164.98144565383,92.0342304262194,-77.315961581131,-124.301775652028,-0.986600632240879,4.46242917509517,-303.006907922128,-31.8775186951759
-40.562756022191,53.022600345721,-38.7299163761563,-74.0476468057022,-2.93928571978176,5.10561001225142,-145.26208046238,29.1352361361569
-23.3574575915482,94.081532653101,-68.6585129154264,-172.120724322012,17.5882187312382,2.32794894906692,757.659073651841,-92.0762262076023
95.3727240793523,43.6165094458847,-87.5482738126448,-100.620464216009,10.6668454710161,4.40895164922404,635.289843767496,-117.953897933097
141.900107672482,121.649990502814,-58.0041803321801,-155.570619953782,-3.75386454656837,2.34029621609079,-61.3810981865827,-143.354836636565
-192.073901971278,178.92125807397,-48.461696393133,-161.127655324512,-1.73001486566136,3.9596956168898,831.536420340009,-7.7560378354101
140.655204795152,170.601688104602,-79.2584638338885,-64.3099372381948,-14.0677090188728,0.339106605111738,-607.245441279229,49.1108354489552
-25.6341813220643,77.0193269885094,-74.2583020379898,-64.0854737428963,-3.22661814525054,0.625672425318044,1211.4544744945,49.2186005664553
-95.7298039546731,192.335472724779,-48.7754821316066,-74.7798556566995,-1.52725592814022,5.86763547371447,815.515492562205,-11.6480775946839
53.0474301649374,98.1654656113824,-64.4294665608468,-101.973171202259,-12.3358964938488,5.07030865445267,-328.418298803736,55.7783413392463
-52.2370890876336,109.12148294118,-38.2283352034792,-171.294787158418,-2.71585802946356,2.20611880579418,343.051051848504,-3.65673931295896
-57.0970812767919,83.0440120103158,-57.5026835716562,-81.2433384686883,-6.74528461085356,5.96361986224656,396.563841194558,31.0450800195977
-106.857768077403,137.008267293801,-38.1029938594293,-142.078955363511,-2.76607055639033,5.07304467542053,663.832779788747,9.00170897373027
-19.2205353743487,66.6758344741829,-68.8798591513478,-40.7942756354169,-5.43593574658735,3.72209960478358,936.760813797649,-8.14943168772152
-56.845063760411,99.0167757105155,-49.8198218990001,-88.817302183088,-7.90426049022062,1.00782325107139,607.800243987731,67.7351923984716
-74.9724317405926,118.631557798545,-53.6345774099464,-58.166525495732,-1.21739943490684,5.44055393872259,837.692366817209,-1.0051546554314
-186.018558267649,159.596580930141,-40.8445287854847,-111.233064301974,-3.03173950551718,5.85596962999261,739.917118561832,40.7289950344129
32.1959467149718,141.877154586778,-83.7294620858847,-52.9000208902144,-3.07524488255149,3.89216331285934,5.79569453652948,-31.701902079265
73.0970107296307,55.0586352758528,-72.719994150073,-113.972408184694,1.64270721629146,6.351019189824,368.613255929318,-141.944046305405
-97.1311186848325,83.3543214084948,-40.1633279877424,-105.593698995071,4.98376409407047,3.67834217690688,629.330161925114,11.1082708156173
82.8731447566824,114.749877333466,-102.906270369014,-206.885261952732,-10.4287832404807,6.06856221085945,347.775752843772,0.188185411032464
59.5253814837488,58.4247446999652,-86.9038441013836,-66.7837505957577,-5.24466639978527,1.35396728772321,411.831965223799,27.1769287820498
-14.2137042092145,125.288347246962,-46.9495343837189,-170.058460183136,-12.2957377889543,3.84629448635314,746.352569669631,53.0409200990705
-68.2408167836184,92.3995116484875,-51.2638340404083,-35.7373250618912,-2.82192464354739,7.41587295725185,542.72070993013,11.2976278863207
-10.4152446620574,108.179246144835,-40.0909930946073,-168.327903716476,-15.8500687927699,6.98269893986253,71.9929895548266,30.8949422701698
9.5468208007369,61.0303468750208,-49.7005013352755,-102.809952892101,-1.28955084440531,2.60607221568353,253.09796171973,-15.0052386947718
-192.770551361993,135.22023993943,-22.2010043873888,-107.403014761388,-0.343960363494261,2.0061708962603,522.520337906099,66.2051980580291
38.1552474974887,73.3867318726843,-67.6671188446562,-183.006481345183,-11.5730028328544,3.13371035418822,186.043520298654,125.374158402017
-77.6665590201519,86.9523441571218,-46.156929743287,-167.553801213107,13.670029490524,5.09204724266601,710.524803104134,-111.0348297952
-153.472058665269,184.84536870895,-40.9677629272865,-167.278790182237,2.14818010608724,3.17839412872854,287.118617350679,14.2461537702347
-129.828571417136,77.8014419475439,-35.9731618710794,-141.751628214079,12.7441664564831,3.40535061447008,1164.46228541909,-57.4068848721508
-292.251445018657,66.0264495101001,-11.1929328305996,-105.803976173287,14.4292761258621,4.01042473157577,361.943789941448,-47.4830530823237
-250.388210342353,58.978788764216,-35.6876445909438,-74.1579727106055,9.86517308699695,0.204885792471032,-162.309364311863,17.9978299661889
-330.555358213023,142.316810936994,-18.932770793559,-147.767398989239,15.974264406992,4.24066805758048,652.324629791226,-14.6605687863484
-121.69979955419,25.751572698704,-67.7524941472511,-181.704872479168,1.40840159659274,8.4821054822678,1342.94194260063,-68.165996293159
157.616602578826,142.581864690786,-48.4295644685335,-205.503986149153,-0.411981190991355,7.21873855824379,603.808172904482,-81.7858479274146
-228.924516393716,77.9718260509107,-54.9041234867109,-217.71836840974,13.4148808395958,0.825148696472752,391.799585527886,27.3614624490438
-108.529368250445,88.0832209959262,-59.3300352016195,-42.5198025000027,-10.0976208088687,7.82707697381556,894.089471141458,22.9789252773917
-83.7214999490461,93.6075133508275,0.613225556648104,-84.4581415704452,7.98547519886051,5.31031456953497,211.857391583049,-55.8312343420403
-330.721862753999,134.771841117828,-39.5096077912826,-118.102906289219,-0.370726735405242,4.92112248353078,-174.636109498097,55.5387218053365
-125.12913942759,101.068402812816,-22.6570199987837,-121.765840101783,6.57460785842341,2.41248867632385,20.3344803110376,-28.6396846754501
-32.7669189175231,83.1495661257723,-37.5639640956069,-95.6300590409373,6.78865568479523,1.28456053529226,502.974899567809,-30.3600669110019
-113.973621222132,83.2101835397625,-29.9719492732984,-86.1398815349967,5.41451880174282,2.60186371949385,564.145587209256,-69.5815898329329
39.1631758638687,40.6967987373646,-58.7674190099933,-119.714687388099,-3.21780097807641,4.14715237430573,-267.032260608394,26.9041263374002
-104.586568476108,70.4087570379488,-71.4185362396238,-129.621063453902,6.66893399436958,2.3873679083772,69.192903934716,-63.2832962027824
-46.9557397498793,83.0869673623492,-27.016596541449,-111.319824797276,2.77760955790291,5.01007087915787,677.629742754158,-76.1851237482515
-204.570444921126,82.2249393840902,-29.3979384571139,-174.988129183708,13.2397779722887,5.94113890691369,1426.28536428704,-36.8638056043892
31.9808486306938,4.09085843974026,-49.1578432468523,-43.6470627741073,-2.37118018344336,6.21140822822417,1127.35624029809,-43.0480561914155
-61.7602367320505,29.479961722478,-52.9189335844712,-85.9747774598291,10.0318466151948,5.23105180905259,-301.582039987235,-86.199087319259
-25.225927140611,93.3986550548725,-73.8176538897969,-143.063417655459,-4.91459402786859,6.32988249919435,262.158199157537,-65.2660692398549
-20.8108087968722,39.7047763636983,-50.7003980017962,-71.2683983245661,9.95874618495873,8.44832524778758,1578.16128755962,-173.284950445348
-516.82942244998,66.5466717543568,-41.8761246063077,-139.646096156386,4.84874131804099,1.31805194482149,1043.02046764338,41.7983930098999
-240.907434150422,165.82457424601,-5.13146243582014,-149.11803432944,6.46847467440239,-0.813624474321841,1126.29502379678,-21.0938858379959
-216.85480870006,153.2821099832,-61.1805210758321,-136.236971559643,23.8928771566716,1.47164737941057,846.962932403956,-157.312174604889
-284.55669578776,79.6148544119351,-25.1320966746571,-222.887254236377,20.2990485521004,1.40967935465596,802.029940213031,-138.243904804345
-315.063738601835,86.0278903437793,-31.9714404082042,-138.504968432069,21.3196592091263,-0.424015457800124,266.626634602639,-27.353639254783
-64.9688724879234,165.317901200295,-18.3307644732213,-65.7194983804802,9.74502286687493,1.89678845074377,-21.4757767457741,5.0612745260587
105.580272417952,108.919885565789,-42.1714169965308,-76.6984514504293,0.0721959595102817,4.06238068811945,50.6360183704237,-44.0293850211528
-240.158144921879,72.8839467853686,1.5395673737512,-106.472539773516,-2.19666345097357,1.79700048374889,929.015638876659,103.800363687755
124.951423594357,117.103344938485,-55.1115688153513,-106.086188795212,14.1873105113045,-0.241836135035555,365.037778644968,-112.026159790781
-41.8595584885206,29.0133215333335,-41.2713026787387,-145.452666338257,-1.02645020303316,8.43657514511142,55.220138498199,70.4779326893913
77.6940500034398,81.1010224695638,-55.2989519348266,-51.1612326648756,11.5208356330022,3.45240386732621,713.466220143921,-71.0303448317645
-48.4282734012231,55.328491046188,-42.42988652442,-140.800035945246,5.23940061276153,2.96516016806709,492.381912373115,-9.95636396930786
60.9443038682839,99.6698757096601,-24.4780826913229,-153.616918483538,-3.77221735291823,3.26523113333678,64.3848577337067,-16.2905125048346
-72.7386658436008,58.9461318203212,-31.5841415762552,-124.740731063343,7.34292599484615,5.39382578426739,708.152189571585,-71.8173330827703
-145.939680275391,129.298471211398,-43.7426570621228,-202.859474592799,-5.18175542898825,6.75823124545423,724.011000022729,-103.944923339775
-53.1465791832779,59.8286066799483,-31.8927181509207,-23.3218502595264,2.48657925738371,4.62744987696351,33.0962822354777,21.4856934731797
12.1971909409331,113.696458414945,-51.2529427333825,-118.324254928797,-1.76113437364984,5.3354337339988,453.433724851609,-110.720405180356
-12.9019706926847,84.2429958912544,-72.9410901135125,-114.228247592389,-7.5367969617073,11.9862816984387,520.220339863008,-53.9621414842331
-143.15007429348,14.1256242217205,-27.2016095331492,-88.1799103891226,6.03790903369372,6.33473280452017,154.382695469831,-29.8738901474753
-15.5757004474581,121.494311625638,-52.1704401497882,-139.104521977599,3.82351196196396,1.27786024951274,400.687851970111,-124.192100103741
-92.5765426877406,95.7293364132784,-63.9308644543053,-63.6325563793362,-4.37912740756292,2.15052047799691,1394.89226668437,5.35372704223846
-300.291425144744,177.531196214328,-31.0975128821156,-119.388179546077,3.8679529671499,1.45735726225394,113.370913554259,43.8240677695212
132.003268066648,-11.6361889490363,-42.0544909845339,-38.8799139644034,21.0548711346783,1.22262234261871,18.6024755871622,-145.730927852404
-360.222022301332,43.7279129687086,-40.4903891763588,-46.5718487455306,6.10969233403739,4.04367431892024,601.392131754488,25.6563633788901
-218.689975004731,133.71382559833,-38.4745268178449,-92.5804273661679,1.54992855293676,0.0487360719998833,-585.098050758963,44.035990269731
153.473294785443,129.960910268797,-76.4883106134839,-91.6239672460943,1.57130104783573,3.52423985970017,338.060555178949,39.652353464
-119.813946516093,96.4956759090892,-32.6458471388905,-208.595192374865,3.0210322598723,4.72619584223139,633.016642570306,-63.578678859194
-270.716314953117,69.1352205078219,-38.0926227074087,-214.445563742061,13.5372909397847,2.15427653508959,190.129708186665,-202.940299066474
-29.6428587305145,225.58210990953,-29.9570253093407,-217.350839796025,14.4802898763155,4.34593185354606,-430.742044772702,17.9993835070272
-61.0316119351555,108.965033250221,-58.8311447979067,-172.430787640784,7.05737592716468,6.57940721517662,1016.43682430555,-165.136726880788
-213.142722885357,95.2433182251989,-5.75860681489212,-169.388163726398,11.3649742603448,7.06225201582129,1603.11596300139,-107.532404658356
-299.981835519742,72.410878993338,-54.7081778170832,-96.7090339483111,12.8257388441125,3.47091899586667,369.773292072205,-69.4298466036853
177.970150785928,65.5889306496829,-59.4991272178668,-112.89077842707,5.69340962544811,1.44376228992041,295.350745515985,-70.452851734146
-192.094110736041,165.847016269312,-48.702975150547,-29.8107943762589,-3.06211317318957,7.19034921829007,483.063112831522,2.79271467970102
-28.3148958855454,78.2740362607001,-54.3141310145656,-136.170017138546,17.6203350073993,4.4538010786855,424.271643790031,-168.820887043723
-176.952204433095,123.0039656277,-15.9984416240477,-145.603931351121,6.14813310373574,1.98493682980552,1209.91584263253,10.02911041076
-182.32788384157,48.0009027204069,-12.355474375363,-210.9142394714,5.46825951552455,5.29666213497694,1054.51504929062,-64.8783224611789
-96.0800191511848,120.946926960518,-29.4407270115771,-104.541618311894,17.2694617377747,5.50866176674026,937.407001257845,-102.817721506181
-42.5971886430561,91.465714097314,-74.7447727941471,-226.902197478212,2.72824770357693,6.11131625006965,1855.01914106413,-143.26600370073
-130.583868865276,101.671672658587,-53.6295815405174,-191.298712598382,7.82008297235006,9.70176934800111,1035.751738733,-205.301096502022
-109.765524764382,105.314554834418,-32.8641416909982,-121.53781263177,4.06351112584525,2.50152133536358,280.100612771159,-96.8988257250021
-226.024254423755,92.166910062384,-42.0487683530519,-112.084164443746,7.70702256140066,-0.813115706496319,-55.5971884042519,34.0758269148646
77.315309282887,109.350186577054,-46.3838960282446,-117.110119666591,2.55084258468014,9.47120582752541,-128.809353006625,-81.6945231579302
82.8835791310858,47.092404874682,-84.8239611827594,-61.399480059943,7.91306567995343,5.0233167137776,510.861670458631,-171.830762142403
-117.38251467768,145.807712206268,-59.9599316727836,-221.123584004145,-6.59783965186216,9.62983524645097,202.81881715593,-5.11650563479634
-296.189935256523,116.234832084359,-65.8513821425877,-153.338363015166,7.48180483416945,2.55038819546462,203.824103943683,-23.8220571466663
142.951258596237,74.6469959313617,-23.0558100199705,-150.263499783498,5.71277014588122,-1.00946622264746,-441.012065650037,30.0311131315848
-94.6265810611585,47.1232457112492,-60.2953311492965,-110.827752634563,9.30458864579248,6.51274468522752,741.532915028249,-85.6391491667528
-32.7004031364468,16.1234562485915,-32.9696125328192,-39.7091442415112,3.80858490954415,4.59754085156601,268.945829213641,40.3953940778119
32.1788582052395,151.168728927034,-72.6795221697139,-174.062920866825,-4.79196576061076,4.89570617428399,709.300648974669,-31.5066661198798
-101.797511941129,34.4065175756405,-27.4459900683723,-79.8766775505792,1.51334516103088,3.42914372283849,273.752067392812,57.0951251223596
-357.567612691986,46.2240601337253,-40.9937662994125,-54.8300409236617,20.5931721287516,3.65964548530974,827.878291549277,-107.15176548512
-285.156565845049,120.918079122519,-28.5469297253221,-181.199910144038,-3.00760686135618,2.67235935829376,249.465208803063,64.1964897072939
137.868236345093,85.9607075071544,-92.7208139852219,-87.4999106708856,-0.673373820874986,6.29948684034753,423.633002521499,-43.6131112789735
38.8928536473832,66.5802792284667,-79.5302204662621,-95.0517678186952,3.6513966447128,5.57726262934739,842.617098350148,-103.754843218838
64.5407429190091,183.532036530676,-70.8426290871284,-181.325309927895,-9.79451226023957,4.58456516810111,217.385000993978,-51.2376536454685
141.414402002963,93.809025812865,-108.327066154356,-153.46888991276,-0.134828199916228,4.45776714112435,-374.239045530092,-111.746739220995
126.545835367077,193.536813931394,-91.9631839133217,-153.444502101891,-8.55489083388238,0.636546236921276,1265.83670656494,-135.168668352359
-29.2277163036924,68.3468983381786,-46.5845256107568,-72.4286556234001,12.7215444206813,6.33285774432443,742.481240474997,-43.9968284124043
-369.619910136229,138.328891448633,-57.1261466265423,-199.584502141137,6.02670695046254,1.83696967642027,1264.5254031216,-62.2207627616008
-26.2426998024312,133.723269493465,-52.7431831452705,-123.568016464793,-0.592625443379802,1.83581389232859,579.903915880263,-61.1426211405778
-130.586367351436,111.604233637787,-58.858668926041,-166.135863500902,-2.10631369600014,4.12213249200431,252.782583011256,-66.4895920266645
12.1926534688682,83.4178701430355,-12.4211639299247,-1.82185124220723,16.8689541619096,8.47331266546098,810.952560372305,-36.3973522572014
-187.560369157869,86.6229303329892,-48.9983890695949,-155.129812353996,0.887200803670567,3.78247560104319,283.884059235279,-34.5419105381443
-8.92932649562863,131.567346332668,-57.7328966886525,-105.530839292929,1.6599882428709,2.62823274298353,127.815684668691,-47.1412298640644
190.775882585871,18.7579234036384,-73.0315970329884,-53.6346927284903,-6.84992571015027,7.01227937974181,-2.50862750219312,-57.8161017796665
-52.7825605620528,79.2817179335325,-58.2950104602783,-118.986049333704,4.56939459689784,5.74101284192147,54.5355736721176,-26.7309186998827
20.0228894257816,27.291750295899,-78.9736428951437,-111.800618386464,6.09803037828533,5.72483275715786,887.932452267552,-206.459160885715
-156.535444018853,255.72739142229,-75.3310728566285,-212.475956236638,1.72968944208696,2.64528226402399,857.822658844529,53.9638865422894
-42.846134177893,135.23097196602,-47.1201937911528,-106.698579726864,-5.09662219424717,3.98974157893826,767.526049947017,36.8938162306877
93.4782992817636,88.1560736947722,-71.6965651272621,-89.1758990631133,-11.4252465278369,5.57142307431786,140.909829456694,-12.9021129797329
-10.5294711329043,92.5121940930185,-27.1425072920974,-236.758670329878,9.59059729083674,1.41934793900873,570.193292078413,-37.2767039880564
-110.952076477755,98.8136225911294,-47.8032122663935,-134.455205076432,5.03149356869835,4.51755215516459,476.766566940369,-43.5351522607234
-153.964192830783,96.788453855901,-31.8010555403453,-41.1894203123775,-6.51510272959422,5.26575963649884,53.0666658472765,-6.63336143133347
-7.35768184543122,183.074449940627,-53.9791293536509,-158.279595097375,3.54200178904284,0.223056698312575,54.7356120837503,32.0438826690443
19.2172834744852,107.183719424,-70.7681001913443,-123.994570350827,-15.3583797650999,4.81839274220692,1076.79620997443,8.81627974983712
23.3939401968237,96.0995233123394,-39.8267982825637,-60.4571769301474,-2.90897063378361,6.23914986942691,-143.073458377199,61.9034358383215
-44.6127116745774,102.727297909049,-22.4002955843171,-111.0950002272,0.697951483743964,5.15870745459688,1093.97387442473,-60.3218841335329
165.122755614968,112.241230565156,-69.557351675845,-150.401309285371,10.9540791929321,0.321060688037505,-382.85930488538,-67.0513271097698
32.8530327839253,59.0890548399784,-25.0820164991019,-45.469019076816,15.5887859628419,3.03240497760999,588.617065701968,-12.7033973150246
-95.9620607402394,156.972766982115,-14.2049118214054,-251.121033435029,3.93330958081788,2.16694949951489,808.227046496788,89.3990979632144
-184.597166988767,78.5894368322624,-42.2033978560357,-81.6794115914963,5.33632152254722,4.58495924663657,235.533973032143,-149.701289657882
62.7039090191975,76.7450647150981,-65.9309351743289,-131.257546471192,-7.46825070254272,5.9201786495978,460.950746734539,-84.4988255193603
-83.3028596881486,84.1469135199004,-43.6537139746979,-109.515768728837,3.92317682392604,6.39140597787627,386.746536491613,-45.3294442256447
-48.5703124999127,201.953350307775,-81.6887144320935,-200.733362548519,-1.6724529973435,1.0155846859634,36.9297747868441,8.34216818370624
105.539066614918,81.7313280120834,-76.7131233032851,-98.4200197075843,8.35739273676882,3.01511235588987,1192.9313827363,-144.54679099514
-230.737318002615,26.366860933078,7.19452231704781,-29.4782375735786,1.47553326716297,2.28178498341003,271.826000269093,92.4216900808797
-95.4927251160116,75.9581595563468,-28.8280526261078,-165.860349919913,6.24007017705298,5.75411569872449,631.288652165822,-18.500969405839
-55.2115077297058,34.2891359044952,-18.3880932139873,-67.5087080587691,1.46544255841582,2.583768546785,157.898342374014,33.1194740149367
-26.9980658643181,121.178568011615,-37.1559677906916,-103.553321049811,-4.80938925814553,3.54318444131786,340.416058859715,-42.6759718287794
-227.671484856059,122.027574240139,-22.9690354997219,-99.7640034500728,-6.91544531145269,5.02233472504304,103.194583191478,88.4277991924391
-93.7437398124603,119.871101015597,-17.1630697674409,-119.853025072982,3.6661259207176,2.25247940701956,307.381838200701,43.809732832291
-79.6734912251122,119.413740769232,-53.1931274798408,-76.5872560577918,-7.42880032424,7.46689391951077,1045.35479521745,22.5968316027283
99.7803477321868,84.9295891238289,-64.981085705891,-91.557853525308,4.82966035359368,2.15331711115141,169.040015476858,-77.7019765431323
-27.3839715425565,108.89395303273,-70.2991679062834,-160.408579365685,-11.2794798030227,5.4302522148937,-262.548178821271,8.82510022723363
-58.5778917790485,194.221666781203,-74.5173904940166,-69.8039266510095,5.22100151502673,8.14818051978364,295.420789725358,-60.0106373112212
-5.19708193895349,157.191655876552,-56.3633981032035,-59.2892994563736,-10.981304034889,7.18789012103662,312.673668492142,12.6333992543005
-212.724488477877,167.615333392343,-38.3966966564331,-145.767513215382,17.0907388283995,6.81791137122536,797.710750246642,-11.9847011641832
65.4882217294362,-43.1999459477011,-56.1715389074816,-118.813571173887,-7.68895661690476,3.5972769453947,46.8686405603403,-42.8890500827183
57.2529848392478,22.0844637803966,-60.2370321550625,-133.15627995039,2.51366964058252,2.16745746848756,-329.009514000988,25.601124506109
-1.13928138877964,86.3721780193591,-65.609151667195,-170.547486228897,-8.27356597723701,4.29021536864957,-262.70284542485,91.9924981871518
-123.551657350225,23.6767295718178,-49.498480063281,-52.671287543315,2.01599643251393,7.78275241217489,1129.47887464528,-137.80198963263
4.81470324181282,77.1354328487505,-38.4820871728516,-82.7228019175986,-3.10861209289214,5.05387748715293,190.786907285248,15.4569776957942
-224.917122158113,40.924179137859,-19.6163854441547,-217.235002044163,5.86167702748207,6.00142290338408,89.8903837749676,-19.3498402144178
-120.223813205354,124.158840625932,-30.0937818501152,-92.486202496606,-2.95710909756599,4.79077151818638,130.432444956154,5.00765833092009
-11.4716287010524,75.3636046487518,-47.5558870898094,-66.8587920482823,16.1823564443766,1.35644431666879,339.956785625851,-146.006818708724
-358.422127252648,54.7537091982804,-8.52664936406654,-44.7429361534159,12.4434455802548,3.07318827413837,-491.05130744195,24.5028876156575
13.2820439532879,150.535575901093,-34.0759974593384,-108.714702899335,-0.159759753369144,2.25615881528938,1184.99111623292,-62.1050146948837
97.5799148772494,59.2651272425246,-64.0428101498401,-179.503518289333,12.0980379915709,2.5291529079218,782.477581561339,-147.096644221863
22.4102725180564,56.7694526684827,-51.8430149798896,-130.98142940172,6.73240902126417,2.36632270777773,284.361944669159,-78.5949952548472
-220.257858331373,172.828009626232,-40.9614247025802,-269.297320307633,9.76398066210095,4.79060505100642,606.613902876939,-59.8230108525895
-371.63039560632,76.8312090594118,-19.9519119724719,-128.613126453158,8.77870549468207,3.24769378472774,346.664607977204,61.8753825024869
-705.303379905221,131.987485917896,-20.1165062467771,-94.7568550900905,12.7469455401879,5.81380726204952,79.7172797839448,35.4733023540393
-487.172801216613,124.86564011468,-38.5381852855644,-47.3062398150796,9.14964238698303,7.91520513744035,1436.16401613965,-59.1468798769056
40.5000811765203,136.80239697964,-90.2859548486012,-237.508818230635,-1.18454460887006,5.77906065594289,938.303587473943,-94.2662063786411
-243.986252078845,165.912025312988,-20.5643057523121,-161.721393261701,15.9933820081969,2.55254352089833,1662.35086557303,-66.3372835453993
-45.7353343010982,35.6743235725044,-30.0422318961937,17.0719406893331,5.66700072260483,1.66481143760029,298.529591859144,-75.4856431848602
34.4541154726066,-13.2931764079258,-36.6407365335908,-37.8677258995776,11.4492727506586,7.08968314500089,63.761259987994,-148.118109673
93.3240580016864,72.5203439573233,-38.2439202969181,-71.3483391832269,-2.11466893277247,4.30200589225569,-54.406836418173,3.14934019360226
-344.199314612575,116.249191823072,-10.2057028520358,-125.913489335799,19.2363220012958,3.30336938324763,166.492661838449,-20.6794511300013
142.916977659889,29.3448610986816,-116.060965022829,-200.928579338295,9.53827849014488,-0.656997106241761,22.3353264652542,-76.9793346264923
24.6723094080153,211.180642606509,-97.6623218983495,-263.722573813255,-8.88784820418732,-0.334022346891288,1355.48712689179,44.0296630599041
-452.732469319653,70.3726152371855,17.0671231308006,-165.81039072456,25.5512258494273,1.51037917556823,1378.32779222517,-57.8701837990993
-693.088888865008,82.4728710201834,-41.6366685226822,-134.481815117731,19.7175228338456,5.75977104212507,1037.20939123479,-143.790292474252
-120.915438636221,246.696838218442,-71.3742803582536,-208.653124528835,16.1503727025993,5.36353993711236,1306.12162782281,-74.8376289125154
-103.17286534539,117.334731199058,-107.616855222761,-257.367852582407,-0.87483406534011,5.04135039601897,842.988925870861,-170.285933230492
-155.583258627274,148.129612317411,-55.9435760180604,-124.573578628362,9.09586280610165,4.30598153366009,1142.99269038458,-89.6765414076508
-196.782685320941,166.614663986755,-54.3706376026093,-98.1745963988724,0.108314940385753,5.36382283766579,948.039298512755,-87.4996359980505
33.305188889999,114.276553736519,-61.3372338278496,-163.456277999463,7.35686312348116,1.09073375133812,72.5256328198593,-73.2047869727103
-105.519660194986,64.7839087215923,-37.6134037625598,-128.742472904112,-0.452473614903283,4.22492656901886,-7.91476488370972,-8.25327383260264
-117.587528213285,119.735622159835,-58.6261833037279,-24.2578668814676,-9.70361348851293,5.74111127352808,847.888879823629,22.7986424228584
-223.659998123811,101.061388236893,-13.4166634995563,-62.1672745573051,0.789982220601814,0.641641465725115,766.363556671116,97.9594474021251
-205.134030545261,130.235741411307,-6.95240801517502,-142.566786189622,7.23363979011629,3.72166048579675,885.345490891166,-20.6394365880778
-96.2946961020498,91.9482073563704,-48.8962469916441,-125.702086842153,1.15416379417184,6.11637192618218,427.094136208302,27.3904238810355
-133.109382136859,109.493637973006,-17.5371838477295,-173.18532796939,5.87811856147891,6.54586163291242,858.374739961815,-7.14644054499513
-120.500017278027,151.723817755563,-44.1658062444731,-174.462944960222,4.27179682266706,4.48304719957378,884.291336277054,-89.5816586382862
-116.78522724677,37.3938212732755,-43.5652735857366,-86.8728162431726,-1.36156402342021,8.11311844730517,809.441196376698,-12.6326082737651
24.9261429231847,97.1152878588182,-75.648097073281,-175.911902540174,-2.11146819232818,4.63977860198793,137.817656134226,0.330852723353019
62.7887859618204,142.204319954908,-97.3847223009507,-188.991767307612,-7.93128767836606,5.39551929605659,-108.365888804988,-52.5457308281766
-137.106023130153,33.9297342330683,-53.765543663254,24.2757138819106,14.4530802685767,5.29444562568821,-211.838764962603,-213.184647746813
-86.8144996934006,91.8042356616643,-32.0760715318756,-92.6120006271365,-7.38762700985535,5.4804562154095,336.71688427066,-5.91825478166356
20.3463912729057,30.2226276541187,-21.2248442490963,-47.8090054864369,7.64182723545809,4.81177823503094,978.224542477918,-51.5323781394109
-36.6837682365513,64.6398597104562,-41.6298919437249,-77.7279636383682,5.37418725114549,2.78869782987749,564.050204296538,-25.1834252443805
7.0888244593516,136.126817112847,-64.281214224131,-145.83523982577,-10.5567200513615,4.2773370631694,138.356510764715,-12.2018662751361
14.9218010156474,117.20964609321,-53.5373570903903,-97.8591428165964,-3.69155063000562,4.46756651831674,520.077900934593,-55.2332411748939
-137.708608536981,7.45443877998332,-13.0219384297097,-80.2490482607027,25.2325189343937,3.68599092771728,585.692247454106,-115.144676573749
-36.7669455288124,16.2374031664222,-18.9164306200837,-102.993714395066,12.4018728070723,3.94307926290639,14.5516508595756,68.9876299553725
-47.2796271988336,60.9589737836432,-16.5915322517794,-57.3262322476912,-0.351066530885873,3.6105371855374,538.595332184574,8.12243440854945
-208.42404143895,154.966597921215,-29.6692690249474,-232.081254301818,4.93330560769391,1.71035836121882,699.463266939914,43.859517929377
-160.065417517224,81.9628507685266,-84.2938891408194,-100.284314760473,7.10422828288574,3.06375932831725,382.959140972336,-96.2760073845275
-140.188650903456,159.131982751522,-40.8723821385647,-180.208749147016,1.09979921793274,3.16307603460336,409.509329035835,-142.463362636321
-192.687678469054,120.744974918653,-73.1344932682696,-176.218951912299,6.66927377949469,3.77948359082075,457.970338012688,-30.2625994965638
81.7215997721651,141.071142562825,-45.2584589131584,-107.802275693393,12.4129708183173,3.41233507439028,180.326525107666,-39.8934906057839
-65.4385504953752,61.3048480747675,-79.8117518886485,-79.7817384346854,9.04346274063573,5.24679425978684,97.0640616941794,-14.2461372704711
-16.4323492028343,110.104822720896,-56.7314531603406,-101.281223874146,-6.0699492470012,5.07589016652855,582.412313986482,-45.823914374545
-256.484536019212,73.1481877334954,-42.3627610480762,-164.065548933839,6.09573177558923,5.39059056459519,519.10925793997,-114.568152108637
63.9467404966854,165.240805941867,-82.4021439092467,-247.505882474465,7.89337868767325,2.28218589826065,423.332527261286,-138.084123556851
118.61468871426,129.97526587412,-70.0047623598839,-149.065220351622,4.7052356164204,3.82744936892414,542.308179979475,-50.0131917690742
-98.9961513641174,90.1531786681444,-84.2094735962128,-42.2772442832575,11.7597850429984,6.52331175073596,860.59301649531,-126.651920498378
-648.958040869009,66.4246773324594,-6.56286181791802,-49.9239486122678,3.03464917623205,1.63584651227575,838.860080416009,-85.4574133157075
-182.441603447543,62.0841824227973,-26.2471812764925,-141.054096181353,-1.95737044185807,2.1505084350938,225.99404616066,126.459694974648
17.8490957260219,83.4892499233829,-75.4820738349081,-118.385075359984,-12.7923054140701,2.26384179273737,127.255625070815,-7.37450387995341
-121.544277857553,79.0372920654481,-45.2297938031115,-48.6368229570289,-9.26631893593003,4.92238026498671,-11.1284704884602,144.391843015299
-137.778647151805,105.568182613119,-45.8249646867043,-177.137249715795,34.9526153882034,1.66168396256398,-57.5054755655001,-90.6668009749701
-114.827859768884,183.563346391486,-53.5102843209752,-134.522937224772,18.3168728927849,2.08995256610797,-324.422518100881,-131.095793318586
221.579154337822,85.0057686354376,-61.4565880867449,-71.2031313006737,-0.115636680857278,6.75324384252599,204.075423849747,-62.2316885540931
-51.9126111183868,82.9897392894491,-56.403358094045,-40.4750928698722,15.3627143335179,2.18423346994314,-502.166016240037,-135.888606892724
-492.001217762125,143.106789582962,-40.7224148190462,-149.793441689137,1.86950227131456,7.36817090717523,917.768627970101,-70.7280611533351
-42.0401834478835,63.5030623929051,-60.8980816308267,-58.9250802606111,2.76014810638048,4.06072560150369,782.980393679157,-55.2015138978095
-488.172481814167,154.767808920211,-43.7339409383858,-143.921225193437,2.47175612118735,3.30089291316108,-158.573409270561,75.2405476520144
-100.225963100245,82.1413093584451,-32.1361880856621,-237.85587801467,15.6896960877057,2.95369930349989,-313.41896388599,13.9546171871189
88.7791563568662,121.151834711171,-75.0891077835258,-188.06837646605,17.2669606517011,1.61049118587107,641.882989673904,-287.643920081347
-268.366653855272,183.505244494649,-49.857938682042,-149.656083022361,-6.07863933286717,4.76076243980788,551.672868771508,114.086722989742
-117.723095408059,83.1466071399045,-36.228458719881,-41.1126206663903,6.67348226797185,6.8940162731451,68.5282386997715,-76.2857515778433
-56.2383400162289,132.640216868873,-58.8789925779711,-182.004479400513,11.2050845072008,1.87708230895805,887.271257758504,-277.468180035838
-266.628651371924,43.6931179630737,-28.5934327184368,-68.1344976226101,22.8823497268859,5.03059990411202,809.323114984385,-70.4955084108951
7.44033667448093,65.55723373199,-64.9171048425487,-4.13452273710573,-0.869348427426303,4.3261169824691,102.960652538051,-91.6713918343012
-48.4893092700222,40.639148353981,-22.607888674218,-95.8843868813492,1.19431889235784,7.11088496002048,852.347338752486,8.77303192605359
9.06451719625329,122.483996752125,-44.9311483767815,-95.7014579627503,3.86234451201926,4.20294094856945,514.252335631769,-22.9670685751989
-10.9238785625257,104.656447355228,-45.9885610642395,-153.746534462058,4.77601554326247,0.743937563274812,61.7820578660612,33.6401196140505
-25.6239050122385,107.804403890917,-60.7389519375865,-155.729287477016,-7.3933156998246,5.04076408695255,672.832220464647,26.4443772129307
28.4715855176073,77.3512093679383,-50.6262604740768,-117.816705155041,-3.3432123066741,6.15591445885366,555.742473777937,-41.4275074769685
19.069639070065,35.0303153040149,-63.6408766330596,-49.8300416751326,8.24253484635847,3.44206787372241,323.426229129574,-117.818290981931
-53.2617015571159,67.1733118212578,-58.546616821739,-92.3281830578198,4.25568200355337,3.00655400508549,550.216679085665,-47.1198907018315
-122.686651339274,203.687438297085,-31.3140883220349,-230.395149204196,0.467612025408016,0.63940177555196,938.444629306352,38.0389340055553
-126.125414306502,142.074232839204,-49.0231464570334,-178.728575362515,-5.51967128987872,10.106345270251,1077.55254639337,0.892488302609735
-68.4788722342928,110.125977591117,-50.9843884440634,-116.097821201067,-9.98336377079249,7.80338253571972,880.4099348618,-18.3027399228595
155.342034723581,101.496491292026,-50.9045056715258,-159.10140266519,-2.97233799734386,3.3068803192582,289.374844299877,-27.6500138482807
-7.38670007936889,22.488215767873,-41.7240365200305,-60.6419096311147,7.40053251058271,4.30042287631659,526.202355012567,10.1615248009984
-38.2425997992905,31.0694601711293,-25.1969075268571,-171.224275988745,-6.5367611035108,4.58972138765967,88.9030214233717,28.9218177630391
-124.962045936139,50.7169656918013,-11.7890657913522,-60.1224572360825,10.9943969312444,1.90962060494348,462.666817969206,3.43033739298698
219.265768908808,50.9194262294477,-67.4145690643563,-186.100955190952,5.70132886429928,3.92340668401448,226.540679050475,-114.560795570971
-386.543527069007,97.2097506546124,-3.95722834332264,-140.734909757193,15.4355831077555,5.83510536271569,1601.60832183068,-63.7745738025988
-109.314097862967,0.99523801462783,-18.8426244907896,-113.019139917335,9.63597678728547,3.80724044004455,560.850880637649,-42.1429739970627
-126.326849039437,45.9791841563488,-14.8049069396657,-123.342030785853,-2.33231269594398,3.34316380793462,474.75052928846,38.752610964777
89.2959592050211,79.8604023015305,-42.8849071104105,-111.901979196577,11.4112434629697,4.22168876770593,713.464635235527,-41.18378169676
43.6796298632871,58.4908481742023,-49.3918337325067,-167.602194453189,16.5752355156546,-2.76991791362525,-183.615573738511,-28.79436639091
-128.812962238632,150.239349887968,-37.0195808427816,-202.607602795848,15.438393213466,-2.16792108157824,339.817243199213,-48.6764445922745
-76.8434608192906,124.584513520062,-49.0403199437933,-152.930666073094,3.39106843236368,3.76579965381825,1160.91629148867,-56.0814807786519
-184.163682818995,92.579112313877,-0.340558241856343,-112.264211530623,-5.18632527826412,4.30234459768326,404.161259234214,53.8602648410015
-66.0773849995749,65.4146237166387,-45.7935553512252,-19.1243778676871,3.74255047806218,3.39228099831598,359.617204672468,-75.3765703689132
-58.205328520824,78.3110215676279,-48.2603732015041,-104.209565211902,-4.58686831321393,4.60278586269123,860.848865424545,-39.3374435800288
-161.403654045371,166.265122309909,-37.0699337426195,-124.508699835365,-6.25595329722273,4.82594426639116,372.876034866873,85.6555394615134
-124.945605456767,162.787209400842,-67.2947443240973,-211.425462265848,-0.401290947396774,3.60411711282359,673.067441342748,29.3041498526582
-15.5886874230928,69.5112780956115,-61.3000607086942,-40.7570620394563,-9.39354486847151,4.96615628016298,825.711068543547,2.22328126552748
-103.317293956643,35.8634217432045,-52.6444634787913,-106.530417234258,-0.612777443559025,2.6057578355103,133.925719471985,61.9622098825639
-133.793936504895,239.833211321107,-55.8224629349425,-175.960931248323,6.17149165135925,3.43104520836641,309.157650123321,-18.4560811139236
-9.59414661084884,141.185090179886,-61.3654724833978,-179.781159046368,-17.5441888211208,7.23331174566556,683.855171076063,57.2447604310128
-13.1724118945276,154.288384761239,-74.3032505004685,-122.046535532878,-18.4069227137807,5.33120255238464,1104.25645182817,12.3100148773228
-159.039879228862,211.340430493554,-53.195771980565,-116.380026876977,-8.39434566197451,4.22307381261271,959.278529569747,137.446419147993
-70.8778005589556,90.1110028383555,-45.8449692387367,-117.245751229555,0.885932964061794,5.09191208689299,648.865847069421,32.861791407835
-51.8654717670615,76.4087050764065,-61.8372186923007,-95.4177124474845,-5.88004091588664,3.29670146596618,-106.706142863361,87.3686656519985
-151.319859337928,115.105839772172,-25.0823104379303,-137.869973756024,-3.69099775003269,10.1847596292937,784.897362095275,16.1288102621584
6.32281344376679,58.9232327513382,-57.4526476075189,-156.04170022598,11.3830908577074,4.14512685465161,562.112373352713,-107.136653451074
-171.898004978244,65.9737934313598,-27.7262273773649,-164.64560564261,7.9564570799339,5.09051695380185,167.078960017898,27.6682775210247
-94.345338026993,94.7897108261095,-51.6320338836522,-135.97278536731,-6.64353175085853,7.39767805929296,401.451050899996,98.8022154218343
-58.7928046754823,111.663731200431,-56.4956647312501,-112.418620021997,-4.66137698157399,3.06502813078987,366.685969972503,47.1516925345277
-161.512053671628,152.070905158227,-24.6079384930417,-79.9820337450947,-7.79467414457758,6.97164090607839,371.288701540732,70.7573304564867
-176.689833887824,44.4256582589587,-25.0249468945585,-48.0746249419499,4.29825202982465,0.364053353667259,611.342340377744,145.620222480647
-53.4450767794915,76.7124975747574,-38.5533162933425,-40.3667163236532,-5.36405696636939,3.85264810219815,868.758600055738,1.94242353866684
43.2067445310531,143.016680768807,-108.923165343469,-88.4760903565893,-11.1025711892871,4.87177489450551,411.84214031171,25.1249263371719
-135.720505242512,214.944877904491,-68.6025500879914,-207.184519282142,8.40236879834265,5.95136476823973,724.024996491571,-63.881286280106
-24.8420602477127,157.251251409245,-72.4440839375893,-121.203509838393,1.65923237015522,1.33566580587649,826.129849043557,-63.4535853593043
-210.002538012988,76.7676092093607,-21.7493803673715,-140.453290436475,-1.25369006574329,6.45085396818467,835.022441135974,93.4429212226096
-74.0918935519439,83.4839961971447,-71.6432121072648,-104.118816018916,1.60901564141386,11.5878968993129,490.005166756688,-40.7052810032037
-24.4862373201686,51.5590068711608,-57.6622017386762,-116.722230178719,-6.35408094310696,3.42698532069335,81.9456648498308,51.2830437357943
-241.517442384531,65.5415742983387,-14.1016540337623,-61.8714802462455,8.43215629507176,5.92709295434179,251.273285100728,124.347440997866
-5.26100467768265,36.1492269634764,-29.1413809277492,-78.4835040165417,-5.41536522383103,3.29864400696897,203.972091846168,25.3942270356201
-7.31999447985254,75.2409223926807,-24.0449688201188,-55.266792137525,-7.9604617706209,3.0175544936501,52.2334616011358,41.063319788188
-82.0543423358577,94.2160341669805,-27.133734204006,-51.7354993909248,-6.66845481832206,4.57865940161355,455.860684834479,33.3712202383467
-40.5600428498619,97.0036510752252,-43.6498792370257,-91.8916995001709,-6.11273686083405,3.06909154503956,341.761059006018,32.6885241576238
-145.61342271883,53.031621298469,-19.8777042132133,-28.5587387169799,4.09156910494494,6.0482045527533,809.421402686741,-18.3382042709127
-52.4808272513055,80.0272315823058,-34.5886677008239,-101.317914110987,-0.618563598167384,4.93826254145824,110.860061620384,37.1789182657085
-133.639179691905,85.4592360465722,-13.3830288248719,-98.9426396110066,-1.3181555797637,5.45212692461791,763.218746224118,36.7445876566489
-27.6905748391728,116.433696642882,-40.996493384846,-162.164220805047,-9.37298103479407,4.96964030267554,126.732229458255,51.9309759227617
-1.29046845171251,37.9139690479496,-71.9551649332971,-101.624869154432,-6.78144154048641,5.78931504215871,965.698693329768,-2.53248986206017
-5.12064860514693,122.559905739712,-72.3778569297574,-165.048140375569,-3.76778844627552,10.3622140312218,871.953523091986,-133.158910072467
-69.3426110031578,238.044674819699,-67.57387868571,-193.91896836767,-25.7604102711484,7.61011138325557,501.610517136892,133.204404441083
-42.1387292455183,176.06105250067,-83.9329311401061,-87.7350942401681,-5.23454623817088,4.11859320570042,754.492255615412,-12.0886646088329
-178.679626193712,201.95137299897,-49.286937799392,-187.271792447747,-8.04972032613296,8.96808062961645,918.466963822284,76.8736885043036
-84.7506715595318,135.496306917645,-51.2418587354409,-109.43688692461,-2.3110142386513,6.10768596990965,278.013362266145,6.88429594504851
36.4951440049917,121.270299733646,-81.9222549833066,-100.242686716498,-7.10859664187592,5.13000741909491,472.583668005915,-10.1127660498314
56.5077749780321,113.249948985165,-78.6578828060447,-77.0303004683446,-9.51928934075113,4.94004331934411,314.178476856992,-1.37579486670438
43.4492439148526,188.611712077494,-70.6391314386638,-174.522370567312,-10.7264307470614,7.98719978058944,-171.587824074362,-76.5028494690487
-14.5730051899736,130.257891147368,-43.9689406451653,-167.027003035997,-9.01729397392774,5.214739127332,878.874386547002,-34.1612911170996
-117.235228307283,135.401469023273,-49.0431271967609,-140.052043060874,2.31254610198494,6.0438928566673,302.805401252015,68.3209323968767
-190.667025210554,112.576898868971,-20.2267743678713,-61.954468078744,-12.0194848198735,6.69378364546878,1156.07155546847,149.924735028442
-34.9727047747656,91.5568738586808,-73.8164688308316,-149.697131390552,1.38154111683252,8.95030938021955,233.300626122087,-62.5208236796316
-77.9793977259433,73.8489746587002,-27.6883574962976,-101.892108102129,-11.6251103207178,5.93877252641687,449.303826064861,67.8827106365206
-33.0556570655754,96.8288468017963,-53.8677284704536,-51.7653654429523,-10.6293905922066,4.32926967492676,338.100509831531,47.858016651764
-62.5814306440661,92.1996752658924,-57.0670826877554,-210.965160874046,-0.585651162982685,4.79324522224488,567.015285049958,27.729025736985
-139.455328501761,33.2762686163896,-32.658583464261,-82.9985931007586,5.88444585301477,2.17346391476167,637.517907588228,67.3456713838532
-7.27622507517844,155.204954512024,-52.9793307848377,-216.723834745295,-8.85897111594386,-0.857340087564808,-15.1020472993259,113.281174243908
-44.9790537250956,66.734540237132,-54.3014765717526,-23.5535537829637,-3.1436521387659,8.7935341688426,406.447940720245,-40.1409528261283
5.26884359365795,82.9706742149137,-100.019472297303,-21.7392649771791,1.77878994161802,3.85217198308965,1137.10581267334,-65.3053101293772
17.4361784847515,141.09149499613,-65.0185053441528,-145.047790496392,-12.3653424219365,3.23473161167931,568.493737927885,26.4684091415256
-87.557407918408,178.963249352383,-44.4332960637548,-193.581187843418,-3.15382958463488,3.4989587258242,540.780816896455,17.7228619531888
-141.155668055901,59.7820679909282,-14.2853690416523,-100.196272265355,2.05682219022674,5.92506983617204,331.171229013464,54.1519524331379
-7.22388429083003,81.6091337287216,-45.8121308380635,-130.6788683864,-8.69046509118925,5.86451038489759,775.049451158382,2.11288131319452
-51.9338860847638,45.7090560938523,-36.1494850220915,-74.0042236564186,-5.57690881952294,6.84148843151524,350.466167706734,29.2828229626357
-114.43448946705,131.172051861791,-25.4011861504914,-137.441526811075,-10.209535627655,5.61318100997596,557.606278088853,63.6984799434158
-11.1586610103768,103.462289665476,-42.1283231533816,-158.364157026284,-5.46709794850904,4.95711448208203,632.177501512911,-69.7921509884545
-107.020096170301,131.213926705059,-45.2958215793915,-92.2768817751203,-12.7306047589409,6.04361571610207,359.837404783815,90.4515842820983
-17.2223763804213,112.029170175955,-45.5277559490205,-166.072138234777,-7.63439942913828,4.898398846286,-19.7365430840982,22.2943478526868
32.0990119248527,102.835262670342,-70.7776696707861,-18.183394724445,-9.33708630134061,5.32776150919744,410.797815665312,-19.1924554326251
-120.918607143423,117.139709827577,-54.6317582905176,-84.7777459936915,-3.4040588564676,4.75536688607099,1050.7478171512,-1.56397539982572
-21.6250323630084,95.1996171778201,-66.6400258092035,-208.200941855583,-5.54284446613747,3.45949401854159,650.418757323765,18.0876776355472
7.78262255515074,118.815662859095,-63.8846753594844,-108.783133667515,0.0390196211374132,4.71419435409916,165.943401540033,-57.7767863669433
-125.428998893738,163.753206805384,-62.8657776664368,-199.676367710905,2.29954849147543,3.87194225639541,788.45114053633,39.3691848801391
57.4800902402785,234.661438970682,-126.589409132255,-214.66749099311,-10.5272879936092,5.98020308784908,165.175736049365,-2.55291111580482
-41.6301820632452,68.8729071786511,-59.003947634832,-134.132826462243,2.77390855271369,4.48251383998286,598.946445545182,-40.0695163234959
-3.44327414143845,97.705985708526,-65.1551077603472,-137.100875361852,-10.3655478358069,3.53646134436758,347.537661820112,57.1363810675539
36.0669453917453,120.822802210896,-88.5926318638813,-23.3652588729001,-7.47573029090563,4.17940410719439,428.230413011537,-13.4779791934779
-157.789522204941,81.450547800232,-23.3358807176337,-26.9797985455389,-1.84135470516048,7.85284577119455,1030.43636498581,-14.7618419770297
-32.4925238409924,56.5724414189317,-38.5458394462476,-119.92179952631,-1.90475737115776,5.58199795414475,392.697075345204,11.7113076180831
-55.8854924067564,33.8070244377595,-35.4159275760758,-73.6081891966751,-1.58793225772388,3.93139518550015,349.866463934886,19.8563813170258
99.3280774588784,86.260574294618,-101.801593679585,-114.513967402236,-4.90501611761647,5.98523366880181,175.350324408166,-77.1894868379895
-51.7270742392138,87.0174578084261,-48.6503668899386,-86.3650489006468,-5.86625350402028,5.63795852899784,269.491023264913,-2.08153892704286
-176.102624911284,107.889866123995,-25.639790525951,-78.2576825485412,5.57866109741735,7.31631630334232,541.542396618403,-19.0631289580379
25.4556307582097,101.69170896337,-60.3639764108266,-139.058753111254,-2.62091757465532,6.24599283074349,645.75640571276,-61.2660127937415
-126.752835673717,76.5748240893008,-11.6208951624249,-58.8032766676788,9.51798389749456,4.93565778291668,401.315680536715,-53.1757195377195
73.4489393215481,91.41258904807,-74.6882173654813,-101.696708128029,-6.94276795943733,5.8782500512898,151.670759198867,-26.3861094558961
33.3147341215845,100.08072772545,-67.2970341298314,-114.814313029259,-9.78102925684652,2.89776391186751,345.542760874901,-2.77918377927563
-70.6207796931994,144.65571751821,-31.5660889296996,-127.414149870856,-1.84216272401682,3.73084201919846,473.705610876319,11.272593332862
87.0445936808828,85.4037520932943,-74.7896699039848,-83.0950085528966,-7.13483282231027,3.50428532539809,118.420908280808,-27.6765935716576
-62.9784782237839,99.591729357664,-43.5764276893806,-121.388270873576,-1.57012143313477,3.67336563862045,321.163043983863,41.3874165237721
14.5748909824615,178.101473165974,-79.4236495984078,-289.764856514288,-8.24920508827199,8.73259850153408,344.063309761121,2.99538030225813
-170.215371877974,192.212745347853,-33.0391575152753,-168.53533542587,-12.1411491742037,3.76996118947864,824.443797907219,125.543003424813
-115.603905023476,123.283005310281,-32.7049574813864,-116.992509489617,-3.49646309202217,4.99277732064729,878.086884907854,1.96947377575634
-103.948943854877,146.876828697757,-42.3263465169875,-96.4027220331991,-7.95166663964483,5.5258905385781,532.594371769068,50.716956843753
-110.221632890491,86.4821365654911,-55.0804715578561,-70.2762142770953,2.39094865003426,6.23620653734906,-202.891082470211,49.3023824932607
-109.567809725679,93.9917464264436,-50.3755410709127,-118.123580611165,-8.16915605521353,5.45655214482395,408.429603429395,112.392654406212
-111.505791200914,280.353181200291,-50.7704529395414,-180.922854752731,-13.8690524839913,9.6395619699324,759.420801900094,16.4758168940098
-25.4616971755931,92.9927026065125,-57.5254344784116,-112.209212455309,-9.49936048584641,8.95622642929811,650.932982713486,-10.2805996690731
-170.332576524765,145.757986242614,-10.7735635597783,-148.188405693072,-14.2166156566818,6.98257593447488,-174.841351310708,181.355399646935
-376.603632282771,111.603424588597,13.5101096841126,-20.6627603724191,-4.01895909488121,5.36655002683983,1245.1367936176,215.140140602292
11.0643732447206,163.774631464505,-70.2909374102528,-156.691370437351,-2.99485983599152,5.77711242081568,485.538951278017,-94.7144389352179
-69.8977391259614,70.0464711710956,-54.3082111131807,-152.898299312539,-8.96766844631929,7.48198228439287,624.601624747957,76.4973250910953
57.4125839387198,146.816003888678,-80.4897609548643,-179.820573496028,-14.6216467294253,8.57234404046903,533.743446674183,-58.4264947697011
-156.969068435787,77.7314096353948,-45.3796982185449,-80.758743006445,0.881133264512755,9.44863835474825,841.783969372715,-48.5855123918154
-122.647303557198,118.49440035029,-29.2764816816052,-55.9797912124341,-1.82973099054652,1.18581664926023,627.24693617491,70.4731455125584
-27.6824906628317,143.078262147756,-34.8901143454714,-216.980045563019,-7.14506190564134,5.96990970833576,281.867444980977,33.6088871591637
-113.08406641004,121.506499515948,-50.3085002363514,-184.443807825097,-9.17956713196327,7.71479310021823,999.379139100696,22.6762958318141
-20.5456523523042,100.692937272041,-55.8015724604338,-115.559458479009,-11.2231995463226,0.990371256353683,-3.44547222020628,177.58877539097
-100.618158805315,110.137591682316,-20.1536758576985,-217.702786505775,-1.629971440183,6.20575870285393,1067.07255232894,-26.3583034484764
27.931528965597,132.302066408782,-66.9158246982115,-88.7688941491124,-9.4606914019314,7.68117034691386,77.3195041589806,-23.6086414419842
-52.0592294054804,70.6312405073986,-66.1804900033894,-117.61111622733,0.936407032823809,5.49939022674516,886.413891155476,-43.6609946634417
20.9098325067898,169.924153303567,-62.5255569105248,-89.9836141728738,-7.2619715820656,2.76076416001888,63.5438018369896,28.9673727779318
-31.9373510531495,145.053694397939,-60.2375109190907,-167.148353211043,-5.18276093127497,4.41015732573578,779.506409393522,-20.588666444004
3.43458617353463,145.919368905546,-44.0069825155852,-160.327845131804,-6.43111949518061,5.16447063554369,-70.7994753939056,13.6209694532226
8.57710150702769,156.156682551402,-61.6823685257259,-111.367995369015,-10.1616105454086,5.74806265287043,226.565074834903,28.9523885907111
10.4409569654708,75.6289423743874,-55.9963361492501,-59.0495495752511,-10.1501062791649,5.26084685439127,328.327494131901,23.0687313915296
-127.253544446467,81.1125755250905,-41.9167037080624,-62.2507313418027,5.57899876561714,4.14168697665446,851.475364727485,-17.507090756073
-53.2225324134342,93.7637727205802,-44.6026313609473,-58.4908016565314,8.60827519680606,2.42468905280111,324.508616529183,-82.7780272905438
-147.031844501224,133.439455374901,-31.5090637024405,-100.902332724945,-0.877155286925472,6.9323978212924,1030.97959337322,-76.829717240882
195.55229646177,64.8453159525816,-101.854644828942,-70.5581043333295,-10.6388471649698,7.43329189685755,-141.391161698688,-108.005853778872
-167.146818338879,27.1810438033135,-47.8589542722184,-138.254289819044,4.07196919139824,8.51388401628355,127.561177324031,59.4190631581296
-9.24154771301255,111.929673831025,-85.3818136328337,-85.0773331027885,-6.03091259097255,8.44036730722291,333.183605963204,-26.7823729007941
-130.266944029709,178.073532968876,-55.405534901307,-180.202222370543,-6.57131952412419,5.74451246770332,1103.01392504617,42.7919682351057
32.9780312680741,236.698609791536,-82.7733024152112,-233.36934316859,-14.3630627728762,8.27476351751829,197.103066817379,24.5795630183229
25.3084784704552,155.316279698163,-66.1325068978331,-226.438293479332,-9.07103918736539,5.38258569259051,504.076073813121,-13.325400842863
-127.506238467347,72.9802647407828,-57.4484768516559,-54.5978691241762,-3.68941688696896,8.13304184912067,537.051406930041,32.8660151715012
130.08819023773,93.8013310583483,-101.219744369067,-76.314732064784,-15.2037080388473,9.12078814449342,18.0771298367763,-85.761842084743
-246.041240358492,146.162928789054,-24.9654688105693,-155.554274265938,-8.5900577073553,8.89586601596238,1401.44244837441,76.3062562298437
-25.7084856107685,141.834390655989,-80.0103062852577,-74.3569247932028,-0.883542244759155,4.61982103181072,358.843653796386,-27.1431378980342
11.8259352833848,125.558441984263,-85.5363695102278,-135.121688863175,-1.63854389212793,8.5019703018188,582.336511258924,-75.0927107848402
-63.4465700551809,90.7763348440931,-23.5459845908044,-75.4778770235862,-1.88236519627026,2.66582087318966,50.1364290785568,39.0587520992267
-36.2546490212189,105.880382065436,-45.1445927274349,-102.760539171097,-10.8253438914835,9.33514172810828,552.072191498039,-31.5544550695049
-12.9048103957903,65.7644976677984,-33.8753768972329,-41.7308499954597,-6.01839443946665,3.94632430473575,552.448364514508,1.49679833484697
-5.00550552061759,73.3636208567332,-30.2150712586299,-131.670362261131,-7.74619552260083,3.09267422399716,277.741007966237,20.6378349944425
-45.1882877258759,91.2492002097861,-51.7959613527055,-49.9067837398761,2.43022858801123,4.8392889979441,99.3359092125611,-18.7040501035081
-84.8605419295345,65.949559734152,-30.2030674703783,-46.9714146992847,2.375586215162,6.25477158784634,669.498954511932,-52.0885176191223
-119.309159636294,54.2631399939128,-20.6467881039571,-55.9619913773786,-3.33599710764247,7.3892280034197,600.324670667714,9.6987030631135
-135.244939574208,85.5620125085698,-33.5908704597441,-83.2745428503367,-10.2574545247262,7.94325356707486,871.921522575987,75.4128656169632
-124.907839217165,91.4367656502145,-52.9823033104185,-58.805608495808,-6.01400446623666,8.87869646256149,1121.38720067241,-17.6017593094348
40.9132099372509,116.416901025848,-77.8438005549615,-122.405107350445,-10.8502741777775,5.40068092939509,429.371871653188,21.3480043356831
15.9459704179608,132.089646951892,-103.303823126,-158.10890709691,2.30281740715145,4.42017861052591,418.08799709123,-68.4131856771855
-217.085300793206,134.61523939058,-68.2263702509954,-50.760866450757,-2.87709475825977,7.53264816668161,1165.37566710214,44.2501031855936
-73.6187182469585,135.544108334521,-62.4405096230912,-115.603252603061,11.3569349749596,1.02890456526075,27.6795293392825,39.8515775219712
2.73667332693003,121.31586243269,-55.0362890689285,-79.2138207839089,-12.9898823361727,4.87904640080524,153.641675439256,53.8416317709562
47.5771908082243,50.6960701957069,-66.6537117756525,-10.5086447398389,-0.564889910048805,4.9998861073982,166.431664067859,-80.8162801513681
-45.0542298813816,162.976669483411,-42.937894414732,-195.512699369829,-16.7741313360166,6.59888051939197,620.488397048408,74.8933423910494
162.323327909762,165.179097116641,-116.187793833349,-205.640482396062,-12.592986642383,7.375327671587,789.881441641446,-149.288672596784
-64.4821986419774,146.313147451554,-45.3445283226374,-185.882827415422,-18.9492382477329,3.63653051444271,88.9846195609425,102.765191960214
-19.3600886592176,33.0007681594761,-58.6430351135641,-135.845034441139,4.81482605081692,5.31848024905048,557.584810152723,-58.6727763886738
285.053337215209,221.113973483116,-139.990509343406,-201.505959196453,-17.2114573515173,2.36409975860443,147.058001384522,-123.720785058758
20.4745684796217,179.39962273695,-80.027940005968,-158.231777296009,-10.6564400761272,3.65907636727934,568.297930250108,38.3706167864621
-174.289613489353,120.215342517215,-49.0488962169438,-40.2589212982421,6.37161377011216,7.13119685889978,1052.23930443156,-91.3365677432348
-23.4177587188606,119.706974247922,-55.2424782704911,-107.907679946278,-8.00140817875217,4.62479289805106,503.699944111373,-10.4584433817072
70.3156697055583,78.3753716144056,-75.9113637174535,-99.1782813418831,-19.2726082799345,7.7318279328174,835.393555742674,-30.1292818328657
75.8594644820259,24.1962152613851,-90.8368445659507,-136.764962922214,-8.77366434369469,7.32536516054824,546.038238685054,-26.7067556997936
-21.1319024371987,190.591065582164,-78.3584070309007,-184.710839251209,0.404596951906569,3.67526495063794,624.802031692059,-62.2941461156734
-122.51492871216,174.994469754536,-56.836226150439,-190.377184915704,-1.37723801929678,7.72505573611124,83.9749665305353,44.9897707818827
2.08516025853169,174.691310261896,-76.4497008645849,-119.632602643912,-10.4638842016575,5.90539822580467,331.307842532362,4.32244232597441
28.1990061887554,100.453128973682,-85.5395430198478,-165.176789828169,-12.1807239223344,3.1785499145044,62.6276011134978,101.157704767116
59.2402727845183,70.4381245858749,-62.0545858450641,-112.980895090332,-1.28318963253014,6.71380296648567,103.868546562799,-101.840933822241
-161.033849055486,207.363986505739,-64.4225493659033,-112.266376432439,-0.858008889717894,0.777693825395545,686.709356966062,128.860540153095
-202.109281706194,44.4881365528854,-48.3109105963522,-66.5221041062468,4.96242457756307,8.73736310709501,947.586669577053,3.40783359276247
-117.689853578268,85.5697846249095,-55.3553320791907,-141.570191249426,-1.57079047146544,4.99559965955268,1004.92656524319,16.3152808284831
-119.402704071414,168.793350144202,-46.1622274701367,-158.029034794221,-9.17146175992093,6.79803157479182,378.987762410427,106.352770506928
30.8068365615236,96.8820006515598,-79.106230717327,-47.7630987126613,-9.98395445103597,7.70637818530668,239.696934399646,-8.49914171919954
-48.2089190856641,118.215974634018,-80.3202458909218,-37.3983098775498,2.77191896078148,-0.245257968286751,104.404584429471,37.4292004565468
-68.013603785701,134.189246654933,-81.459746020988,-88.0802336528286,2.22337771336606,7.7032248471296,838.313861863864,-64.1433163812471
-11.019111200505,70.5905503755312,-53.8152084497851,-148.42070846133,3.72973132721563,3.17458110874213,302.997274771449,-10.3094192094286
-233.380516436315,145.206157272216,2.83089475631277,-204.441763637415,-7.02481533418177,4.52136471392441,1030.3617826242,136.99164695268
-200.276873430092,69.0490661254207,-15.7751891396547,-40.5880695619053,0.795977428133483,6.73462060677412,806.665434336115,78.980844409467
-38.1925851255728,171.65933292413,-80.9616250139588,-215.379500034716,0.716660773232434,6.08705448676483,707.540789548861,-80.6488205776404
-32.5210100638651,75.677447043201,-72.3115717860983,-171.02837005716,-5.74864470453394,7.45280787449883,-292.470733626229,84.5198851905116
-71.8649802395958,82.849295162614,-62.0944027349615,-20.7736388210069,1.91645166546368,3.74223855166929,623.710304622029,6.24794789145017
29.5540109206268,161.6309447971,-103.813405431021,-139.364333102145,-10.2414573615861,3.15487314581515,171.001429721626,68.0148914798483
115.573620856485,130.370606351804,-92.0054949420446,-167.437880977028,-12.7671113940451,6.45754044826026,117.955184777547,-94.0195760485367
79.4620382384455,148.880737679574,-108.000003156878,-130.850666738523,-12.3885447623816,5.59854713580489,173.328591477475,6.66685769474134
10.4304358610243,125.277022549271,-73.6156633915962,-89.0755291918613,-18.633347624098,7.80713486013701,381.215392573788,61.7481565663184
-187.176368030254,85.8478246490704,-36.5264739959057,1.16448873744594,5.04661258002307,6.49172044305305,851.744633612849,-29.6944198494261
31.4825788385642,76.1082237212831,-53.3508770419703,-118.602200098743,-5.69280491465179,4.04307808159501,-366.141118394386,74.0179080216039
-26.3971470915712,152.788530347541,-47.0556496629838,-96.0065120121872,-11.5354470035672,3.57308330344677,6.17332931589044,47.1086203696632
-182.022054735949,88.8731205504082,-45.691070555491,-39.2702093005064,-5.29681899238608,9.31432680838043,697.541694358428,78.2164736404993
-88.5493933779362,130.645854397721,-36.050038064699,-116.069269176276,-5.10474886362499,3.9024119013433,1020.50473133878,-12.9733108860792
-16.9257389852573,109.91246497519,-55.6350326353204,-88.6158938464768,0.98579749520286,5.65254920676671,623.546768858403,-58.9021493118489
-2.35763810873323,118.914644869819,-48.9402701774052,-102.797776750434,-1.48314448735618,4.78617969935294,179.923111438809,-12.3810825637338
-100.723252225031,106.230669221943,-17.6502883600415,-113.119647962187,-10.8322136011484,7.42533831529181,306.448476908488,90.6183349805942
-38.3954969991464,106.270131259749,-60.4644886949172,-131.544254578388,-5.6024813929107,4.87974260067858,324.129114263604,-3.73321313914494
-164.872167591122,96.2433759901542,-16.1473264655779,-113.520683464718,-1.19041006961197,4.93580091593685,521.564407159512,70.1620573154942
-19.4375991720735,126.458656415765,-41.5335619015823,-123.795686877387,-0.426119001960615,2.34310897442629,137.644873875135,3.28665372286923
-139.427089937104,74.7756150600471,-16.769820762478,-122.453525785764,-1.07109362900155,3.8915445820021,267.827348096158,90.9983375289157
-24.055324544941,122.158582480893,-43.5497687676398,-150.736668309561,-2.98852451934363,4.24411452078493,482.999375026629,21.3799148148828
-86.0487378379185,40.1790857033629,-20.5413326093076,-33.7347800723364,-3.1844502534077,3.14072426213534,337.660384076589,61.3891760208062
-92.8913872851699,25.1103018981939,-10.4479224216921,-18.7603200523736,-1.56680476739712,4.40745733320364,6.93569806926098,57.3366929085605
51.7392199869355,74.8140716632743,-46.2703938098348,-74.1919996428769,-5.19055447060964,3.36403624367085,139.762177914672,-21.245825830214
29.70800056812,62.3813405764377,-40.3046193658083,-34.8487334997189,-4.22108023293549,2.01349014646257,338.863273833849,-35.0689726283745
-27.0724522402743,41.0271636045727,-18.2975190816924,-40.4162757427548,-4.02983217071414,4.5157029261718,126.421583924559,16.4538393677358
33.8667117781442,63.6946000099924,-55.2114315304789,-50.086564421792,-3.75741977253347,5.0081837050966,465.865778774627,-61.6145237642195
-59.7259304026666,107.009499649495,-29.3281651807592,-137.486244422613,-1.42645051701402,5.69106134377944,12.6879092510862,15.3755079448747
13.5323543984268,74.8471161741181,-50.7685670999963,-134.854148557599,-6.59223886975087,4.60733969691501,418.79785359386,17.6254371476243
-16.2996124308665,75.2841538903449,-44.6424263713707,-75.840191316398,-9.5805890213669,6.99776767701405,594.896952626965,1.39933658242808
-83.7458559229417,151.593003502334,-59.141188249454,-128.484650795726,1.55015315287164,5.62967567950545,525.920590544993,5.42492582104751
-100.954672142048,155.254355376819,-35.4342122264497,-122.038105627085,-2.29108835064471,5.88885320903501,486.158455164448,15.1194608587684
-97.4318402811477,133.222423481231,-57.0336491749913,19.377195906447,1.71749978835578,7.45463914136053,668.867307815982,3.76241649403528
34.3944120654705,100.063718344777,-79.5252329873601,-110.067460008882,4.03809658488626,2.36105618885631,272.859470962168,-59.3678598435363
31.7529798825781,103.9716392681,-69.153403255812,-177.542762083068,-3.86102544968639,8.64043679184397,607.626268362306,-68.2034809175238
-93.5352430957155,150.480304185927,-41.8510146118206,-119.165300969093,-4.48888387883198,4.90422530873172,1054.80338793437,-5.89362444122708
-17.2442156875113,171.234980276633,-76.9460333931929,-211.974457457254,-11.0799327417481,8.12832271892694,448.853336447675,20.9263898001373
87.2359312941844,134.286260231005,-85.063030824138,-130.439416556779,-11.8393957338703,5.1880887815496,718.367981681484,-76.9553707774176
-2.69662622673059,60.2407058507379,-56.3693636023236,-112.117776676405,-1.50939271076641,9.50027791131288,425.425951894213,-73.7325986477626
12.5201340157801,87.206310922702,-53.2037559191958,-122.617933933434,-11.943569830767,5.70989364470006,332.141981324872,6.23296017663961
-40.7194643943076,59.0628110017424,-51.7703990502778,-59.417893535021,-5.10638570602168,7.18315479089506,378.733409918641,10.4937352428969
1.64832678742823,-13.1639425264802,-71.8564867107198,-81.0782479683621,-9.09323365677847,11.1277297629276,399.084288718986,29.9537224721134
-7.96963913889704,152.84136447072,-53.1801209099431,-126.558063626748,-13.250558290878,3.97585892051211,715.38424644011,42.6653782931826
-148.195966361338,94.6717277682328,-36.0301422035263,-74.2143899917428,0.814430195605382,1.56733890477335,763.758048820368,104.878455213169
-233.619549983967,289.609863436883,-18.0255460186745,-202.228886644058,-17.7804515457392,5.25919583837094,450.866329614175,212.732523633968
-37.9402149903835,149.454427760429,-63.4346938672243,-116.231643670981,-14.6141001855722,6.42320138556533,785.840892962675,-5.17299433288281
-11.6794451729656,149.866514018433,-57.0341348848742,-147.824219991482,-2.78661212151201,5.80938462581253,502.482615305184,-23.7896404246712
130.006504405872,104.395036624923,-114.76808353496,-75.2666618106887,-17.2141878651996,6.99659555415019,100.166483462541,20.527917309475
-48.9938479763805,108.663932557203,-64.0172848298098,-78.7672167903947,-3.11333126741738,8.31477127364269,480.548883731084,10.7154154780947
-13.2459506898449,82.5461526505314,-58.7756408662535,-12.9966227825862,-8.87945665232746,5.63733795793814,374.379207476348,11.6406986784613
34.432750941065,51.1197094287054,-67.2214509435289,-114.545857419813,-4.60479337077959,6.42808713550767,302.136920537072,-14.1762104349109
30.3922535862694,193.319789929919,-82.5274635469614,-107.968162521785,-7.06634383529672,6.02898491252563,514.500816670625,-78.9338590963889
98.6096890486951,53.1781778592322,-80.8731168671511,-73.928891010597,-4.95753477714607,4.64494203343202,-16.631212816239,-41.7503402882703
-6.54694054273932,99.6721312472364,-38.2915924146655,-112.282255768092,-7.92154626376578,3.87767267795243,212.215629451573,49.5311715196376
126.134932053195,109.110074015131,-97.9764917458233,-128.126587405379,4.34020026493818,0.404492700802166,-416.906048836303,-71.7506716421267
7.71696874473128,98.2915679533908,-61.4460567974747,-102.624028286922,-0.471949827544449,3.62979324505432,473.367568308866,-8.91456064020167
-91.2415885326845,97.0993965601592,-29.7604427841288,-159.662752843997,-6.3559492211707,5.58096368395491,771.651861941762,40.8635792293571
27.9095076931408,135.091749533436,-86.099007589044,-94.0185871196882,-10.214665129999,9.31659331194533,156.616449493988,5.83841845113056
68.9011615232303,172.777444617022,-63.8493768518092,-190.459224492632,-13.6553717665338,5.48485464634723,278.71092138841,-17.6539244339801
-55.3100055536488,77.2018015139911,-41.2825731636258,6.60658526325642,-5.53496251848992,5.97174037664809,779.772622227356,-18.2625714805909
-76.069726216454,186.398920300984,-52.5893596066162,-172.301265614718,-6.28316013392759,4.0065255992813,692.568721712387,32.6274858187717
16.6773191518805,121.784684699029,-61.7081435162545,-120.651761696055,-6.05120754550444,4.91544663160948,628.519094790034,-28.2360374136188
-23.8245025109209,119.451949666,-44.7737124907435,-100.096627718027,-3.73496640720987,4.32309294578954,360.111823890484,-14.9252881453667
-69.8611341002761,139.271025868569,-42.2342864669845,-112.313531210332,-4.25742760358844,4.6920885763102,1002.49247606174,-49.0603998586375
34.8851916405474,91.0226885289012,-51.8458482984624,-137.051526781783,-9.36372204331565,5.07862323490554,279.84651057201,26.6168834483105
-53.3650819902396,74.380538111227,-37.7945393420814,-29.1483736829832,0.0155374106252566,2.86239249889331,620.620762675855,5.58531728514663
-73.0824515479617,188.729829144344,-50.6570822428039,-157.876280872057,-5.19055185798788,5.23124165757326,509.681412163754,-9.70912940133712
-9.04320276525686,142.432711464964,-70.8751298449642,-83.7634151760431,-9.47759897563083,6.89722236673151,219.271149389577,11.0026111106308
-105.579525933543,106.932357028998,-36.7689651442779,-158.946255025774,-5.01121042548539,7.75875508433819,1137.6093159247,2.37074859454515
-35.0545116993671,35.3292935000391,-37.8952972410552,-89.1432917253987,2.18248023564229,4.60763826739276,219.411463213968,-6.75395585686329
-77.1326545078336,99.5150662432716,-23.475329880981,-111.878773112243,-3.65106542487047,4.99343535104708,213.986846488144,32.0771822008974
-1.48312030817033,107.157587218098,-59.696924990596,-67.7071069951926,-16.5142647262037,8.04652270008228,557.564627133979,22.7622760567756
-64.8552889129496,42.1314571735857,-23.9962366357431,-110.943545816001,-16.1395325383055,8.64054461107298,569.424993767923,50.9896555269006
-75.8433342211792,153.107018704788,-42.7592896233837,-53.5302641729359,-6.88486894960806,5.85546267195605,348.01044234346,15.2738826309142
-129.950664205186,60.6663834868377,-52.6585114345653,-101.016487532564,2.59710922715021,7.75879440675999,631.280476866566,-80.3025931266693
150.258052936508,166.051855604892,-115.567606116063,-294.033629948099,-18.5269275680184,4.96971525749541,141.254584046634,-21.7227748737059
34.7920171686274,157.588797834338,-88.9922783632574,-158.158024208969,-14.9537022357508,9.22737973839685,315.025697183766,33.2623688177264
197.964616205747,122.590637993075,-121.806203924185,-73.3757563739346,-8.26076783166263,3.42759451986058,246.666681105851,-108.471267341243
183.818317622987,104.379167723368,-125.87667869401,-113.089259722758,-8.42841306377341,2.19574837167602,562.581104078195,-97.5915775072863
-54.8059226272162,267.648497036324,-65.4932219637776,-192.94816863483,-13.9409505225922,3.44023520100745,45.2922505647875,115.862769747429
39.5452322804574,111.008555202614,-64.7559582256436,-185.926082091357,-2.04670225662994,4.30557255689928,197.255664212804,-86.6977864020155
59.3723045978077,112.8020409522,-57.9130155991297,-32.0206163022012,-3.49549381967518,2.09505396529858,239.611276173659,-81.0622904570482
-13.5334688827934,58.6163360715,-53.3884001697879,-116.558519411959,-2.88523670323775,6.73764144390589,66.3375693502021,22.3201957046113
-99.2598530029281,97.7211897836823,-35.3358424197359,-36.0466737631104,-3.6596675176188,8.21896151258261,869.144138122676,-25.9908563998033
-31.5414076838897,119.444959084729,-50.1168253167998,-163.642620489438,-3.42923311630148,5.44369458970323,395.976074351231,8.54817654055478
119.561519670548,160.010604826937,-97.1319032210886,-123.346313289003,-10.984481839143,3.72699310583994,512.322409101937,-82.9425905525759
-88.3514868760467,151.133762010693,-57.9968671019305,-94.6615713668871,3.69306260754456,1.63846544244734,393.655222088957,29.4714535869971
-252.673775959527,101.868123995566,-43.3887642940608,-125.885208287174,-4.98618694243487,11.8372920701659,1301.52881621057,42.5465773988981
-71.8295276629069,22.0737675905111,-71.6082427904075,-153.937513921235,-0.252787792327581,2.50420437987486,342.392249036697,109.975459097317
-8.80984866547806,75.8011654393049,-68.2273678614438,-101.108052486583,-4.66222079415456,5.4140538937645,827.750521420428,-24.4274689644517
-87.2712190278398,72.9422285489272,-67.5156409815245,-62.5073192516284,5.83350440350478,8.08778506594172,687.563887983786,-61.130371568488
-51.8236877325689,75.9857430428674,-65.6747832519277,-5.11181102620321,-11.7046967765491,5.53529796400107,423.024949950399,68.5245863087912
-64.4970236668814,103.207475961826,-36.63902215485,-176.241779654841,-13.3972283184121,6.47326864871138,602.709165646442,76.7357977279462
55.4332514291891,146.703959326816,-71.0705258782837,-188.934065161198,-13.9321367654775,5.37309487508901,236.555931961106,32.7212574653022
-143.02547668339,127.460948832158,-36.1904367913376,-157.521700199861,-8.7018355060718,12.1269148845677,1048.04999269242,-40.7953410213704
-166.030466288561,272.859506738721,-71.7266236892174,-210.610678935351,-0.736450943964883,8.96104026949615,867.808552338756,-25.5698748954019
-78.5060123021685,85.0350210814358,-28.3537041422387,-81.9959154965036,2.85733372879622,6.42457946899958,141.673573827618,-22.2377987109649
72.0992704308446,165.147020283548,-88.0268028980863,-204.568157221431,-14.7952858619428,7.66276844100867,847.510701739579,-27.5586830000539
50.9036402767451,134.108470351784,-80.4689941487159,-183.144714575552,-0.602578502162942,4.38332581382565,364.471554202071,-80.8615326057043
-59.1209822668316,168.866989152441,-58.8926859693893,-160.705634079859,-4.83019514761691,4.35669505807164,355.945276599889,17.8755809005725
-172.094586484054,36.3895706551266,-42.6070535157196,-16.3249104419374,2.05861435420229,5.96032883980661,833.555220078997,60.2197971066053
-103.951051845438,54.5253986104217,-37.6719529382426,-45.2489850751299,-4.80770762595057,6.75231394198636,672.400030079545,5.80100193544786
-7.67988539778889,84.17405411447,-57.5011751924021,-166.952134873398,-11.7402699269769,6.66116292004517,714.402541267802,30.2420988776466
-24.2731979260643,115.081635747134,-74.7217774326418,-82.6555628674323,5.15794066658418,9.18109851972258,929.737749488006,-129.705780975171
-7.46899377053342,151.36271618705,-47.445281998167,-130.440724265945,-13.9009959799296,8.27956176218868,108.787087169796,60.1391208655987
92.0328317082603,224.19449373259,-105.104710415733,-165.534064117946,-14.05363446095,4.34267957027805,661.160716204802,-38.0871033404537
-112.972967206792,147.50533490369,-55.3433169000054,-179.485774424931,-10.796334690589,7.81099322689988,859.237785821781,61.0781670075521
-81.9979694993599,117.943170948507,-59.8390902965621,-230.750000391752,11.9001476900448,3.270864734528,267.006000306396,-2.24491186788146
-139.822598614235,85.0834652041344,-17.6924461244853,-129.342249230609,-2.17605365782219,5.96109822628932,520.784823761009,71.8096488711672
-126.793149642879,56.8873996663897,-33.0985169486376,-73.4705542953307,0.130832223925609,8.73186689778231,629.741394188328,12.9713003937504
11.8776853217132,133.376587872859,-50.933980837799,-293.832830044776,-8.1934156868374,5.81370634149062,327.900227042934,-5.18452325479302
-158.561482667836,137.304636619505,-49.6913665692555,-91.9482222531587,5.39966507267673,7.40225864124659,1097.24881807134,-2.47373470873572
-76.2030268132003,45.6996174716915,-56.481225531792,-57.3332319421752,-4.84201194133493,5.33759679376089,541.943610106886,-4.89707995610661
-138.222087586502,111.599833925534,-22.745036669774,-94.0568066382402,-1.02744041950791,3.1747121263179,266.848410832245,76.5194064312018
-73.480949605073,76.3551613673917,-51.347235531488,-50.5056441157431,-7.94785059752758,4.33517974089773,677.523517612979,21.343099051348
58.9489859525347,113.248557628176,-88.4580973106004,-126.28672246731,-4.84840710562275,4.17743564357806,631.851592672159,-51.1338612075342
190.318054650386,32.1539868884774,-113.098855145683,-105.864560145448,1.15478804643499,5.57694051396902,-260.973829466762,-109.480053926396
-88.4982583201781,51.8755143106318,-65.0711318909307,-74.4718510411622,2.24207824107725,5.94193732114036,595.481977091404,16.0281979093415
-212.265755373941,142.489943362772,-27.1178331861593,-111.960648315813,5.52076795240282,3.07593141836696,828.908829858752,38.1334223899321
35.4005619880918,127.316719745111,-73.7541485069232,-146.161499384943,-11.5287223824198,6.47408750631439,646.100075639755,38.9182317071245
13.7596060178039,120.073721406763,-40.5335827202071,-170.962254326889,-10.649999579673,7.41652402730142,117.189613898197,-1.62570285893162
-84.7439071579283,66.3210803516995,-23.0848458702676,-34.0178188417267,-2.22177304807701,6.89236382668969,613.707030662874,1.70343675401091
6.13347861319198,65.3518857722229,-31.8333124952551,-44.60241027757,-1.5219072556938,-0.657478271459695,-149.419855083108,12.6815803647041
-22.5170761017871,68.3639635342079,-32.079322365913,-112.251642747578,-4.34714232882834,5.95004303636961,336.901528733884,-22.9644953063162
81.6837827702984,55.3746912948554,-71.7807553430757,-106.740014671217,-2.67469368503953,5.66688316452201,577.589309416871,-108.436820553143
-141.617221002081,68.9453664058674,-46.9905572424177,-88.2597409256923,-8.56011758767272,8.22110671522387,898.813058570347,36.3119229016738
-105.17162892544,47.4511293741671,-32.7301305374276,-127.421201839345,-8.24102862170912,8.30461981685221,346.715316727481,40.5366356591112
-40.5415141945414,31.1166272993214,-56.6880269282556,-33.8692344861956,-2.4783378921129,7.12729246733943,115.35986729787,33.0977640680649
-156.659034496126,131.580432468858,-32.4335838030383,-135.197632867825,1.81328555764048,8.2750990826753,1142.29626664995,-68.7405945092978
-15.5705797763076,144.876509789683,-54.4562275068893,-86.4835377376876,-6.19726147883921,3.86166302657512,458.617953261062,-22.7474768553429
-176.420100501826,86.7955404938548,-37.1409242721784,-59.8087024135602,7.32234276173403,4.98227341410529,714.800653243095,21.5332377095256
-182.681254102252,71.0292488160267,-15.2522769328934,-35.3683334088128,-1.87234790151706,3.36586823579273,399.359671443293,112.909284726687
-39.0886399523806,115.891030648461,-26.1024058789189,-126.648699237718,-4.20698595407885,2.52753898578521,-115.357762910455,74.4600402851429
-69.080710802009,105.628931453101,-48.5516994145582,-57.3371822394693,-2.71792754450871,4.12339042393432,720.769950123937,9.1941004037144
-200.81570026237,100.92124049156,-3.41632587235654,-95.2558103350057,1.59012581455318,6.95376256242162,986.101288499631,41.3335823020752
-100.880980389218,89.183636092188,-37.6783794367948,-161.085454113389,-10.0689600436599,8.9239749572298,292.901648672589,65.2994171577593
-3.38133893498889,96.5198496017983,-71.2421809581647,-100.712968208391,-9.32854457697249,9.16336553241126,661.112177761202,-39.6365722043265
17.1379118781988,112.317681671273,-88.3371068950873,-93.8837770190148,-12.848079730742,9.68638235700564,557.193184505726,-35.0630860822421
-119.147736824388,119.602450666483,-46.131033094498,-153.603583538043,-14.6204053487925,9.57046760116532,871.306209749815,25.1206326342653
-68.8786536468133,156.274739886809,-31.6027664672874,-106.529794503687,-10.0642760256669,4.94210865049718,186.517441770404,62.3176109270862
-15.5097947557224,137.692689981253,-81.0920704091677,-34.8179388912395,-1.70946968202043,4.62085113770445,605.667799112478,-49.5461678285355
-139.492137538618,165.597575288848,-24.925982479981,-163.745351629143,5.10548647567339,1.93954619047508,490.758865959418,9.88538268963748
-16.7683538074489,89.0750510253438,-52.7870827682491,-58.1014905264601,-10.4604551350349,7.85337354268995,282.911483803138,16.056968656947
-5.94273704423699,49.7865955518755,-49.8492239881307,-56.1940058320342,2.44713023418444,2.01673347531323,107.942203484105,12.6372488659254
9.68940672195458,107.520970201731,-70.4481639664921,-102.791521271254,-16.0182496876223,6.31670364568708,855.189917078242,-44.3562173530081
-131.645473241033,48.6882874860457,-34.6521183703117,-23.9466527267359,-3.44254474205081,8.12523631576187,883.265544330381,-17.9611272093316
-13.8921028551049,42.9676111344015,-50.2735270838966,-45.9896009900622,-2.32130949466227,5.48198232329014,467.999580760486,-68.6498503713083
142.124319600774,112.097719365498,-108.473929648855,-90.2598679848743,-7.25128816072538,6.80766586369646,486.719507119007,-79.5178470450774
-73.0079464834998,92.0881655968115,-40.8412589695945,-151.508891037985,-4.53639489455963,6.74766400935255,1172.68976803364,-11.0377497834561
-55.6364358213468,123.772616848291,-32.0635684067965,-187.054888421444,-7.02467721969879,5.89044906874187,381.525810532227,32.1063629630135
-119.072072840376,91.0847973580239,-31.8208680144744,-82.1924790244811,-5.92167037800391,6.09696033840009,1058.16965724836,33.2972248161423
-19.6504728123873,79.7875854031718,-45.2856743903758,-125.699546223077,-5.3361202623928,5.72238805628149,-135.917605028721,56.4093964679487
-91.2200192860837,27.6931688624027,-26.4004221486393,-29.1019509762045,-2.9444381610665,5.79988861180027,399.362391308492,-8.97225857719604
-147.697839199899,107.487563615476,-23.0394807791454,-94.6632251946139,5.33348336518975,6.53817832938512,529.657369158595,-56.1101124237757
-34.242728774112,127.312717138469,-54.7164295428265,-126.067972800847,-8.21070202556439,8.34643223951571,-20.0908323019521,-27.6791874860246
46.8872031411156,109.702112234663,-67.9893185403489,-109.417585072923,10.3396032167147,4.32447222172777,187.622085631295,-99.1801372778427
-36.373295407805,154.528317700642,-64.8502464205922,-67.1249150499352,0.397550847515959,5.37686566849879,317.226467879009,-61.2904192318674
-148.348079447504,80.729218238499,-19.2109954875486,-43.0940671677236,-1.66546869803278,5.62811523771961,601.896338321083,-6.1789319708696
-156.064574955853,29.6871985179459,-26.2077673243766,-28.8598551087161,4.51498815788364,5.66113976356064,149.823201735771,-5.62741717664176
-20.4840795624186,69.189809805328,-53.519849778786,-97.4029710984614,4.48646497076697,7.92818514603277,502.199937952595,-102.954404933866
-156.290538056404,95.7106493892206,-19.6323132255784,-103.791748092255,0.527878681172297,2.04763175710104,610.432774544475,29.1678189293889
-163.206348682252,45.4020107724537,-20.9468712016824,-5.76067179232268,1.24142711584864,4.36184639588282,294.188851506223,8.59448459667328
44.8517706062412,142.921502308673,-62.4717642763881,-147.641516239713,-4.98508651489101,0.0484954679268412,-152.037145282578,-7.6688150355476
-170.331147794423,70.9249331522869,-25.53662087462,-127.998391169705,11.6373843364563,7.64897982446564,107.363983519885,-103.165629303199
-60.2986588953063,145.283240508827,-20.7569306717487,-198.102982685159,6.56950796651654,2.85289991135141,315.630270325419,-128.113547047986
-237.429877549948,53.9177807423112,1.98473127545731,-50.194529190856,6.68896816312918,1.94938494963571,642.535219715035,27.082932226971
-154.519874774527,102.749759476268,-7.62104391879984,-119.248328915715,8.50046894794832,7.11051161286014,1059.44422812597,-26.7669868162193
-84.9818783103328,78.5005638535513,-62.3739399013866,-25.3146075289878,16.1918009317378,3.37366085874964,184.39744242208,-126.184037519946
-29.5839730119624,58.6938624174663,-43.2805920653554,-73.0663115054776,-7.01030355687544,3.85974004515447,401.458131707514,-34.11547604113
100.388554709913,71.9088946802221,-36.9404845074496,-85.0838865334372,2.05955413627817,1.60365188616197,189.728857023671,-7.9414103889103
71.9700737229723,68.2075489896924,-25.7874575428079,-34.2590911579318,2.30155189865764,5.77678974391893,546.132206962662,-44.3694418649884
-338.640493374347,67.2310308671586,-28.9714368047498,-35.3550658938038,7.94790533436753,5.53664674526954,21.9027447240951,-44.5595592070604
-178.547462066788,77.2726976590493,-42.4653278859332,-141.209115657053,6.87847704383603,2.32504800688184,457.338535285748,-57.7713248650198
-130.57311142073,34.5123876855068,-47.702916380993,-25.3003402209724,6.50508426073611,5.08218860169291,1069.76340415586,-100.324255612912
43.5932204652836,181.717766754286,-112.213134390229,-171.122028748228,5.74355795084557,5.67995029395388,835.997471179377,-172.567138115686
-176.172301740793,76.1258290485875,-33.5488244264561,-122.425521767778,11.9465715927799,1.63995079952292,270.984892793058,3.527970340303
45.3482892358734,175.43282410808,-55.6825146162009,-34.1581426347329,-7.04577043663448,5.09930881945184,398.753286239691,-7.21831227169605
42.099794916212,110.542274718551,-112.449459682843,-131.768472700627,-18.1789629791747,9.281172540228,326.527269217913,-37.926137665956
-81.3145362573632,99.8684282684408,-81.1372113822144,-53.1790235202934,11.5684908472322,4.97091742357588,-209.156135099176,-60.3294187169122
232.997173182892,150.227769964971,-61.9830107457383,-186.550870783583,3.73448145206203,0.893539287692874,280.89150672259,-104.780611515896
-303.145669359268,120.082918808926,-49.7052882736461,-154.695278617466,2.78953934948368,3.8757908669395,724.82406601269,-44.1575718214808
-188.272730243014,136.31966589464,-62.3212848979856,-120.403350252076,19.5419693097501,3.22573156654835,556.488572718255,-130.627867656091
-375.244039612386,99.1358998345477,-3.30487129847461,-164.608728540645,0.267083976184949,3.72593170453183,568.976063289389,5.5182638005499
-204.059573401109,116.542920775973,-58.6756265061558,-61.4362179284508,2.44762232387438,4.0482682386646,1179.68225835341,11.6836661631169
-121.735791916828,110.322701428588,-32.6371684285987,-85.3062561053084,-4.70302365755197,3.97851359212291,-421.067722723305,72.8848556742396
-95.5999007602222,17.7588747441696,-16.0529293418876,-72.7882622382604,4.63938748257351,4.5004627447197,563.157411453405,-5.42798609280726
-47.4898373453179,118.52631915878,-57.0579249549755,-139.371731554114,14.5734019227093,1.94581277847465,-629.628095892724,-57.8501835834031
-250.486000685691,99.9958759711299,-56.6545910334462,-166.616060894376,6.79509127313213,8.23961324778793,875.671441649194,36.5685029828237
-28.2410333350854,57.3512388669187,-42.9751443958667,28.9922423814132,7.25973520237312,8.48242025581931,290.771644064633,-57.3213681753259
-480.518513443996,58.2794463846076,-19.8594551104761,-91.886777629581,15.8366128968919,3.65394061547704,54.6974556102941,106.790545373808
79.4056348496379,90.8174208056398,-45.3475109637584,-111.918083476077,17.9562798199549,1.96969643596094,-114.025728765627,-195.48388654615
-256.562467611671,15.3685798419174,-33.8407880736631,-102.890231143901,14.3838962762238,3.35261297281249,463.057173369511,-243.429333676097
-69.9581315097748,83.5535828176507,-70.7358925235967,-113.45196459115,17.6735247237375,3.13637937122257,498.75412489404,-140.590299233481
110.224920600733,179.792295080211,-72.0011415627814,-193.996343307466,16.9309186180071,4.94863000651821,561.929898497256,-177.049504809249
31.7877467279759,121.809362468208,-113.001533508301,-67.4191543606721,-9.97927799426543,6.17335724455188,683.392470789121,-68.8877931006064
53.558198121289,150.580655875845,-53.1671146845474,-151.795950991218,-5.80698372567713,6.82207220734563,445.875329350529,-80.1083410473948
-151.001761188782,71.3657992597582,-31.8619174813953,-26.9230197921461,-0.861974977218779,3.09934313912527,1452.26136608388,4.76010805070109
52.9930449712483,86.1852733674459,-118.490236186713,-34.0976533850207,-17.3406090519056,13.2943691440669,965.944474395714,-56.955573396408
-67.3715993158476,90.4473986455559,-36.7110790754232,-25.016113926773,6.92439917798038,1.5035034319103,444.152381250999,-49.1771937225421
-26.572620519044,63.628745245951,-52.5473518868093,-123.22552933963,3.07073067668534,3.86584980092084,164.097121828439,-8.87534558700281
-53.9843921407573,166.515316335084,-58.1987926800939,-194.745626587894,0.883767429295403,3.66757112730193,506.86881701024,-27.9509014643481
-174.050109181244,117.865016130196,-52.2715775974502,-160.275873732098,-0.370882519750921,2.14107494711061,625.97810139797,73.0248431284199
-44.7837640798971,82.518235798987,-60.7542435187788,-79.7607098916342,4.35977094941848,4.23523255060354,209.003681828435,7.66069887151389
-222.845911326047,94.2808642120362,-20.0127851808211,-129.989516224075,-3.84195033180731,8.39736843283754,670.496803750615,105.103914471343
-1.49411452852655,65.8239345944021,-58.5640990265238,-151.602401312848,7.46307703596176,1.04282715850422,138.166309939785,-34.7010428295198
-5.86197978461132,99.474312532252,-26.1800776397286,-93.9240173704711,2.69794200130855,1.06325017471681,-272.780830838572,78.2913939790014
-137.521161441575,168.586349336052,-51.1527719385776,-131.26872901447,5.30021000646957,5.13160206226166,583.141219931873,-64.0459967370844
-226.73097751358,142.287889393046,-20.4023368521302,-191.282492641505,-8.45243719875725,4.71641735170851,192.827741598798,88.7715315398091
-173.679898320901,22.1755214281147,-42.2310077011571,-61.1218945318833,-0.667700584635895,4.89155541970104,5.22489412207506,-53.3883608602118
-5.22731613073483,115.188682135165,-41.9745254571753,-233.927534418704,-12.2822876706341,4.58198167484079,543.561846573633,-45.3402982969837
-177.41703653321,103.010844348392,-40.7237679075479,-87.6546039391142,-10.4804512529226,5.64871830535049,414.651948959698,65.7588414271158
-91.1282915847987,16.9147265454158,-71.3781480720063,-76.4494461626819,1.65124002353696,1.81803215815307,-278.284612983807,-7.91174606697314
-448.278420653463,8.44786995501272,-70.9629741203739,-194.527714750478,35.3867213773192,-0.889379262764123,1043.93531339412,-210.029527417202
-101.817386195733,158.608189061059,-43.4195404565107,-156.505243816344,0.593223060881428,4.4312253020471,488.235011026845,77.4483732029767
-69.179993954509,46.9597641759246,-56.4879761225602,-239.917165496066,10.1366574467684,-0.725967436737847,412.98155934747,-102.326681415216
-65.274848761881,14.3072350676448,-41.4831449930789,-105.755499376901,2.06925984224654,7.07206746987686,755.0888382415,-6.3533101696521
96.7080818834365,1.32025023036113,-91.3927052544714,-107.11597026691,6.03217230727023,3.14771591789759,-492.601346055217,-79.632300578076
15.8407775348023,138.425707818242,-56.7407032312331,-149.166767754781,-4.09016819859971,1.56952809889481,-108.388612375857,-38.2507622095582
-161.51582792835,55.9949652109644,-99.9601120748994,-173.914714111657,-9.36333245548303,7.46857462992193,931.009271773815,28.5468912583237
16.5407357322983,110.358923224507,0.376395117396896,-203.795539782128,24.5114772821107,0.235811793405446,1270.42113694764,-43.8914615166923
168.881658190861,105.818792479025,-62.9119889254139,-75.7510232118802,-6.46271620085463,4.36679996841121,-576.177160360607,5.27107686315139
1.39267101066798,105.729351814385,-105.680450133485,-20.3085955761744,-0.0848901430290425,4.86473354358168,335.016996038437,-140.240556609409
276.939743229013,97.3493484111532,-93.1900272541679,-152.575103061768,3.62618241953896,2.19937122729607,62.5094677441812,-53.8649639351061
-86.3036531674807,142.599659851403,-13.5889346398762,-104.682343283406,24.6647927887097,0.0795932920882478,119.410400798115,-16.8091252248123
-417.036845881463,157.845006442236,-49.0471403564734,-283.101459942678,11.6219057279231,2.01440871154773,118.667323531519,8.91435884467501
83.1784413360874,89.7726424370686,-46.670926545019,-75.5010647181043,9.02119345406936,3.34597204755119,-359.705896582411,-53.4901510127493
-1.96160901591065,69.1449443058227,-57.3442290961757,-66.0947863821311,13.1301796499392,2.63026872923365,1032.80995842705,-115.633785231475
237.738286709617,70.3213729458512,-102.352490511639,-195.739881452108,1.88704152485298,5.25686102409963,-262.468358672173,-172.616522027529
-25.7085311784904,151.639378205262,-51.2771462101082,-107.714064978532,3.43067525781225,4.92896663102147,816.961111328521,-50.396828624198
114.221123003819,141.294253989079,-90.2300003750715,-79.3626679339504,-1.40064829326002,3.06056724783775,717.517147178427,-124.963514003204
-37.9248617729027,93.5473565293942,-68.4104456798959,-5.78373284332338,-7.47234615802154,9.87372798170691,888.287928467209,-77.595765025515
-102.886995246941,145.250626624838,-13.8209872994921,-109.671790070468,-1.38507454152568,6.67392797334469,490.86969901892,29.7804623660049
54.0948420716504,63.3596104115422,-54.4892312683805,-67.5665165599203,-0.765473328690859,3.14590699790278,398.7524875442,-99.020876334791
-462.019284169248,92.2518527606735,-14.6536027857073,-41.463923840769,9.46752115160416,-2.51647903166304,-560.740098183313,91.9893859874865
-147.87177134977,117.168506612652,-58.1677869459527,-55.3795536237012,16.2749778579891,3.09702234022552,-267.668701443137,-77.2607638285117
-114.694718549421,56.0403551537311,-8.05637816282979,-69.164189703697,-7.61080567384488,2.87951478795003,-458.755335742375,114.452151617996
-8.87548998603597,128.716581095126,-61.4495504819424,-130.894349062786,13.6247485934257,4.61947563305148,-170.422499242006,-123.980092611942
-193.447005847058,22.0119919015342,-40.0090715785591,26.5549258306564,11.0789524807042,5.37952505938983,304.804279139222,-5.61881093546981
137.948697354226,63.9105091643287,-86.7622490879294,-44.4816609155096,2.43761378678028,8.44539392048318,1760.28868761753,-140.142222344635
16.9407915046668,79.4108602238994,-65.1652426185028,-127.444450390259,8.05549682126002,5.30577293375973,926.295360104752,-94.6829871769587
-366.062625549836,22.5425913924555,-7.46099474570656,-61.7161463834345,16.5337253184407,3.58018322321004,1630.38745389134,-35.1133963169591
55.0609748755669,129.219196939048,-56.3165404355968,-206.286894363409,-6.84220066005219,6.76020507308567,113.733679236677,-26.6989749172026
88.479378965967,92.7235772193744,-19.0114064206573,-123.367656567476,9.38367166204262,3.25146051198681,235.878039635689,-58.648161356432
-85.9505085398705,28.1279668253246,-55.9878399623922,-27.8886206772258,-2.86465932776628,3.59542350425909,681.404524002122,-12.4400678656893
44.9456287123612,46.5114398636415,-23.1089666487096,-58.1014935588464,6.99207957403269,2.38719528744696,147.698031381384,-53.061318173015
41.0153226478433,103.244436555135,-33.0999014871413,-70.6708870111906,0.0172938842442818,1.99059520281662,161.41511108444,-24.1382521284067
-91.1593222389984,98.1327544743544,-15.3848884309045,-105.036341923367,-9.72152409245609,4.32938189639026,45.8837488252029,103.75659826363
1.85243302286835,122.218342180688,-77.1830755495102,-204.792290984769,-3.18138898860343,6.80709226473118,149.89962014107,-23.6388151893916
71.6449276278872,71.5803136684481,-86.523947905167,-59.1394350320043,-6.14578531152802,1.36542218332761,30.8424049234309,26.0275933325465
-98.1161289012744,71.8722155901196,-41.8657720437332,-57.8636327428248,1.55179544413477,6.35255327291088,788.765594729048,9.84678076663113
-118.788018452471,102.169601623493,-41.4455280970724,-104.490180741559,-5.62278736199369,7.01259025560648,942.851487840351,-4.54614654225588
-39.4509388078068,183.4012452795,-55.1364105519315,-196.700897107265,10.5222601376845,3.77746966350242,806.173937812684,-77.6902412535055
-73.2669725298983,61.6788785674289,-67.3471141795089,-124.863322726766,9.30470629040792,7.79732177086407,678.973436633984,-82.8921739502839
-145.137319569461,153.090033894332,-69.5741206752427,-187.495370256307,4.74743372997546,6.27930067083798,399.664570718305,6.47672726368182
-14.6997915313113,178.544187718377,-67.6910596417147,-156.008979485374,-10.1289698729815,4.1302429845382,396.546770261179,44.0741080210719
87.7032591492025,176.459508933258,-74.7608003055357,-92.635046075884,-15.2118740415681,2.58637924832874,-202.125345391803,41.9793611078931
-21.2832380168256,176.815629531018,-83.7839489655744,-201.503658925212,14.9622035736393,1.20128239674523,66.2716037961945,-77.116927044779
-201.136518305841,95.7834273629669,-67.6494558145732,-17.9027840667768,7.52753970592312,0.0684938312115264,233.833602341605,37.0398218773908
-50.5159063708925,43.5338285661564,-50.7490487169271,-64.3034864947695,0.674920177414606,9.96702273784467,1173.08459769623,-65.9481493915519
-29.2531868440274,18.7446211275674,-61.5326594726066,11.6770399313828,12.3589021685475,4.00553370967828,281.364085722846,-120.482147075214
51.7566297705052,116.41750219182,-79.6095185025442,-114.056572776026,-19.4830368142648,6.77931020854157,332.777873178828,-13.6795397516107
-27.6129804492812,130.127296681615,-49.1408812077862,-192.575783680746,-8.71527706925554,4.80644798354479,1021.94857952734,7.51776246768713
-113.976207170839,58.2596616169394,-27.8926315536664,-48.8423460884151,4.46519761773379,1.33781866442223,-549.054230921343,62.8623839213105
-244.73970437047,43.2293725081181,-16.0131351179152,-93.7530861188134,5.50241321567046,2.32238718029112,615.08393944001,6.85742541534273
-345.246490477293,111.397958284009,-6.66301891647163,-164.425623066709,13.4345191419707,5.9705354833859,1425.40891944281,-49.6708213760867
49.9174149640803,78.9725861038605,-1.81791753060679,-33.8563885031035,15.0423777949691,2.67291635584843,599.913588379073,-72.816217913336
33.327978358735,9.55069521989208,-45.8381025726558,-83.6965567927291,1.43973112720414,8.19920638110489,524.917150204554,-99.3619899463083
-58.3436908014264,49.2261622008627,-60.7512405244925,-81.4055551089259,-3.42516857534793,1.58077109146689,-79.0053898944461,-102.843069872251
-323.389434025601,46.8145091269726,-19.881798815135,-69.2658378398628,12.2102949412219,3.77193634003197,176.058189897623,-90.7053058599413
-200.622530601529,-37.0264922422512,-12.682307388015,-41.6358167428407,5.73219451509067,6.17779805196915,684.531406342019,-26.4413565769792
-225.613195231999,242.28492195929,-56.2088073477062,-234.660907370264,-2.17332572001033,7.40881262603216,597.354438447732,5.18395897840674
-28.3069146752241,99.1216186003876,-25.2600252675329,-71.0075038856148,13.3381261296745,6.2241780890763,416.90871134667,-144.597094197001
-154.712613207608,55.0675671612807,-39.0898568628472,-118.507041671153,2.79922058153898,7.33222446656919,492.026256573015,-139.313441537292
55.1744886647502,114.540002290963,-62.7258236878479,-228.894305104653,3.04300950715333,5.66608838415414,-45.4491558281538,-77.6377830463389
-30.8671454351734,138.746585294539,-40.170298565492,-82.7870443759457,-1.69304086029479,4.86004812493047,-467.499155194033,109.944832170353
-124.822704572027,130.305299537227,-21.8900334164209,-196.272758832172,-6.88226486556232,8.25018469055067,455.388501202455,33.6118485873812
-93.9437306693872,62.9266479123035,-41.6626967191551,-64.4478441298706,12.9982001359604,4.62111853846363,134.40477770468,-128.303471522071
-18.0350549358482,40.9408362626564,-15.5243323216127,-59.8538000307672,8.41013616108103,1.27216955502809,275.866097901846,-38.133347495459
-51.3956103391829,120.878543725114,-69.3828581121707,-55.7864779096126,3.67611309621134,2.05879682536306,822.011480653906,-135.028161013222
-197.678608133327,145.770987889089,-32.8708256882019,-134.756397780369,16.1316716091969,4.53142440786178,483.057888241317,-140.892765509081
-49.4727614650765,-19.3224240266281,-41.3595393644064,-43.2947104112354,11.3085881051593,5.82497173020965,134.569950530811,-136.604372768958
-219.183969327773,108.452567605011,-34.4014196754033,-104.333237154024,0.8375609103241,6.59191951772664,-504.125599937965,36.5692435765923
108.989188875363,200.007335620583,-78.2798651456105,-57.9835146975238,-9.77811187237239,3.58121233362181,919.376299155148,-58.4922515378857
-203.60891876684,167.778808273288,-40.4960389162516,-232.402377976396,-3.44862954090377,3.8319597438458,100.01696373133,-2.74126808415167
221.992428754427,139.490324316183,-76.9185876708361,-198.027261411633,-4.21931583188052,5.09063515282651,168.978510796878,-133.99252222653
-76.4037614154195,32.5767051528383,-49.9726349421871,-70.4828269136269,3.07686777506387,7.83764434868499,624.813440909533,-90.3867317977201
-150.854938148841,45.8049003465858,-24.8066994737019,-95.1626509884663,9.70273694470234,2.63050319402828,413.184202295835,-10.1893556016694
-295.192052963888,111.780638761418,-16.1455642544324,-25.8747940708708,8.66277629896649,5.89002464346413,751.245522303478,-102.100345238614
-23.1103874939436,39.9411242124625,-11.2627806581149,-37.2167974176191,11.7939281079889,3.04581432370469,497.020531899267,1.56573849635606
-78.1643943996314,53.2795768474462,-54.1172490214522,-90.1990055482311,3.49266830086708,2.6907405398324,556.069567809507,-74.8318677911084
-127.63810816247,176.718185484002,-29.8753564321523,-120.770215859753,12.3149587509106,5.53224731775117,582.168576723656,-101.865244390727
-33.5799207542586,129.319660434466,-56.0397399762005,-188.343272435275,2.04107473925978,0.313389815888513,501.524544848042,19.6738232870484
-50.946505882981,185.641815053212,-41.8867865764914,-166.197995161026,-4.11500308229006,5.41734325016478,613.927242629405,14.2268026426318
-5.45091505236633,102.714884363008,-61.4816942549078,-88.543149824256,-1.90288997544849,2.7590379685571,18.8406460945293,17.3545652517205
-611.022731519537,152.72388623529,16.7142328516493,-25.3374475349483,3.65782528978889,5.84480951163096,750.316544940797,149.114036889863
-1.08346061686461,78.1923585666955,-73.0030964621837,-136.783831540773,-6.50713320152136,5.42103901522933,351.895709022181,-48.8154741483013
-101.993955689533,69.8282296938996,-53.6939721614262,-177.593545668766,21.3813719535647,3.60310710098565,786.140555812177,-137.527359296349
-259.472282980365,81.540030644639,18.8476792599467,-115.12772497478,7.44366022486065,4.85890106437728,150.320761580311,-9.84862906519265
-194.87822948402,151.13714383851,-32.234062280535,-129.255459189153,8.67537485643697,2.2414327988954,420.20947076266,36.9758034985571
-93.8279050057899,69.6444279999996,-70.1053114002898,-154.100146652352,23.9077621898905,3.5344826671062,1100.68890617914,-107.103108590149
96.1727140593794,157.31531104543,-74.6060095988651,-174.008286726279,-7.1819570830703,-2.6431325750309,-641.700575925097,-19.84719356188
-426.951985925291,70.9157712365413,12.7625437881507,-161.975490498269,19.2115628972242,7.45858118392061,622.021009782358,75.2633706550769
-88.316790709423,44.3558337967406,-40.9379543323012,-109.386411302523,7.17374976180145,8.60746440314688,705.145501496649,-4.8182903816778
55.1717043022072,135.933263040279,-56.5539789393515,-108.243163782688,-2.24126466322923,3.46416374773253,138.258041759531,41.5779483677761
-172.177605684439,110.163928623966,-64.6191721478899,-108.186358899802,-1.00651920705423,2.67861373387859,576.560098382724,-85.3356443474477
-374.804017690069,48.6494712755157,-17.4060485852679,-31.7284476660752,8.12928472155909,3.37520790805866,411.654395622887,72.5339323140797
-231.622649103425,141.057135748153,-69.0708689351086,-212.707095157428,1.32069292088272,4.60739677227684,499.092360809656,-44.9893140050444
-71.5544820070936,52.0081623754741,-48.9178335459146,-134.908418940373,3.36311488420324,6.88742548593291,657.550385379625,-88.0253045597492
-20.7860254838015,56.6037287220752,-52.5996156930878,-151.930756820446,3.93572784645221,6.54596973773732,324.5633834751,-161.916427719552
-146.62485757962,55.7771899390209,-0.137331259757048,-100.712321162995,-7.53286095472868,7.01570909733709,-85.9756586630319,41.2153692980646
-146.327569221714,59.3257554025331,-27.6910206295706,-71.7986604729085,8.86027960316278,8.93145442606874,277.748510811238,-93.6676190954604
141.955562271352,102.842441844405,-49.7456510740594,-138.274299158176,-5.22054568238673,2.57454339851029,319.94812324681,-46.8401052241388
78.2979581795953,67.8558389240497,-52.8166109458398,-184.871461513729,13.6844987575896,3.46119973256782,-23.8944717300656,-78.4841850525263
-92.2397229265771,116.290465826343,-57.4952973764448,-145.542879342094,14.528712201507,3.02418667479651,-138.130216548496,-38.6805123212798
78.8068335608259,91.4131662098298,-82.3925742478459,-193.837087909647,-7.21583369249129,3.71923816372873,406.121097401076,-46.6887348524324
-190.993732142757,130.530945854804,-11.9973162104725,-176.473064755643,4.62549524963833,5.91856604570057,-194.778904346509,56.228533451449
49.2733987027023,54.158803080325,-56.0504322694032,-114.825141968569,1.81183054135909,3.4456214372949,70.8161143791003,8.98813625430921
17.9767138339521,141.008120934064,-58.8122688450567,-104.536831019388,-3.85015521159221,5.29508308120421,623.650273691659,-60.4783361217778
-244.949051442934,118.841503493197,-56.7776487972296,-112.412725714552,-3.84796541734977,5.98631870918325,985.353352960577,13.576974652533
-80.3258003987248,135.198926184821,-56.0246187237135,-198.502280976711,-7.09045284017338,10.4280291166942,467.5342134764,-75.3654227979277
-130.359137084262,4.92752658189238,-41.1487086761772,-78.5831973402528,9.37041170996963,2.38730415393366,273.639106095543,-11.6163804617136
-52.7418892406495,4.12467585035483,-35.8197316034057,-114.518332505399,23.3233630149916,1.23552560635289,343.976294097665,-57.4180214747867
-39.4258228476247,136.00293786898,-61.1583697544775,-61.2890745417099,17.4110789521219,4.27560400761286,486.395021222874,-87.2607125640789
64.4889741514198,89.2968881986199,-34.7576610794204,-149.040926034566,6.93422218248452,2.61442341349903,196.084403992441,-46.4934247254423
85.2997686937742,113.015345114807,-60.8557589859702,-126.409791245991,1.80064719772781,7.14129480026895,571.79640091781,-72.5643269417706
26.9829415279892,34.2475183140705,-64.7479049378162,-45.9542182650475,-2.944636340937,4.9467959520407,480.952888412896,-37.6418821583648
-114.35894658673,74.1515953257185,-36.1303745973855,-180.606023750224,8.46375268156407,5.33873096529351,64.0078601564383,-32.8400031699857
-88.3639908948826,193.171586591678,-60.5809114010117,-109.268753998098,-8.76359898466035,6.86220013481216,327.406525491009,-47.7623509136756
59.5654995855293,182.470459665667,-58.6300175529323,-177.056076817098,-13.8779382182693,5.95754990386195,515.255574322626,-52.3820962737082
207.116818865645,82.2688730211812,-82.1271106932836,-144.023753631991,-7.80216139703407,2.62802292089509,-209.85930776858,37.8523497295391
-4.27028235478792,35.6520104878,-44.4290545114127,-67.9488434669329,5.44458820061482,3.75624696345767,477.45979459404,-84.5111756188271
-277.8297847051,153.088552389527,-63.8343531718128,-118.081457593471,0.251231822418049,4.00551301416999,626.672729460188,-118.011133543987
-74.3841711982677,96.3402054075559,-45.9124565955881,-41.7548614140542,-2.34133145694796,1.31804220945924,-1234.14022800511,-28.9783124984679
-56.7242908928692,97.838060928596,-52.6767580619489,-192.905784508616,-4.22482781100553,3.77708861540304,-33.6376960378693,17.7340162640321
-89.2609447611903,148.800775817071,-63.3315505482024,-208.595329704583,-1.17309361984371,3.17976897128392,1048.95061150315,10.9790952205221
11.8415819158545,171.004211189873,-83.7992444128031,-110.101900100548,20.0589858839812,-0.937210013285949,1064.2158335161,-224.871446716097
-100.357373739254,141.945897388745,-8.40948711728561,-132.625950813897,3.36655725612582,4.19699306903567,520.00697283195,26.6503451165336
-340.178390602538,37.0191860908599,-0.715583573881304,-46.7442229290245,9.38646934251301,1.42384107857652,385.867794900798,19.7407200419984
-18.5482504930987,76.5546487538195,-61.2891644931515,-98.8317965728347,0.468678786288365,7.88451127550798,1105.58312065116,-141.496940354547
-32.3637041483307,279.47013146407,-55.7021070940245,-282.021630609663,0.610644486478122,5.5590320853662,1196.73780875054,37.1198130552148
-370.892927692519,66.9899122483912,11.9117465835006,-90.0839718084608,9.99259287438326,7.11180397280259,411.670735994048,73.1254269766214
-0.588209849025588,104.880976332119,-36.6682322278357,-149.82005287102,4.128313291425,6.48954224748377,484.45287759486,-126.057070677343
-395.645126416661,35.6519052362382,-56.1754255433952,-107.712564280388,-0.959914311682951,8.77671906638716,-509.814257281512,-121.764390275523
-180.230791276226,27.4597279540394,-27.6718214886787,-110.472193360843,19.2575714833656,-0.40546398924198,-412.219787329886,-7.86616408774717
-234.502278929482,101.502221984338,-21.291360729665,-15.1919633527577,9.05185335222632,2.01756639737869,187.779843632088,-48.2233523529576
-187.609592425637,78.0827802492931,-8.85001607835875,-88.950752047167,14.5254624788067,4.0068337131961,314.097837387271,-73.3545243690314
-214.864126217857,118.246992258089,-15.5416334382026,-173.375883570039,9.84358657890698,1.22037222311519,69.2179122083107,58.5405854212877
25.7490734068961,62.151600886551,-58.626542365535,-166.039647696358,12.5795955364301,-0.533232345769648,-247.117908099608,-125.944073516672
-87.6429554469141,88.2598076487775,-31.607463896682,-92.5367568888323,18.5279921251931,4.2645144094422,299.510008082711,-133.488090565079
59.9042975147167,185.989089454568,-51.0815142665233,-257.205912133679,16.2048775501316,0.495165530483064,-36.433971820341,-69.9089157541021
-198.176323044168,111.399238470054,-28.7981785669945,-125.538487014448,5.16520936739107,2.77388028375026,129.700316682225,47.2579531860947
-37.4277631601144,47.5034703365964,-50.1897221361651,-120.966997911291,15.7125233009319,6.27385560038419,423.113706719638,-127.691276052392
56.636719844606,112.487303005124,-33.9632394715445,-90.4997069850069,4.30285812125658,6.1914303896192,242.220685095659,-75.6246007654554
42.4063947325922,31.864746569423,-78.1225518529245,-9.35577424249277,3.04337794212188,3.98165560902635,510.367763366274,-106.894663635598
-154.930884657064,71.1051888642141,-14.3241818868446,-45.3719811460942,5.35260745459527,3.63321108989112,728.070958568802,-35.5299223538896
238.762814238537,72.6216485830228,-68.4753517831114,-191.62092452767,7.71467263722661,1.09103678734391,487.266581496864,-116.528399988558
-103.782188844802,64.6873870719573,-32.7835984755366,-95.6613702955037,-7.07717587875959,8.23292178523116,915.418763089299,-17.3818071088281
-0.587479130685097,79.2485996139876,-45.2181994111888,-78.6949992413574,1.15474862773408,1.88519999031905,676.19060668139,2.21036738451221
-198.275141924642,90.5085952815862,-53.3741267028381,-113.810348163938,16.1256037319254,3.98248205827986,265.438951274118,-96.2884874229494
-62.3031691275173,61.3855511943948,-39.272145815019,-51.1804861211276,5.1215482085754,5.59928257892898,476.72080609608,-32.5429768034082
-178.797949533822,203.912690705198,-60.390991550521,-169.730265334481,-5.22071981633781,9.16014848490886,1218.86611003675,-7.5959227931744
-136.983771404513,110.457891653234,-53.0070414189831,-191.770663316245,-5.32285040314309,4.83120987258735,103.94709628174,109.386794274527
-95.8008627657837,271.80703927984,-88.4972905135073,-178.468325148991,2.75393750623334,6.33983087695378,1172.39572929169,-176.149670541636
-195.508954721477,47.5399108375714,-23.1273989514157,-152.714227290882,-6.37557549859866,6.36528522284061,1049.62419132273,12.9195660715923
-295.101906858756,70.6545576677381,-57.5348958883551,-153.717102682778,9.48527509769337,7.59551914077747,776.062029455381,-75.6145786805228
-359.977355478622,117.326910811156,-18.2007537000754,-122.775213715213,-6.89045012640418,7.34070698654068,512.470025899238,39.4648468554278
-66.1301366525295,31.7754241199727,-57.3695321136802,-182.171010016653,16.1276187947726,1.11194323313248,-200.771070211485,-19.1071433392644
-107.387323498377,86.2062770373668,-57.8527316608524,-86.9808491082149,7.49234307599727,2.26324565015966,540.195299521496,-58.6542647991264
-30.878706176396,112.802960202698,-40.9480300540399,-154.553394221359,-2.59686767219682,3.19440042576753,372.468006415234,-18.1581717916124
44.6574076522593,76.7707277870359,-65.5419523204546,-99.6291825929602,-9.86452462699526,6.49213114451777,234.8118985279,-52.1965821222257
164.476488993576,173.29264196405,-79.6127335692145,-203.190176623095,0.469050686369883,3.45025847199577,-302.585419579584,-143.275604490016
109.359111406709,43.5831971591979,-82.0041220661078,-54.7558399065019,-3.59389212497263,2.34063786115439,-453.69904277457,-8.61475779092143
104.646616582791,70.438748577275,-74.0949875155857,-120.687437216176,-8.35558139695058,6.44923014070082,570.653551306918,-73.8632255976554
32.2019604098168,76.454480906832,-57.5522652903746,-135.900859537069,-2.7543492949917,5.20962027498172,803.251456637896,-11.5394360622449
-85.7407512010395,89.7040610641216,-35.7169342351226,-97.5354918697994,1.79679808818764,3.09924920499907,445.637871559311,-32.0944593165332
-155.026128455502,64.2796497086674,-17.705110324343,-82.2811796087335,-1.18849512901033,8.78083850931398,552.672501575162,26.3872442683642
-50.0120525723614,116.729351715883,-58.6168595567287,-138.686535237212,-9.04315624936135,3.62281914710184,301.592717415202,53.6064349844382
-78.9255151868492,129.045684592711,-65.3471519454979,-87.6684205620113,1.80150579740621,3.7146199415256,544.707196724354,-6.88666899630334
5.99670613253693,82.3597547174722,-64.4148407636822,-170.813614577637,-0.52070798096247,7.44265048205853,355.595890491342,-67.1410145668196
154.008671789983,146.552850513428,-90.1490324384722,-190.087675734831,-10.0822824902134,1.50559018949571,-404.332619703144,18.7852768847661
-209.244842380198,102.336585208068,-2.09395084389325,-52.7010714723147,-3.61581695445591,6.24534280181979,1027.63685845747,-73.0687413486594
-93.0076592126425,31.7958234169346,-10.4538151174165,-86.8610083415115,5.61419832899992,2.75986910358188,789.40536309504,-2.5873701323726
99.9181618713483,101.008220901535,-31.2145615447153,-117.315611789541,10.8527539774077,2.66465559101198,-356.674870115734,-9.45673266556696
26.5836064733739,62.9793494850019,-62.5857322808151,-111.775988119924,16.8489046190516,3.66347976154066,757.323452526878,-222.040314201848
11.8393865257895,51.2300371479214,-77.6261440316684,-81.3915044831228,17.8265116518887,1.86400181727367,158.011349797336,-93.3005890682398
-110.4484268386,71.709580024828,-70.9792314859515,-70.0089863303874,6.40983984876948,8.81075723312097,197.734832635026,-86.7444002283592
51.9963226446271,89.4637398265186,-25.8268054218206,-150.269600197819,11.1432222337462,3.28864581121161,-212.684360070896,-100.303463971257
73.1110986360145,79.2954004271742,-47.3500172004824,-94.4469888115418,-1.9162177088001,5.98121979610005,217.676765149619,-52.0510000391951
100.29420177784,127.24697572476,-97.6326938863785,-272.279952658384,-9.30568788155506,1.8864212214321,59.6532982352001,-45.5797430483653
-60.7295337291434,129.515884873283,-58.3678453351895,-94.0664591966197,-0.786737248158041,10.564488847449,798.903891434431,-89.9665368211499
-254.703231314052,99.6775885642128,-58.4100301170256,-137.132763114845,-20.6154501820856,5.52564568720118,191.54601853753,96.8484487218448
-287.739806451398,174.488755700193,-8.16693909790774,-109.975254166391,12.146370441933,4.61625098429067,-378.269074809548,70.7743505042454
66.7437367267776,71.9323809049674,-45.9051655402582,-29.5781055831612,2.51284519367618,4.92672337617842,-313.697569511318,18.1632183512029
-99.5511522805755,124.628525503965,-29.8477663455124,-172.575245267872,2.98101041532937,4.81424309304475,557.52896274974,-64.832276414556
-117.117767817283,58.5331333605573,-62.4416400222981,-52.7617267398955,18.0363432187296,3.92621307809895,812.579702317883,-233.017308374576
-332.640344761458,92.6678819020963,-25.1011454543077,-102.25010202534,6.35281243648933,7.12171438988298,1283.54349630453,23.9411524646712
-173.509491114033,74.2256479105563,-65.6415835459193,-136.410573054542,7.36004565691837,4.17011006413668,287.32224382065,-50.9493623938033
-149.431990257472,25.2387702813066,-48.5223933019338,-106.826208485283,-13.0768780894468,3.75760201089724,-76.5551449898849,90.7071759539022
-164.391742502019,55.4217312160181,-33.0727474934392,-36.8811231071886,3.70949779966031,2.71452207191032,290.372863798813,-19.8611014282737
-95.3531410458027,62.850016917364,-55.2831947026862,-167.019029911142,17.3942393957805,-2.39118566034085,41.3923312825791,-135.399067079008
-116.113021962927,46.7371952281865,-35.4442611773156,-118.64932908371,2.37359595792805,6.39128273601091,1394.89232719783,-137.587663385406
-179.866642029177,123.563753562572,-33.3431712899601,-75.3364774554502,7.31755817105295,1.70223404403077,-81.8590367236757,34.2245389141408
-17.8520810194896,88.3080911142897,-49.3605674355058,-100.10432078327,-7.11118463749881,4.95250506312004,685.203562405033,5.51954990449303
-201.907297428843,31.4629256381741,-40.8124829613662,-177.496319688944,22.0576250630002,2.32519718243566,-253.97625010812,-52.7540745365914
-230.934207982384,191.263780355366,-33.2972472801539,-251.794476192124,7.33741239763913,3.88304109462479,816.214462336007,31.0410724087415
-458.680841054767,97.0999636015149,-38.7221276834825,-93.0228304033953,15.5280045975815,2.18990126514109,764.658498709796,-94.8944616993831
-109.046717982776,81.9282595236145,-23.8963251852256,-185.153282222265,12.3834416480095,1.29534010132193,83.2296900141091,-26.8458014637108
-423.677852843612,109.328777315095,21.1177054047002,-139.909591732721,13.3881566946693,3.1946530243149,455.228635702239,-3.84777291784121
-133.378155822633,16.3473431501916,-26.7021255798463,-55.1003994516141,15.4182302720437,2.38126186499721,241.24948059054,48.3302824362763
-121.757038134194,71.6090063843003,-16.4545106933474,-125.282595712981,0.899075135608655,6.27334959810833,354.41646807667,7.94042550925769
-70.9959319858644,116.309479980082,-31.6402041575348,-138.854280290427,8.59192660127883,6.27701094051008,895.496881318453,-96.4790336257138
-215.778918219672,113.485026927665,-22.9539028807703,-129.932281323636,4.09648694837233,5.94886997676804,309.49351090074,-39.8622214863572
-174.065163915831,73.1162977892345,-51.199792474752,-42.4460827762887,9.98686646863644,4.63899653173576,1071.48296472388,1.78820426001039
-66.6600215929793,133.396567426476,-87.3365332244139,-152.242460878508,-13.0043379884446,2.80376946381875,447.014479010484,109.147868431195
-250.445448554368,113.034938053694,-20.701983025443,-117.288575691928,-0.228928108437685,8.55917479465506,1056.92380189463,-5.45072043713662
-39.1426115932409,150.754460196185,-48.7102501845802,-166.507149546538,-6.91567365184892,6.71687056514202,-140.879064595589,38.4952679204725
-44.7295788633055,94.1012736620148,-36.5937356436771,-122.105706007162,-1.76612897803716,5.95575083954463,333.291566880464,-0.742787389575824
-159.106808151264,131.690613429309,-10.4834437597165,-145.873429073021,11.8397661911731,4.770941961684,1018.52889323334,32.7132231203141
-271.109719298529,122.522560767204,-71.7736578476761,-159.21408981469,12.6418461593275,-0.528601101257664,750.394520336532,-122.377352077805
100.016565483606,104.378340659605,-63.1855060836206,-70.696132199344,3.30001887260005,-0.0737820201684372,530.396699356817,24.7865803357818
-64.8114369183604,161.319816051386,-40.1229152181768,-103.767547938405,11.4499543521088,2.50560364447665,-117.602046041566,-73.4396552752005
-530.534809679308,86.8608479615687,-22.7579559599899,-106.896091462084,13.4100551434094,4.68798106245231,415.098835310229,-40.728822146848
-208.276536052377,100.746868967137,-30.8967282558442,-61.275380679961,5.02774043541285,1.07234954896558,554.255543016598,-35.5399615346978
-37.5927649513833,138.763267910435,-19.7491293028579,-125.880330541677,4.67797696246271,1.64342435810977,304.999042520038,-10.8928835176121
174.102020056744,152.078865242234,-86.0518609080682,-151.990765891267,1.89218795820489,8.07164861533238,887.963242196638,-140.945585542089
-157.893179684077,43.9995757941215,-49.1114236314697,-100.261746530253,6.87037462703302,3.05408116448962,352.955040202723,-24.6386652469664
-195.960924530897,78.5566557096317,-23.9154545575768,11.1103565654048,25.9063286934106,4.09506352924836,-116.844627817241,-12.9770966736251
-342.4958190002,192.377075211698,-65.622616526216,-261.03939371201,10.2352573594835,4.78587525823605,168.998181753443,-44.9061543838325
-210.594214329911,57.7030569853378,-33.2191130999272,-68.5462147927174,8.61751237369026,3.96109766411246,424.998845717084,26.6046603387804
-73.9256663320848,101.836381000627,-77.2217626094061,-104.332271088817,-4.00034940917976,7.17849925192422,1158.88798977823,-94.4157583722845
44.1265235546089,79.2055017877137,-82.8069106932671,-156.372538671098,-0.569712459418952,3.15204095687659,242.386199441768,-45.7179746567126
-97.3561584756244,183.502435277023,-22.191504672679,-138.06609151623,-8.48385125701316,5.78696053983003,820.521252227772,38.1440785372397
1.82381396323035,119.028936781539,-50.8016828493921,-119.326431574154,20.3084457234363,-0.589194466039771,604.905405243808,-81.2163097002376
-373.454892642971,67.0253643363685,-42.6886113045912,-102.036762944059,1.1010527490289,10.3749831142923,826.896815109314,-129.716133626644
73.9222530143597,176.522652799962,-20.5006177917967,-206.577180026783,15.9994747463134,2.21831662593468,-102.692731966628,7.16859431188641
-663.55170222139,132.695914873169,13.7568720115378,-101.214534148274,48.2413636613583,1.12339352848358,-251.318392869929,-4.38705697102705
209.451987041997,85.3012241723463,-46.0060089698818,-130.847736906542,2.55288094599382,2.57662606200756,-328.456315871401,-17.2187596748445
199.627689845162,97.4232201746781,-29.7373518001696,-82.2218653324235,19.2313076897699,2.98021215539484,12.1777565097873,-158.358339979437
-46.7506364909932,77.081076511764,-52.0492565686363,-64.4132588781649,6.25896574126818,-4.14077708899276,-946.617448364508,-53.1630000452033
-215.847393050353,113.382451576414,3.22888453185442,-97.5112803615739,10.191693742483,7.85053544273251,828.929229541929,-22.4039938864444
18.0447082189385,110.976842473843,-36.5348112704887,-110.524765512011,-8.52711945480405,5.86454592357768,186.536929824622,-39.5552467258822
-115.357269464037,118.223300569603,-5.95301072087022,-81.3881862197813,12.1575082339768,-0.183912195618177,-14.8625957068361,37.2133840562019
28.0459723152089,126.349586539465,-16.887396139151,-108.98513188689,14.3917692893738,2.91206374109606,1037.25970928086,-141.088324868673
-90.9236676309156,32.0625349784095,-33.883004283889,-149.672461678158,6.39636371194501,6.9837758164249,1237.39409121562,-129.701759528332
-362.146195985577,57.051394279435,-40.3921634493454,-158.696400332439,28.9160487159388,5.69035661130329,174.97101127998,-86.7272364816035
-124.014549638305,132.513525476985,-51.0992793110272,-200.900460119767,-11.4714022157714,6.20709071756573,-409.218959337253,4.1447293167148
-39.4881261058035,165.583508665433,-103.346819763581,-231.921877472269,3.09508229937637,4.46165839868854,143.781528183899,-49.0310457934429
-55.1886624807084,190.188803408237,-63.1236502331449,-178.79044880762,11.4437859402606,6.59377973785013,809.980120959041,-64.9988016320713
-230.777183076847,84.3142040583771,-17.845558900488,-129.457541431409,12.1550688405316,4.49157791803282,290.592971652441,-46.9005986695556
-209.898973465708,141.512094896083,-47.2126283790858,-172.815898257973,24.5831166299831,3.9517789070087,338.185268422745,-149.442785448427
-78.0074152713787,123.384602562059,-19.6916641488788,-14.9236309359076,6.81090501315157,1.58194275255664,281.597473047153,23.1902216824528
11.9424733643267,126.220356138641,-41.2200580947392,-136.961666623974,-1.25937895348034,5.22562850653776,349.913829414341,-11.1065319976915
71.9021689246861,43.3057402393672,-63.6359490032191,-141.96405527991,11.325919194147,-0.517107516541728,930.661222565235,-129.698304489371
132.651191284851,100.854648342589,-75.1956550546456,-173.113701039401,-10.3940102158813,2.15054704199429,119.078772436056,36.304117169595
-69.9714914805518,99.9714831874371,-48.4675566655351,-85.5340821914579,-7.12887412891723,5.80584983658628,248.891009014595,-13.7373759850889
-51.6746231069556,86.9281846799422,-31.5874359408335,-114.526850520604,-7.2440732770483,4.25167804599914,868.221025752344,43.3331939837408
-209.416460564913,99.0464611136974,-15.5159120046665,-155.959159531631,-2.24823373019171,4.94228156054578,1111.70569633073,42.5431487029127
-178.556628046761,143.127644010558,-25.3504567591881,-162.876881805598,-3.76333066386542,6.58989256130008,648.558589395441,65.9318509606383
-80.7758831427964,97.4207860161405,-37.1937038966462,-111.933662283408,-0.922420351329492,6.21999002642406,594.225235903096,-23.4386300304905
18.849847775713,137.474342482863,-78.7509333503695,-101.861296770949,3.5098526156944,3.0022419646557,653.156082461763,-109.836766128021
-96.3022793130913,169.848378363589,-46.2759756218147,-140.982415518869,4.97043532141834,4.96710373824317,1011.53981740863,-49.0754491475163
-29.2145466362108,169.963041973475,-68.4379004938819,-116.274623087957,-1.79045673021437,4.95548902370501,33.1120492991759,-1.31204933889967
-91.0836789063683,90.5608229257341,-41.6646166946339,-146.709383022127,3.48109035700327,6.2391614876833,179.710744039563,-34.4606780475442
-128.382017242824,145.11169539878,-70.0238704916192,-75.6664566690597,-10.1268407649477,5.96982667716657,-526.238439686567,1.34394621918182
107.226809614607,100.172089819884,-79.0149783522429,-185.857072668907,-2.09599155101751,0.911103966238443,523.754992200014,-63.7139994864046
-8.91990348229592,27.4858961455539,-36.8859132849684,-69.401054323308,5.8377645641749,2.51205684178422,219.008993089381,-51.847621707317
-112.032732970256,69.9119401061107,-39.7385251248761,-100.174753038242,3.38009041037003,1.72408956382424,130.226097652951,20.0953297728265
-31.9545517509905,69.483293419471,-62.8596946061589,-146.567642431532,-0.697720970434602,4.73358446700149,-106.433579611984,-11.0911927262059
31.7102312502975,73.4468197461902,-74.8813705029897,-168.094048892774,-2.52281757147284,4.96692251061904,982.393993138845,-122.082344225812
-168.54045701521,169.868690900985,-53.1006689480128,-94.803315215031,4.89902297227309,3.76268639983027,227.151640995197,-0.605166183137044
-7.2899658390379,46.7722733986593,-55.090131511246,-102.673349397548,1.38709407945134,4.21576989787718,710.374410845056,-99.9388471327256
-160.568511985744,132.855320113187,-22.307146472649,-188.962598603403,3.91319456712699,7.35823061950941,1061.46609283739,-89.1476259377523
54.4577627901308,80.9120283841476,-67.1160236863288,-11.3431593348141,-5.05024667080943,7.15667527894311,545.353983281791,-73.2470419022138
-99.6295913835347,166.142119663753,12.3407267587609,-99.5719996675289,17.6432440781221,4.00299022108447,-522.595295564824,58.3285437622762
-192.035021260555,150.712471771985,-52.7318680095523,-98.4593302505673,13.8303365179308,5.61656266729551,614.428811269907,-63.936288401921
-224.558526301957,109.35598045378,-27.4124678530643,-119.515020786916,7.48427755618468,2.49787492492305,765.916950118961,-82.4772649076476
155.333880266116,94.8682078734091,-74.499798513003,-171.78633510094,10.4893281820259,2.10993120400235,268.938259095325,-114.90479283212
49.7821751876327,140.907440904833,-42.0687819233153,-123.121149597864,-5.53705823066412,3.69776941555756,510.577667906426,12.263270402007
14.5341440884222,115.267783566844,-90.4609970938182,-83.957406833717,7.69950660763425,6.0089524423347,-849.037133489852,-139.54894338781
101.161517170491,80.170848402322,-72.1557160312586,-63.0672080497043,-11.4864690540126,6.83270858165633,325.085443936114,61.5010387002403
-6.39129843576666,31.3727385033781,-52.5289475008758,-160.486617071293,3.80107589819818,2.53115368785802,619.010224715093,-29.626160227097
161.124306297424,99.8295735853794,-54.7606064656575,-174.598832763379,-0.109252770362218,1.34719919148483,-975.52107311631,-44.9516861836892
-280.316011805786,70.9800443622225,-38.8753586232433,-75.9109107176773,4.5032879216742,1.7663011624245,490.711733956225,-46.1538970403526
-246.694137805549,131.724407739232,5.69905587058747,-93.1914581606252,13.2227349701279,3.01140845144982,202.77074292925,-31.4311830826045
1.11975175331463,92.1119746316399,-39.201579178567,-95.9030656041455,-2.54789089940095,0.377508785415557,139.601453779338,-14.3490659820527
-2.11079612515823,59.4995468733978,-22.3700065402518,-13.7253795009892,4.36377450631699,1.48609622045478,225.498558193824,16.8128925224592
-35.5812794602825,58.6761297640314,-23.8376575455623,-70.614702325387,0.508565274853026,2.75968127085798,142.105058047589,21.4458820732762
-78.2099274086504,73.4379620151449,-32.3453011038509,-61.1087533303362,-0.438538452726789,5.22812894801427,159.653922043915,20.0839903788324
-119.4007658424,103.638233387079,-17.5821576649614,-54.3529080050357,-2.3945300464984,6.75568011551627,610.599480422483,3.13707373928992
-109.527697470941,217.354990261156,-36.4223670780011,-205.449936805293,-6.44899264910782,6.52492709981743,465.657402892364,56.1489179634955
25.9772033545887,158.50898943458,-77.7435806001158,-273.63910131414,-17.3771690939102,4.19901692331769,407.13567805419,35.3376948667501
-1.24069828243228,74.0207712525735,-72.6639919948939,-75.1936495809423,-10.9267448033497,8.8378735568549,389.450855230469,-20.3278118104136
-68.3737614981583,59.4072993643058,-27.3283836503106,-64.6468939564656,5.7533506113723,1.8268424880589,306.86081359371,-22.4493160227294
-16.1249136174738,28.1864943438268,-32.4887898196466,-85.6566523511283,1.6963094397579,4.15475466493808,-155.518395642721,-6.15275140258018
-20.3860980501377,63.438292112085,-15.2782724712742,-72.2883203702222,6.96031655960542,1.67458996392088,227.613801321102,-48.934981580649
42.9424484910269,66.8242690825427,-49.9517319195911,-95.8335490275058,-4.84961420709442,6.00544507364793,-25.2511534819932,-33.8076300670509
2.64144805734395,127.120114324032,-62.5732153195859,-129.723757598935,4.40986799724124,7.61689830728574,270.980824608385,-72.7107097580156
-15.8520830600464,144.332746757853,-63.5600930852233,-166.304629221951,7.05456458711706,2.55594922961609,553.401872908638,-101.664081388561
36.9335317017103,145.310073411631,-79.3111067843565,-152.198097439112,10.7132996928121,1.47781614064934,48.6768078171444,-98.8048525807171
71.2833304854503,102.752749012841,-72.264524525759,-79.2901481161243,-0.496805074519216,4.28355662502872,-575.829400585237,-32.1098701610463
109.605293510588,188.638380253746,-69.1727753777543,-283.486546813685,8.67174524217444,6.47018656530418,73.719508348091,-104.655546474343
104.415453346242,54.5190410274809,-67.2286589976648,-112.753742595407,18.4543771572498,0.306825477855455,372.50520078777,-148.862400340531
-159.001464475579,-3.19605482664338,-25.4965479676539,-93.744364539828,7.42492928145475,2.79113065574347,354.452862300503,-16.9728614023188
63.8815125429246,122.510189000721,-30.4371780871516,-142.787265453837,-4.49489702726714,4.1017069511945,877.663626415042,-6.37049252405996
-37.5550985357404,114.499245886518,-41.2798226311352,-46.1734070507373,-5.52218330795586,8.81627825303076,-299.592781635787,-43.3821720092092
-389.978818715404,84.6534015391953,-4.21153351699468,-170.444784379586,5.86533736054844,1.69822938600555,-185.548683547444,12.3990023906808
311.467688583929,76.3567131844939,-112.839049111804,-48.9548680108855,2.49092416793428,0.193325058971823,-305.242803919944,-151.846292336049
-525.644537145927,129.497734835124,-51.4020080073387,-175.126798958279,11.3959389665688,-1.34926918425481,953.130879382908,-105.135647715098
-149.092014873815,113.609938273599,-18.7004171042609,-26.6307485263387,9.15138878792641,2.0423691723845,445.762212768517,-19.7266482825289
-93.5512901961338,113.858081463557,-47.6481490731967,-124.602900866434,-5.5041272419694,2.46696589166822,221.454458293767,-42.1590731615288
-147.718462155899,36.3732787885465,-12.351666660441,-111.938726904482,0.650634275749326,9.15147079787857,858.745723464737,5.14751228239038
-68.8674723137592,82.339808344288,-56.7636383926019,-163.393868814033,3.20461979901302,5.3690073552134,1034.75632659925,-34.6548682777636
-76.5382636567738,258.520548493776,-69.1994703061318,-128.035412020483,-15.557740122731,6.55489331216086,692.636274666982,56.3284281473898
-33.7012905960437,90.177567161556,-51.7819976180472,-88.0053958758799,-5.25979438162176,4.78389551016153,1074.69829713942,11.6662500216335
-50.0696350213257,124.19254532483,-53.3383364468482,-155.233605789726,-2.03747387315161,6.36445455742069,901.916530010261,-44.4204094126617
-34.0186130077636,109.049046370274,-66.0582785825427,-63.5935254871074,-3.85275187403749,3.28221235494129,384.582894548745,52.7853586588026
3.40528367040679,154.437239384439,-55.2392273474543,-51.142027793474,-5.70965173301738,0.987256743363105,580.668778403229,22.4803567123017
-198.251498233207,133.074414521747,-43.8191905360727,-149.151767953885,0.230185189167969,6.60228546545841,-644.981403991741,86.9773353696801
-233.760105124769,147.341903643624,-37.3042205546444,-83.0860387406938,4.56008843490417,4.57057516700297,812.154441839928,4.11908770655282
-226.238954080567,11.4654571215797,-48.8338014419569,-94.1911390412242,25.8704187247422,4.03848198516789,-884.976947939744,-51.8383830909859
-228.537077487117,91.3879724423168,-51.5060633651447,-96.4714507387653,10.1429569873908,1.23804866337014,236.299664139375,-41.4923927178606
-189.668905078728,82.6049799190587,-24.5243767538195,-71.9709959792963,-4.35766297503278,6.41657477249828,376.462557132649,-47.6871034185169
-153.340596668397,102.011302320665,-15.7511134667875,-58.6590120692272,7.91238665601122,5.85456282453379,513.045485548384,-12.390163965516
-177.807998508557,99.7799634977741,-27.3511834501696,-147.699072912652,6.78394279640634,1.49935501028085,544.893561009405,-5.50351272300759
-50.522747926545,255.87304245698,-47.5086742407875,-285.656996386559,-15.1849329606484,5.15722822579846,1099.95314231085,29.7825398632413
-15.3100267268601,76.6675733989105,-69.4627269372286,-193.543186611176,-6.3557843121016,5.55262406815746,30.4010979140949,85.3580576779568
37.9010695899196,89.9383224768244,-102.96681046563,-189.32866910391,4.34050790726906,3.11056192440446,817.565860246832,-146.527681368389
-383.312466265927,45.0501847154228,-3.2526775653896,-0.697680330689764,6.47151799971471,5.30588535426068,396.899384930322,39.0700926314676
-204.889673448226,88.2804619471135,-14.7772865667357,-138.28779453336,9.18760384255438,4.98203182403086,1048.64846495187,-73.6445741085918
-465.527917515996,0.761626314008026,-13.4910763621374,-178.512140462131,1.10705210246397,7.29871416307287,547.658730047464,-7.11410663886636
-42.8023654872013,185.369144204655,-75.4001786735171,-220.735410171317,16.9008184899067,1.44495629373705,782.52393734896,-21.6475325057836
-144.909021189262,59.3209360050387,-38.7358026714064,-21.0303190311533,6.95638925664389,2.0392884912053,172.279576837842,-44.2770392765087
-81.0612961297156,98.902967574053,-29.8550246400118,-109.935029093865,4.75235070090275,3.18813194897666,761.826688927482,-77.9937288431101
-117.998558113004,121.112515131936,-18.9755972607163,-202.499138489191,10.4345992380986,2.28807765290912,576.893337574002,-51.2519939413705
17.2137136185629,70.2308263892919,-55.650468261003,-107.053942162756,16.8394074002135,3.10372561830445,-140.850815997968,-82.7195264827387
-199.127059552055,32.2362731036119,-28.2107487189642,-60.0287678911227,7.56060169835109,5.29443042798084,-151.121014984994,-81.8596452315833
-87.1305551387613,116.202569007459,-27.9348155523257,-165.350394561073,-1.81846274813142,1.3098215756545,357.401413357081,59.084701501808
-130.901451036159,79.6776225999565,-28.2891098039981,-145.016936686268,-4.02513043100771,8.4948489140661,374.081110749757,62.6395179395986
-236.562926704501,118.503147597026,-26.8855164756387,-111.269817326771,6.37807017617706,8.12922928090848,691.160186002671,40.4449749398118
-257.83799813332,80.7993531645643,-11.3587681257923,1.27786374438438,6.28429387916549,3.43531508878368,916.906308141377,61.1837295287187
-34.2341977641699,82.7752275561652,-35.4734858603915,-75.6454679304443,-1.95879575929712,2.48947226589371,597.3533816829,-10.3220111382834
-54.9009785104354,114.77708377075,-40.3162525702792,-63.7591796774504,-7.03919085260713,4.1568782888753,363.51322281632,28.2411345755536
-5.73839780993148,23.4788444064179,-52.4023036664166,-36.7578503480981,-3.89039807760855,6.358839541208,505.273595755556,-38.9618959768886
-18.019308763236,128.525231823878,-59.9460656861265,-161.232350773716,-6.9320198471105,5.434951579271,310.562714804488,31.0744760473026
-61.9974425789842,127.75351065104,-66.2481758631111,-87.5155300270417,2.46766938662404,3.88433707227523,559.197208954342,-18.5719818002544
-88.3000570479198,112.151807814364,-43.4132897085146,-138.153977233193,-4.73861014502472,4.91410340454604,778.657951026165,25.338505613312
86.0637339675377,103.081900408521,-125.098707172906,-241.516457037535,-14.0505800090032,9.08353813766735,1152.26868738151,-77.52842029975
-140.669585491662,149.347479296615,-54.9165802568605,-175.500810502315,-15.0771166151826,6.3578170388646,725.512803503101,113.872566814884
-3.17654487024993,135.093924434594,-79.3022848694745,-34.2924439733033,-9.7290552890845,7.03593582120811,755.567132095261,-16.223638959782
-80.8400248452235,104.197883213759,-56.7712166614219,-106.143790388654,-3.46267480373899,0.0972435039293487,633.412765935573,74.4561923635392
-74.1693992403307,46.6573925428456,-56.5972522546945,-137.803732865257,-8.55613515625737,6.57388755244756,691.551205958967,62.8267139271557
-40.2755616651302,142.407163325508,-56.4928507702134,-81.2301363693259,-19.3046218395175,6.58922801435256,490.466753140761,95.6165011244593
-108.701162357291,145.837341434073,-40.5973179623679,-52.6141758401354,2.58502380583377,6.95777972748328,671.843171971748,-23.8733175321977
33.1729016925674,30.7053923657804,-74.8137503088074,-101.596519774437,5.98290879979322,1.16662366007949,882.065680156309,-98.1860813234889
78.3642056190729,179.85938306275,-94.7516611458159,-167.728395568149,-7.81471497058374,4.47577010124223,309.68439242593,-50.4293048799536
-118.722690686613,143.687495910679,-46.2978194164098,-110.309813451044,-10.3948591676453,6.6534174674307,269.268675943502,104.577245047796
-275.563115053837,162.641977940046,-18.7518894593377,-145.650386144582,3.53031020012622,9.31318756633846,765.724642139727,67.378286407853
-90.9696867114544,188.792960923631,-49.6855627461337,-133.877564728824,-9.69700210488372,4.8541667262034,296.123113173613,40.3141694054211
34.8611345968238,40.0515119945412,-70.850804773263,-149.82997327733,2.56516380247194,3.66493427660316,251.10890792936,-26.3509548095317
-94.9453321832443,78.6054188530252,-40.1284380982106,-60.1331548260496,-6.90494018347817,7.88689366687322,516.566165275257,50.4109517580146
182.933139904664,93.2891562817967,-109.281196680466,-109.948842934347,-9.85328136265525,4.97124889641054,331.356794512307,-94.3812937749171
-28.2516045295342,143.631887564916,-61.7870213919232,-226.714034773016,-5.68177609527629,7.80481258110376,421.715508848377,26.4091124302977
-47.9767832725611,175.197746742124,-61.6003840369085,-146.660972497913,-7.61968634580262,5.24916261818726,306.984567337357,64.2430092215218
-57.1527688260176,116.80173182179,-61.5998152893881,-74.4685860005848,0.30824405135354,3.38641016277688,203.938115473691,26.5625258264481
-19.672791386809,115.797550013522,-91.4305475964757,17.8060450992489,-8.69571775248914,9.92437936438364,1120.31658529815,-46.8308080801216
-124.073992728008,16.02220568755,-35.1342907490325,6.78856660693418,4.26872463514155,9.76311576159787,677.755290278925,-48.7255283357263
92.0981882047636,101.798265750578,-90.6693523630966,-162.865168277407,-13.5360746182996,6.88402314567065,230.363010684479,20.7537294300637
-18.2885952719662,104.827862068341,-64.092357423986,-205.567044173862,-9.68907159406081,5.58860877415282,538.896651606432,42.9244296966936
-212.794070608616,233.835078605087,-50.8333301306557,-292.632885721308,-5.3754756555536,6.05619591556024,813.993260963267,113.033451002397
-37.7812151803228,114.35333435439,-90.1611030400454,-66.2818756894794,-10.0005815271288,4.28080151695758,1430.6602298131,-45.6881463436293
-162.399303805942,48.4486136271425,-30.0004197127419,-86.9831417488967,2.27282211988495,3.62053607062262,611.066674060974,88.9790969659334
58.0286667224718,16.995392481389,-77.9849578537396,-69.3826396652985,2.44052334038133,2.21340948616853,302.111843337763,-21.8256850967191
-76.2815579807502,149.508574702173,-63.3062641188117,-134.167207432707,-3.1265621092607,9.10939635274553,502.743788739695,-32.1624923086783
15.9983015009784,127.198052469081,-78.8405128784943,-91.2373017876089,-2.62242295192846,2.80214690812136,49.7660838752054,7.32656827853361
12.1411747142229,99.7604578480177,-58.7814161277347,-161.429808764906,-12.5375262409034,8.89498946127424,834.635734650365,-58.6866035113708
-1.26934460187476,49.0000088049565,-30.4698559117096,-87.447895144287,-6.5596851723094,2.72518781416147,323.14187595823,39.3138490849306
-73.4646022402521,166.153931179604,-37.568078627457,-147.586185633016,-8.49958279394923,4.19494919450517,874.9323718776,25.8332888839213
-114.582429366397,61.0695178580645,-39.5638441465271,-42.2866144296058,1.19899071692998,4.19004183774814,755.770983742397,-7.91030491038691
-98.1048991370481,117.665622335247,-43.4413915887417,-125.563368978823,1.44276309318957,4.88464309831033,727.223317888542,18.9978217999269
32.1659686845596,114.780179874055,-54.9881374945398,-103.526859148506,-8.59636523405061,4.9123243218346,413.312797114428,-2.01954622854828
58.861998102584,67.2295449431113,-71.5402579192742,-156.961945505143,0.0915903136483394,7.45480957690597,654.072366434418,-128.415936685262
-0.220878861505753,92.2357026082682,-80.7945357274148,-83.41687171589,-3.73696456442121,4.43637292618223,424.379907269002,33.2938954429919
-75.3372521873534,47.5729588606155,-52.6664418101645,-102.471004358922,-14.8875237901502,11.8425049248035,634.942916639993,51.1024625972786
-100.725451157748,99.9339870643453,-40.0231467974081,-88.9112914320285,-0.568677605682751,5.57106378442404,173.315950704913,55.8005960840965
-35.3541734680912,93.0242604290979,-50.1913612174394,-106.90551165145,-7.0649506867594,4.39176648283319,843.085163606054,1.64848692869418
-109.31638271983,79.79052776959,-53.9841355118115,-108.778366918796,7.44032542384684,4.38156983429508,382.084169568698,-28.927730467869
-54.3300508326793,158.611208949696,-65.0375624264998,-93.6387410186599,-5.85778666194528,7.31223292324285,857.15708121004,-25.370920207657
-20.687053467831,119.518309772102,-69.2732195352,-75.983300480355,-12.3210998781287,5.43265304296074,768.659637400371,45.0568688082203
-12.39403069541,116.605737363776,-65.2725877936755,-128.633356785584,0.49254154335722,2.42287782037602,110.36934356772,13.2778669066611
-9.14601887244498,140.09717101368,-72.0983574856073,-99.131062621891,-6.88148848383571,8.42136857588775,347.368658475309,-36.0595368579152
64.16635427242,87.2875847596697,-103.144354279262,-123.552488080171,-6.18834396218153,6.96503515994118,557.304464220455,-23.5584002577671
-1.93269499060989,114.576436257572,-82.1678357759374,-177.855198673991,-8.94545331805421,8.26841545043135,353.160969929035,-20.8196198273217
-46.5003779363542,115.248250800461,-53.4311580743961,-55.6695809323282,-1.37578406553803,3.39598973141983,274.873779758927,20.0362081785934
19.6278575920151,180.476073937429,-59.8116684629931,-201.234220836952,-4.64698276432318,0.0250819346620119,531.258804782046,8.07667626025795
45.3985665215732,94.5811750292778,-82.549836861428,-124.525074021425,1.43769087739929,2.87001594135654,549.836256082193,-74.928759186645
-27.6392287417402,65.7319209728958,-50.2060363028431,-98.5598518719198,3.21959011668514,4.64222943829373,165.175541939319,-73.2004208696744
-110.818921132726,66.3296990476083,-37.0017328920003,-72.644932233321,-0.952176036793389,6.32542876515072,511.776299198362,86.2580124253582
-87.4496052908071,123.839513986502,-16.0627787719714,-155.592939684,-7.25772965885699,5.59052181105653,356.304776454333,58.6153003081781
-30.0000489320664,156.197965933228,-50.9766253457638,-47.9018360150221,-13.7493905706506,7.1791166557523,289.625268873053,21.5520617319853
19.4118599484791,83.4590325649478,-61.8238541741739,-73.6760738283083,-8.89634702299372,-0.357979724340112,281.424633689894,83.700519089849
-119.004527876445,109.785456269345,-22.5878286331426,-84.1096898765391,-0.319611946179066,3.2839124694292,426.708084496611,61.9981584042835
-62.8194409517455,159.869705549805,-24.5165277424785,-105.05233267296,-2.99547120159696,1.7013050404239,-132.724238949886,59.3180838217377
-114.588727519789,116.745714588949,-37.4033853778528,-88.6887849165942,-7.38931822354061,7.39438370082644,688.252130354682,20.5923918231711
-9.32485984754749,63.449960874641,-67.0147471830714,-133.274064319907,-2.48134972188927,6.28963284716883,609.748988142775,-78.3899108404294
-140.593229556696,112.1160881346,-36.8715408376738,-104.551794668958,-6.05499108177401,9.35714067985828,1162.21013362616,5.14009207257186
-96.7525898730892,96.7344039039999,-41.4148758001684,-105.063871262919,-6.89805975550553,5.38701652084637,-60.1157271457269,115.50112952682
-35.9803696658455,143.017951072747,-48.210168636404,-94.9520903368102,-11.7023121749226,5.80287065042648,452.414870580957,84.9631911191391
-144.028151268616,91.5388750250968,-53.9353154068231,-81.8151515985446,3.64557869193959,8.5203083960223,988.726821888718,-67.7910825329371
-43.3855419318425,149.727785677314,-82.3712476203364,-111.079009128967,-4.08103823411511,5.40404460132413,1421.30647902432,-111.350671610227
126.742187737319,169.703096981291,-93.8621123986813,-172.129371831572,-9.85391101486312,5.0181744914953,140.300879202259,-67.2823816456075
51.4879594510858,161.947609932562,-73.8016923918913,-115.656375922699,-12.7239481359866,1.6478414627345,-60.9387263172102,87.4133783027864
-97.3750512055485,175.779260164796,-38.1169246230056,-222.166816802201,1.19149561790982,2.8976599526577,426.01019869736,26.1845156642376
-93.7839153755631,86.6376298906689,-32.243549649731,-142.737634225407,-4.0711148096816,6.36420709131926,260.831951387081,62.0317711834359
-163.453527115445,80.2690361529822,-51.2207376919614,-115.782465933356,-0.470177063310985,8.39655176835367,1122.43093257342,10.2111834334792
-57.6812916732015,161.469389568578,-49.5567928532546,-205.797165184322,-10.2993918046268,3.44791245776287,530.7584254753,131.140744819297
36.4225617985358,43.7374273610621,-65.9792157171833,-134.10439015631,-11.985005798444,7.18421015467902,801.107439963881,-13.6522052727523
-2.61602851262069,147.012091935438,-46.9523312420133,-124.277050911078,-2.89972551661776,1.55137069628108,102.155645484396,43.182662449457
9.04525917114552,82.1532184371536,-38.4192312431478,-99.1237933997327,-10.5177887736263,4.02937455709616,244.435344605761,31.2608202333124
21.8525446082203,113.690133343072,-72.3048470821668,-184.693278966421,-14.3171100917389,3.38871491301688,65.9467373875741,111.149604905691
12.9221343462996,145.696300864744,-81.6134485715229,-188.842593331559,-9.01641534315968,5.19539579054981,879.479919906881,-33.8094168692151
-32.8570009594114,203.036477884554,-76.1477071028494,-142.140683611098,-13.5528484534007,3.92337029104237,636.865103004107,69.1530510462107
-21.0735627422018,73.1698742757799,-58.8969725311035,-174.302656055705,0.732384981631185,3.30810143440613,-269.530504668772,107.364236378053
-80.5094741865432,117.45585712076,-43.3405248695635,-103.290699407678,0.123515913946903,2.96566732657084,284.919855382846,20.4445671692665
-50.2138845705704,58.4998007740428,-36.4299408398365,-37.1012198149692,-5.80045775941107,5.43109219746839,474.203682160172,20.9631156122632
-51.6979671117733,14.914601638784,-48.9301831320481,-59.5602521956316,-3.76391796285316,10.292631999735,936.139952799531,-27.6505412495317
-62.9661016444879,54.2858132689726,-32.0348417467321,-71.1174961751967,6.73440734535689,4.34741520953139,-236.353656102212,0.975096826441586
-62.0694156628706,136.015148054592,-67.5762011304105,-116.409968547683,-4.8359506099514,3.35835775098531,925.64647234037,-17.5278536556289
-73.8516408045834,222.902093606426,-98.5103377234918,-233.205188859985,-6.09108696791372,10.2396462192628,1019.65240546127,-35.4432698284145
-35.2629290903278,91.6635204759659,-80.1574946785986,-189.222825607001,-10.6505999421352,6.44889665133087,598.481865537498,26.8810402773524
59.9605811875081,130.019457627037,-92.876173429986,-156.748641573373,-10.2068801105561,8.59354058153986,201.890180780683,-47.8827981003415
-51.8722816166992,84.4870228441214,-52.0421432088187,-24.344325340091,-1.87469276353659,7.13787541432248,390.730879632705,-30.16185865427
-84.5512941517372,62.0076426396888,-35.5689372363486,-65.1134718864778,-6.42388980436954,6.37163372669602,862.19966045297,34.4802229705892
-56.1537118846318,163.916720847163,-48.0610806422192,-202.944147607777,-16.393030693831,6.89565734022472,574.239457487478,45.7420629442931
-54.6654894972453,51.1737987223896,-41.7539949231941,-79.6785648659934,-6.30008402469684,9.74414991977392,803.939632739668,-16.4941694719964
8.33600600421778,130.118886905009,-67.4202163637383,-74.1036620911618,-9.09573115712556,3.07965081351722,166.161160599499,-8.84444003627141
80.5736328641942,81.7464658426325,-99.1000286627004,-106.584100169859,-14.0151884310326,6.54433720078669,348.139941426041,-5.08455801077071
-2.67049040703569,119.707640497611,-72.3074848637334,-171.087452697277,8.08673868316691,3.85791467617673,565.710097684307,-58.281121257387
-28.259212409117,86.7654616906948,-44.6479871549964,-107.388962784149,-3.53942282049684,4.18102355349401,537.260609339894,9.30191845756781
6.06959366004321,120.762045711643,-68.9165345287329,-176.453574200372,-4.21657866652822,7.773879868324,824.385549158324,-46.3848020719124
-169.011125840807,66.2315717200763,-30.8431478460261,-35.236396498789,-2.31818943480539,5.82123052925454,1152.38680547319,2.40528761308815
-96.5708211958554,75.6814434534899,-15.4066868300797,-102.104822799174,-7.82947133817106,4.9367993531414,414.713344837652,101.060505836525
-17.3189607048334,51.5847900081499,-60.0490383354918,-24.0477105715909,-1.03444366047916,5.80890746736259,401.451451371628,-35.9007657760812
-49.1184104939402,132.742381000355,-72.0532576177793,-105.012435793178,-7.70355822362762,4.53048794281494,625.686645399379,11.3067223400067
-92.068014970333,105.000855041733,-42.7371973840636,-144.052375182495,-5.62940676425205,9.00977795028302,546.301292622913,-8.52465282363119
-13.9435268469824,153.234893435641,-58.6121072387946,-195.388656009076,2.91771370585047,4.18926678824573,495.160242210433,-18.650947969596
-57.9036514387699,29.51364387996,-51.0761637186231,-67.3383592481705,-0.0530871389782988,3.07223282454834,824.973008576475,4.03849280028226
-64.3477191999264,162.206453169463,-44.7534776140819,-110.50534831667,3.83200999442488,4.90340003877282,291.76897772697,-67.2811800217605
-83.9301423485813,52.3722276192457,-63.6914345386904,-103.535268984357,3.47274339175783,3.94646339447354,884.397867435138,-1.73968702543084
-59.9668240094961,18.8489060728461,-41.0309932628006,-72.2380792434851,6.27503107780649,6.24585952353664,584.196710777149,-59.8443278145969
-2.8095103935193,13.6618998111371,-71.3506875182528,-33.5285867506936,-10.9014230474422,6.18189500296648,770.126049452316,57.7762236612689
-20.3672539448307,71.6480974716724,-56.4572046311732,-63.0020060514798,-0.0984382720271242,5.16321036034788,350.869241156384,-38.6881602014
22.426170534105,135.097155338153,-55.4474308959761,-149.110574561215,-10.6519419143588,5.41560220162501,231.819321600953,29.3538114896273
-179.555067368856,65.0663092670238,-30.7800354076317,-68.7664222987878,0.278348703635857,8.66867713905958,766.956916150975,4.66896713358801
-97.9506266989774,48.2744953254946,-63.9911026779082,11.5493213075097,3.54749582676413,3.10897908565767,574.57605456905,65.5313070894226
82.555325354416,17.6128818437865,-78.0482225041924,-62.7576956424455,-0.840937306318665,3.89008871724945,328.97442459772,-45.4114363976987
-171.587079597834,140.912865571783,-42.6682680322847,-165.440173176932,3.66467889585329,9.60527189943241,860.66504956087,11.2992731021368
-22.3903120638679,185.995480739351,-57.7734924652032,-197.505503244342,-10.8844082126611,8.80644252496131,55.5840987301926,16.3208545247981
-148.93662690575,217.484563907448,-34.5533438607108,-62.5960842819331,-11.1337162817799,7.71100936901348,516.645803950407,62.6640594797209
-77.6136643079954,87.2380124389892,-35.1293613391317,-174.735857245207,-11.389024625023,5.62482986212126,674.006638366147,51.6504351292185
-63.1596064027544,46.0071003212133,-41.8325653826687,-22.7174467361765,3.04969770136813,5.93583184263844,260.349059033673,-46.0613315887022
-171.121981556771,115.986711372389,-22.6680393114034,-93.8400827193618,4.57291848228488,4.98555912517622,724.056994061204,38.5599203969468
-3.85709177634271,258.346831360162,-62.7599326262862,-208.084489461777,-9.70103858540097,2.98564670055566,70.6149352626817,10.9433643575176
-194.521207571412,198.891004997102,-30.3209923187387,-144.34866407769,-12.4663726703839,5.88254669583694,785.522767568258,116.280761603353
-190.946058401438,50.8868784698716,-35.5424891104994,-44.3859567960062,-2.5847794140027,8.81788640836021,619.664740663065,74.4873147742328
-159.068590199415,118.078754383372,-17.6555566209863,-218.93509268442,-5.99890650564339,9.58313887860277,1085.39787489561,9.75872534616065
-12.9417348128627,114.793586390435,-42.8729447462101,-122.552718565916,-5.8411848034084,0.140923369879602,-17.8099907049909,58.5184777660907
-175.857291406777,95.4243256836344,-33.5073448877665,-27.0671090108808,-3.2315941870911,4.84452501221313,571.043935581387,113.76253113836
63.0607166427981,83.3228074744366,-89.7973206400638,-193.280891922332,-0.593311497330433,6.12002426871913,188.318513176622,-47.5892972537549
6.66316698491391,91.747700574284,-74.0695611959818,-127.133648074756,-14.9314777347463,6.38021059810126,1025.40814004035,36.9846664589095
-99.2244445972174,231.417696917255,-56.121911808179,-157.646052010576,-10.7124110642471,7.19749484382191,1230.1990101698,-21.6456955952252
-68.7647229606664,144.82950279081,-61.7602817554725,-92.8486819741011,-0.854698927720165,1.07851681718603,144.258822278651,31.2884665208821
-115.133585594464,77.4008814729459,-34.9936177778727,-95.255705435382,-0.864158176027559,4.23626593731024,124.08213472458,47.7047524165991
2.99357585039979,73.8504196654685,-50.2440016334249,-113.401424578027,-6.39677377418593,2.57967680717593,608.01913426083,27.2176572057069
-59.1656479520461,139.824686525193,-59.4046996469988,-113.877333698856,-5.87372823967598,7.36279466617458,169.262845440091,20.6855545931685
15.4937937393624,83.8445038482023,-33.8529824257494,-64.4687253831071,-2.64782467490295,2.24678950706584,138.396244100215,-12.3357521088201
-64.7260717655154,59.9979428586084,-55.6691572084383,1.32998575955571,-8.83712141412616,3.98310319661687,593.413636785768,81.3037257912092
-147.629345236478,142.172788007477,-53.8801585685724,-133.990009366826,4.99880208916147,4.18479159314302,707.294903667935,27.9320929001988
-245.652308906865,142.76283025436,-9.36286346492125,-84.6922609844478,0.589482780342223,5.4373021901265,710.22685011979,77.9138169983344
-80.0667890749901,8.60500410519307,-58.6631728802749,-90.7200992826984,-0.692194890099927,8.35166909515829,722.234768671879,-31.4365478425316
45.2673237665313,58.4634141323331,-91.0284012428747,-112.857426798175,0.00796380773863348,6.98511165018135,1034.38085430013,-97.9166432448137
-145.417009990459,159.522768136478,-56.8573602705146,-22.579435725871,-2.14221476951207,3.75373949707864,1074.28756598756,-6.9540590782708
19.8754288065684,85.9991008525831,-83.8827855740674,-111.362797255686,-14.4928023450193,6.60156525777711,678.363269596848,12.4716387984517
96.7921038572385,184.750203741969,-88.7994921700374,-209.395914323904,1.38378887430736,2.8597314129529,-55.9091117674316,-43.4394796190609
-50.9656837778166,140.360633615506,-36.7758600691959,-156.606254156592,-9.84186315348779,4.36985213091248,32.3345147251384,73.3044553922955
23.4249859879674,153.512105485897,-52.8340770131472,-153.194881397882,-4.524991709186,4.80435594747541,-42.46487891996,18.9832025851938
-68.3940646923875,85.952239620121,-31.6149733222555,-102.474659485721,1.3510319928464,4.74329046921048,491.614582513193,-20.5684341998567
-56.5154464180232,140.600347131156,-32.6097730881847,-132.863851834514,-5.30114902015976,2.71771266218275,314.29024403933,64.5932372394855
-100.423235538416,96.9408928694902,-37.027375321954,-69.1353979888918,-2.74810619440359,5.51111616232083,371.867912333071,19.6181353732281
18.6147968580626,80.8948077066161,-61.6490741331363,-34.7500548565658,-4.23712558654461,4.88848401040013,152.201865408366,4.41241015226842
-52.992595216012,75.4965174089884,-34.7543120131886,-106.128935587134,-3.8485474013869,1.12468632591072,370.108353759361,46.2514187410998
-45.4394213001651,203.462844323402,-75.3752492061139,-218.098340971417,5.58810190932127,7.82186352692224,437.43272530011,-86.5208106891223
17.8375278803942,162.732935511929,-61.3560929428932,-93.7125880421081,-9.00872515664378,6.98367293648334,479.761884765587,-59.9090850356297
75.8797267888876,183.924285237372,-73.8710040108563,-138.519362291212,-6.90855164999812,4.79424869451213,185.851851890366,-85.2327014251714
-65.2464239946567,154.629725687206,-44.3984203837754,-82.8560073413719,-1.12531198581928,1.6249677198939,710.612591544806,47.3842001757666
-49.4521698469471,187.049755279761,-61.8383916021266,-159.246497980441,-1.9124332935271,0.511667871105601,327.423761224112,37.0024780476524
-37.7197117936448,62.7812943788012,-44.5674633854942,-86.3625874921127,2.74403446345423,5.384447132692,523.661420506745,-69.9015423470119
-133.199956501681,109.845367503032,-45.6489504328565,-63.6686076887418,-4.10717038949588,9.90351916241343,591.57066827704,-17.1385157011755
-51.2825788327245,118.755052262131,-79.1137058803579,-85.5902690405055,-12.9103588023863,3.85283101754612,1001.4950580148,55.6048790127606
37.1005220975494,124.027557130277,-78.703780377371,-116.635064976595,-1.68931666672324,5.03784602355881,358.784060878155,-73.991375976766
-97.7419777420073,63.9401889372384,-47.6126121827401,-73.515348668283,-4.36069936552667,7.14370520169609,1132.06970425198,-10.2932910403179
-54.6080388003174,76.2743135436322,-43.8060894705559,-100.385669938301,-0.299975234191152,4.62400388380047,203.745110051823,-8.45317637498374
21.7951003471135,100.278814456397,-70.3992497227155,-49.809479451651,-1.63843789225029,4.5109560310957,454.37826431336,-57.1648386037123
-16.3026802663371,126.972975842511,-70.2637612763501,-112.070011945849,-15.5456903961021,9.45362815215049,954.017458000082,-20.7863124078431
-53.7176267149625,175.412644684164,-92.0966339944353,-83.5346715112719,-14.4804622711235,6.48458935867529,737.149633485198,69.8583217437117
-182.532614034772,81.884610771318,-27.4031794382536,-60.4919944760986,-6.89045186636213,5.40708546734822,1258.32377050865,92.8686146454711
-4.21044679957708,173.296525466096,-48.9154482801387,-122.031738022648,-1.94817966158735,2.2848992383515,299.280230308315,-2.30102098314092
-154.649446811178,83.8024968403406,-50.0816884307715,-60.2509090913227,8.01658279539697,6.03526655503083,1108.87062322115,-23.6416634318084
92.7727537281944,166.436676725076,-92.0989198655298,-145.112867827847,-5.29610626973408,5.00544244417688,-371.834577686794,-72.5331607272674
-23.8614294552535,218.363155373459,-36.9542776169983,-218.359775022785,-17.333377798117,6.92940024769632,320.123254538223,51.7337007498063
-17.3038077674728,104.699286211631,-55.7312751598292,-126.960312072362,-11.3766625642602,6.18521846981457,735.900433810166,8.78507654694113
162.338957556014,136.05941051742,-96.350793401245,-101.641111942648,-15.9102058142744,3.79683809210837,56.6705301750153,-10.2014620899863
-61.0936533935928,68.7228539339249,-46.4980011077132,-162.009983626631,-5.64168464473914,7.47425941709298,607.970422762039,24.0001319500443
-253.86012556495,112.478719430714,-29.637493029215,-152.256174603419,-3.22860322764609,0.0712407962128054,719.168507156937,199.974191155836
-86.9229941254889,83.9618035096355,-50.4543730000005,-27.8283298617607,-8.81967578135664,5.05373110463552,592.907248321906,87.4530090479093
-14.1906505757652,146.272949683298,-65.7982579828306,-84.1577341707452,-3.99424686652492,8.92514873243636,314.218651912962,-84.0953094566175
-28.6409826809759,61.1806291835674,-45.4453966790279,-76.9591501230025,-0.557747304759687,4.85105462673528,495.093077657266,-34.4740500037769
-23.3286893029363,102.519389213936,-43.8772922342177,-101.064429253667,-5.2856365139196,3.4815185527259,-27.5813300559385,80.8719696182816
8.28681318377494,92.3678981953053,-44.7386654817674,-125.350079857861,-1.24168301709142,5.24711460826802,336.909151941139,-27.301991068307
10.5750824320148,64.5751739718398,-33.6997565722631,-63.5980344686832,-9.26697110634996,4.22280290661729,54.6894142326637,32.1626861434793
-20.1025759918557,38.4637454014592,-40.3101330185054,-61.0933556174277,3.26492611406593,4.21372741450614,163.868896910164,-9.48681491934985
72.108667559165,136.459964187176,-81.838880262163,-98.0832531595224,-7.99859117608867,1.56507190076809,-478.90905708259,67.6677156955702
-198.989063386689,184.404528618616,-26.750163543169,-126.619581897688,-5.29879656308913,6.47085557106766,1095.8178184135,40.9787562115962
42.9206512637029,197.686933113102,-77.4629285278224,-98.1441090648023,-3.91593029801152,4.65078542366973,-68.4237298083317,-24.1006822032869
-133.777086750042,154.836767916728,-44.5876263680873,-97.8800632456987,-3.18765679498028,6.33745434696903,620.684943223125,43.3466736332193
89.9746590780051,79.4474368849769,-64.0027141712053,-217.498138428702,-2.87315573138767,3.42112581235688,-18.5632838042075,-18.8536587157305
201.358157970812,111.271377115245,-119.481739463605,-126.741291377759,-8.0961003027478,6.37308422213573,50.2318988597835,-114.638138357448
-79.0569627688965,145.265390044777,-52.2676412654328,-98.5967455109203,-7.47149904943581,2.64507487675291,618.49414691054,63.6070616568031
54.2228478278521,171.562654013556,-99.7775312078011,-193.48649432522,-5.82042943491251,5.7354118975345,191.810668821978,-101.503383838673
-4.04477976801536,121.836777162884,-75.6190915476982,-76.0102445712546,-8.929177801896,3.93539837519347,357.000894448633,71.1001218074816
-52.0945473674656,264.545699288035,-89.2492300076919,-182.810834643205,-9.28467851052119,5.46385952485434,629.250114651109,17.811524647138
-28.9800840084572,126.915120995858,-49.8933005574218,-100.69204875041,-7.28053175159584,4.80432117125019,547.775334307022,-1.60935337185219
3.78008357586805,147.999291516433,-74.0061516444339,-107.032652490889,-10.2741092064243,4.85936045350422,159.845586086987,68.3705552709616
-185.083442621486,121.114716682274,-55.3139648350771,-165.55850082566,-3.47525383138054,8.05947175657275,550.935450260367,77.0035048339741
-164.998399468328,165.159651959064,-53.4664306969426,-67.725409603212,-8.20242016407428,6.53191711208638,1268.67028235808,42.9394250935729
-66.5278792572317,116.06262255038,-62.7675278537645,-164.070267323812,-10.7921295830238,4.57408906957426,527.232256201576,92.8237352746182
27.4069864491175,113.955286083918,-58.7576599306412,-124.303905252127,-0.527298057044391,6.1042437258975,-155.080374556128,-55.5642619539867
-192.687381722106,123.505218189428,-30.2112591266596,-42.4804735985963,-10.827202608285,3.39364248896891,544.855522409562,202.724966389127
-58.0401461755246,95.5605659537832,-37.2335919315319,-70.5658838999225,-6.39544103511571,2.79905008235073,841.676548147574,24.8599364293914
-35.9293779522523,174.261053747199,-65.0485039868399,-147.751785332541,-8.01761548733339,3.89734591860906,686.626540239049,35.8768667722761
43.3906970738608,154.586148008309,-72.4239922414126,-117.047386251861,-6.93262531001528,3.37489904288668,-242.193715220172,43.8213379482258
-82.7750726159047,167.899409361919,-49.4536515545915,-73.458041246995,-11.9606653122464,4.46150572986517,190.279405521025,91.1718482112628
-59.8663169654319,191.222435953836,-47.7986021715351,-108.296763428778,-6.687492770885,4.88373968574888,440.974557380885,12.8831581549166
-170.155867999172,86.5875105915329,-28.0018926081757,-67.4913588326453,2.33395776202087,4.90483508126817,914.243748504989,13.0969557075732
-91.2013293719792,100.412624270961,-44.0573234074654,-93.9223953949549,-13.6225745952979,6.77734826583765,704.269343287233,48.043677071837
-62.0198063478892,113.627804314601,-53.3346917019371,-107.403106870406,-9.6269156444032,8.55470720614539,437.585380124166,62.1936162574566
54.3892512097445,26.0771826352866,-52.8741820474024,-142.085805792969,-7.00340198035701,4.56498731433112,-9.01840731943958,0.343862462839752
-122.790407510896,49.0252655490858,-38.2950928310456,-54.4390839797561,-10.817487350374,10.8455922145738,708.02470333493,30.3374703734153
-111.09471582601,122.868695954399,-30.5569750611085,-92.9943093491602,-2.45630454833736,4.98915726591804,217.331289280279,64.3532576424041
-15.5044618219836,139.798190858637,-61.7075171769538,-157.078012965067,-0.350141629111022,6.14612756365386,248.125222446004,31.9656554782705
116.044353846402,95.2361589359134,-74.9647263338484,-123.792823118674,-9.04534809208417,3.5664885492879,-57.8680056249723,-9.97400629369076
-54.6762389092473,105.495389050397,-46.958745603037,-136.720207336952,-6.70176912620082,5.2693010433868,196.663108299646,66.0243444072694
-43.0909063070285,36.9499465901008,-38.8867079025949,-56.3351323043462,5.88703442112819,2.61286151446984,312.380525979825,-10.3229257208441
-57.0510853782471,83.8187373778183,-22.7219546956185,-107.17520100797,-6.74944856778848,5.36387766422558,190.540822058276,25.4328106072689
-125.284072559138,57.8926819486369,-20.2933251512513,-10.1382785137685,1.87541478763887,5.00543792754979,479.672779325774,-2.68126234166266
-85.3158885258163,28.8457126075227,-27.8323741048371,22.872856191505,0.162202166509815,6.36460629792418,328.497687664007,30.1234809670859
-30.7229722038428,67.5635934886086,-46.6415701843507,10.1378489282943,-6.18730043949836,8.32098501326982,286.165163652942,5.14410755991048
31.4450332417182,147.898967198809,-81.0384409352555,-144.589822882423,-11.1965272353791,9.19861427537398,773.37316318394,-87.4982319157862
-150.142631922165,54.1971434395473,-24.4006832201849,-115.23748473126,-5.43582833391848,5.7772511052317,605.60488450664,124.353394039073
66.5488826469373,136.504390481816,-88.7095267003315,-197.086030876904,-5.85171566693316,4.28954233838522,393.505281399594,-79.7688953025063
-81.7330785663253,68.0772012798843,-45.2784716900351,-48.5635020081936,4.20124872944143,4.43954974586086,600.370217022602,-37.5900032019545
-144.996326519351,103.009743037255,-18.6346260187784,-115.952301529003,-0.678549454474705,0.437811669486109,80.300721457872,86.9958879047772
-112.109696089086,136.649721774949,-40.4704199209809,-204.249392813683,-0.468402468875865,8.64806042357668,570.056842503247,-7.37642531734309
36.016521562422,145.527322121197,-80.9071607333026,-65.2295229456649,-2.59492548939306,7.34719451599813,40.8878724552342,-64.4309316135332
-149.147643132186,59.4872011754051,-44.4471687436599,-86.9402274615859,3.52958651074732,7.25931635413144,1229.93848837759,5.81065143795695
-85.0782936381074,69.1089065003616,-42.344187460847,-17.5487148927205,2.65268632510526,4.24487322886125,190.479822576352,12.4337352199655
-118.839874044352,136.124458445819,-45.6087865293084,-145.242780790984,4.29269710068183,6.08677441043255,744.696742117963,-24.7682940629747
-40.4217281429155,64.0104618380574,-39.6217135299376,-146.254331557284,-4.12911723841535,1.71025134090451,500.135991481686,59.5264890181279
-38.793559210797,39.7932417316406,-30.7440090465752,-40.0472904650233,-5.4672787887248,7.76884932724352,563.122958021157,-43.8204813458433
-293.783326967081,121.772739375812,-21.6713478943275,-129.64571681447,3.02062690047751,3.46917834811029,869.048792787478,167.933338828305
-40.6816857816539,202.945664085441,-63.5082937116604,-103.199807876095,-1.63730256036069,2.80295319380821,783.805360795785,-2.83842257008291
-22.4299229684038,89.6022806027613,-58.3742143926065,-82.7690813264053,-7.63626933532942,8.5230550004926,713.973016373697,-0.231613921238022
-84.8062216263934,139.965370069851,-39.7664990157791,-108.535519144658,-5.85080625565752,4.25409592254437,-89.8377328875231,111.215534222658
-124.201705763757,73.5962558887113,-38.725286931658,-102.90994550685,-4.91500783464289,3.20928815787192,433.728544858561,119.907101629607
-5.92738085570454,122.192004988523,-53.403431507948,-157.509400870033,-5.7153037750104,7.85460626037093,309.853399594373,-26.3596048840227
-43.0007392618572,88.9098405436671,-43.3554180910069,-155.48089226182,-0.613274185292539,4.24548346598931,443.559611632034,-16.4939001295716
6.49671331549689,42.0802254581358,-78.4403446634897,-112.969576601607,-2.37586993386503,9.25765053030045,324.543554854841,-64.4597462166566
61.4605432941316,138.317665289898,-78.810462350637,-144.001349643455,-13.5611882090743,7.1644813195453,281.515667173107,4.2752360831073
-114.444551059827,53.0302524317667,-22.9490109139151,-126.76086442727,-5.69242334127193,6.9825206627429,857.727389355397,32.7641638616478
-145.505286139967,132.915744846032,-74.9847855368134,-14.6794599938894,-2.50552411303215,3.29117397513619,229.983885423571,142.505931605891
-32.7668654878653,92.4922697085276,-55.2782865590707,-144.923407029997,-6.65930233777908,7.33485340922925,502.257444892486,15.2105349883077
18.4947804757976,150.091416550462,-73.3558444127848,-160.950854381306,-4.99607465779627,4.21233194157685,267.424433713837,-16.9526788322255
-50.998764495831,49.6810794782541,-61.3466821296715,-140.853508971668,-3.75424733798718,8.37131978734396,604.40552824171,-5.74826063362343
-58.5832011647599,89.0534973128742,-54.6537938973925,-120.498075133772,-2.3172815330181,2.58135982484146,624.279494487026,20.3277728458343
-153.377800846545,155.5585497309,-17.9132320841454,-224.875928656824,-11.1441679161617,9.52309090350172,384.46592583786,150.072114787356
-120.82816386265,197.923914505991,-56.4193044023777,-274.685960581975,-0.201099789410364,7.75375362786872,999.273555637905,-30.7090558139898
-144.407444412216,75.5404111890239,-42.6013487796772,-81.1947375370801,-1.09183844534709,8.03423034047591,526.129744962764,34.0172663017802
32.6612360750878,79.9695997290546,-60.6665499102819,-117.664875430608,-0.360858091231421,6.01205693350494,145.333213402046,-81.6915396687982
-53.0640663288068,162.093920281928,-73.9613234340795,-199.424543718129,0.282871179791982,8.329108119593,1085.18863828099,-64.4734423816917
-168.356196267734,22.1505847987501,-17.351548629551,-40.743374388745,3.35601837166178,4.08099731366383,801.723319199617,28.7081674136571
39.6726365019422,162.181199744824,-82.935239723327,-153.826272584483,-15.3029106241011,6.86263188841986,1108.58235865139,-46.8790422348065
-71.6308049773361,130.832779638295,-62.6360449927997,-191.969238727033,-0.0504519079695456,6.44937594041403,895.254216454909,-80.5641788813955
-86.2385005147953,91.5450041809236,-48.8431141210312,-163.194287980019,2.19966445994214,6.09076495759655,877.042849206973,-5.93031451517891
-4.55324051561183,121.812995291781,-45.07427484044,-106.786162390534,-14.5756225863734,7.51517547191179,118.53700775743,31.6027633001795
-54.279874159949,123.730557518913,-46.9915130796289,-121.927261170465,4.13956969267747,4.97163114560681,433.214992500958,-17.2192915804879
-14.9999046954181,140.29043100428,-87.824890797463,-75.88391527356,-13.9396100558879,11.1324248135352,-85.5668629583961,57.5075774074649
-44.2075812558051,158.173945055387,-71.56387542843,-6.41039953610743,-3.53898281223519,5.84879372375144,178.539265615836,-33.5797935252704
14.1119635282375,185.122945424606,-78.1398295108229,-218.263428175334,-11.3622702056236,8.89374161307933,324.844496026752,3.36831397055357
14.2035022318305,108.489539938051,-81.5284175543493,-57.551661772115,1.67968760846998,5.16479223882197,521.426167079371,-75.3198696889303
-186.534349357418,78.8387252117391,-13.9984400508056,-22.9174508068718,-10.3849018315341,5.70828975227778,994.138957531919,125.699536983651
-26.2902992716408,99.3399986928125,-26.2192689083895,-121.191099147967,-9.36759718942631,3.4878703167924,281.94658818093,44.1603815726266
-49.0707873731571,50.5413968401717,-42.2786451461143,-123.392988193344,0.817641593894223,5.28178103609389,490.185620454024,-38.3058488563242
-120.718323613481,196.775753316215,-30.2577260470571,-74.9235876878956,-5.91755263621599,3.01553629474074,580.067632113234,73.5340647070698
-8.54852809230215,91.1824632835196,-84.0340847243351,-162.191380815493,1.92276840770501,5.16352657205425,835.174031915871,-42.3431232307889
96.2881190058924,115.040762106357,-79.5453457039994,-149.072888479495,-6.7541057777853,5.16795424574593,25.5181559751109,-49.5679187626738
-30.895419312903,82.969231013747,-65.7545389764709,-50.6424074192109,-6.32870254824957,4.81809344484645,811.884982093266,23.7799085251609
-211.270929673163,178.350834344528,-41.073711949728,-221.024741977919,3.88291941784883,9.23808842696133,876.150106194429,-22.1554356055567
-24.6082264033612,146.613016953866,-95.9029573028674,-162.715081905684,-9.50572664941683,3.46982886434125,1344.29173194073,-17.5438288455625
79.6823898559096,108.235887740222,-70.383210290136,-97.5205432024813,-10.2775509173807,6.22469366824953,458.771604840615,-82.8271944957378
-115.827079445386,77.7475424354998,-22.0076823102754,-61.4315948096046,-0.57048168311303,3.48441149521386,706.641739513652,25.8399896682095
-133.762404548652,148.090915777037,-35.6283709409181,-210.872881289193,-8.54734741296488,8.04796036663174,1208.46747857088,13.8998768051679
8.9999097037653,183.64898882122,-92.7782513318525,-165.155158371519,-17.728052290855,1.41106280466192,291.297760493238,139.811655043915
9.43621762609109,153.485507720223,-49.7229385243736,-141.698196273916,-14.7715755225072,6.57437928815489,39.5093932171294,24.0185780850807
-40.6325386069882,109.061265481709,-52.8351553714019,-93.7518677414773,-6.43549166246339,6.51397948819795,88.9842298193253,32.6656398314517
-40.0277030319266,119.197069138223,-64.3070131572895,-222.235020384207,-2.53676797150911,3.92789305029146,404.603419489526,57.9792292688653
-105.288230385137,160.965627861617,-62.5109033983899,-98.1678157305578,-5.52515993667475,7.65291216495825,1112.27121250158,24.7079927430168
-133.8497004112,62.1434921399486,-22.1976556579975,-52.229905004117,-1.29749367982731,6.76556502757012,762.187766200968,-19.6258472344489
92.9179922402072,76.2937526708338,-113.007928411826,-103.064871057926,0.198499061252733,3.34111809437672,648.512943872782,-97.5088435724065
-43.4473436407861,70.0507367303944,-54.7538309022639,-98.5447080281883,-2.68138695359085,5.512657785177,742.167407563655,-11.7103821490018
-105.875377318178,168.203065477878,-46.4292101753526,-135.05524458718,-11.8429327067788,5.88463808904635,503.51678394086,73.4209022459091
-81.0410741818196,118.469491593751,-50.6780239450018,-55.5844122156705,-7.22757954261033,6.32971430631005,552.314936708787,52.5723501548637
-69.4864880669629,95.10170062219,-69.87137130052,-97.0973529237672,-4.95243298483547,11.2273621587374,1113.05334110375,-75.942672836376
-81.7583171307633,93.4646126723092,-49.9403625121995,-72.7082360171462,-6.23078287777025,5.07186269304293,467.92770388909,53.0939149540354
-15.9622545752209,138.259698974536,-61.6501336979854,-71.4407425187692,3.4922392792032,0.633314797392813,260.582455666314,9.24906862538774
-97.7890434528672,56.9915755752663,-38.1069893699951,-157.172766409058,-4.9801001555752,10.9644682419685,544.982487547415,31.0381816376175
28.0757302570273,127.625749197672,-78.9603189320005,-78.4101462914405,-11.6807113180257,7.05971756255894,290.114929846488,-6.8801101892459
-252.621646553496,61.0054133063531,-13.5962693831134,-108.520051748203,-3.65576600754866,9.21705840311188,1120.26082610613,73.8495487217515
-92.8856474638887,95.5706987452286,-40.4131422817372,-146.863242270192,-9.22390314551012,11.0347265015007,805.836152763513,-18.2951137863201
-79.8947398447272,183.270072534229,-54.140592995589,-140.390641105812,-13.141982122128,3.55311230782536,771.256358906307,75.737106710716
-79.9472687494708,197.613601847363,-51.4695692363312,-190.443980184675,-8.03127141777077,-0.701296211380395,226.102258042389,192.105806491651
-26.0322288249426,145.840329442639,-84.9585147648177,-127.52919423562,-11.1444540043522,9.09503778199723,662.42222138842,10.0059288981138
-22.2835980457021,131.963085530486,-77.5497195563721,-70.6104420086413,-1.82959099995969,4.68210409668063,893.216036895588,-62.5858863703106
33.02343169089,179.534787716737,-93.1177444268833,-156.88746197657,-9.83716381536215,4.69317954669168,1023.79897504323,-56.0936945596477
-53.7035725926107,46.4328588434728,-37.7102908496672,-112.420243564644,-0.34077331062872,8.101233106574,-59.7265369186061,-13.3036762217707
7.57784190710117,35.7045215619728,-69.9504394834366,-44.8890727896651,-8.38606679839722,3.02139348068158,494.002597389626,25.4800670707118
4.01107763053005,114.91715645192,-49.6528556500489,-164.936513890483,-8.6235300583503,4.34085123780824,297.013714543922,39.9147101441922
14.032427455124,63.0149596531483,-60.9121488063829,-133.343814548381,-6.07839539861016,5.66726910332363,648.788150408684,-15.8211483008636
-165.998600651408,127.685725916683,-22.1799634190393,-156.077999255482,-5.31903878526646,6.67855774681084,1282.58227777883,46.3182826645207
179.679837353303,166.81342301557,-100.202808179281,-142.09673503092,-4.31858995957009,6.51344439904642,-111.717820394086,-146.087749429366
-328.274692137962,134.071142006156,9.0086664386472,-56.1037027615093,-8.0031368482978,5.60515997072798,933.402415622422,225.326262223723
-30.9219166266703,143.529040513302,-62.2534243943664,-210.53018590311,-1.73913833969709,4.00193755722285,546.462579896971,-55.3485233196843
-6.34870266003963,68.762702857508,-72.5941927441208,-111.747101450848,-7.60878923808923,5.01700626599632,370.522456770239,21.4319451623596
35.4180145064311,91.8521821046743,-69.4088380808535,-65.3266841914738,-5.39244846440852,6.13082638398191,288.513444638622,-14.3133707620145
-73.0504997612952,174.902215459791,-53.0776044783197,-130.242799433625,-8.17710424587131,1.87702306090796,373.956893800525,70.3388640509584
-62.7487767475686,116.681524136511,-69.8748988186708,-123.661884711124,-9.48480811803893,2.43947865490918,781.391013913147,118.87403401894
-50.4889470533381,148.742586103384,-70.6573418033222,-33.522525276645,0.660648188597406,1.30806067789672,338.812346187311,43.6473214989528
-47.7676054639178,102.880450181299,-39.4695678469434,-133.298685295878,0.925067336331267,5.71308671821316,494.36662407835,-40.66084638334
-105.138111221619,123.777778627955,-44.8169066131013,-118.542911404569,2.10735129683235,3.3184862432754,703.177602666021,-5.72096302527487
-113.174658235526,67.2052856186565,-29.0911787629957,-93.2332986109832,-2.70820932401693,3.5967270587571,531.772776552316,43.7509452522791
-73.3379191903368,139.287301190096,-53.6354502793838,-114.78341086491,-1.67866131552728,4.00915847835131,751.840414559396,31.0259659265794
3.43454495959304,52.5812084807985,-79.8772357788694,-93.2437108910672,-8.80177833221387,7.01343856980384,402.339307498849,4.59360418775759
-127.137633185514,115.090113425489,-34.1467515318982,-147.64393855376,-13.7277768082386,7.13328624117275,472.928564580245,115.153225566435
-110.321051175093,160.708002709843,-54.3650374710851,-129.459476317104,-2.24211180114435,2.24644111067391,835.532280033047,36.913245798627
-77.0659186265548,169.820367446184,-70.4647477464096,-122.043395789748,-5.36449470922526,3.29193353473966,271.488814963028,45.46829965082
-178.302715271333,200.740574333511,-48.0565828670515,-174.204770186232,-6.72386698087212,10.7182893072604,1516.4203646367,-57.2346087740661
-53.1694049330181,199.457352868711,-53.7064190490928,-236.746281156491,-3.42668880519341,5.04057797559653,273.907356131756,45.3565425229899
-35.1839714107919,126.625949164241,-69.5041170215845,-139.845094431468,-9.3825604480262,4.52041380855371,428.208560208412,65.7671913399827
-97.1300592993593,102.453459762328,-46.0575134848768,-155.864775893795,-5.14296024733267,5.65475515698199,813.497197466029,50.7439989280538
-11.7502070300834,103.018953331353,-52.3808803094362,-138.298894704509,-3.83783438362298,6.05171480844729,533.758454443278,-57.684200291973
-159.373490487749,130.6801540007,-20.5337914867278,-183.087548741263,-6.83646186019178,3.94941604849737,145.178102885751,164.27186535009
30.9215915478308,126.553170105413,-71.7506723595579,-84.0386186107062,-3.31760662895977,1.1739021539106,26.5234333546396,47.3331963614037
-92.4239261803887,51.2983154174581,-40.4652359098545,-88.7285623266202,6.12984405405587,4.25834028569079,173.400663857959,26.9707640684792
-194.785519540193,217.752996398631,-17.6887137676385,-138.585813775935,-9.63153772552323,4.63010329022654,587.416404776814,166.16689346364
6.03543912234454,123.15003429183,-81.1354883903768,-32.0155283135973,-4.02397027837287,5.55030405265279,455.670090159045,-51.7840936593857
-85.4634125634111,99.1181518435442,-58.4720889037417,-172.22734740717,-5.81216447672341,10.3574328871618,596.54172258194,10.3934998294644
-77.528775556144,93.5389235781213,-53.7263967252802,-161.73101957835,-9.44429492946074,7.4527313337021,279.70006369715,106.473794449413
-9.33136728013051,212.982293845125,-82.0649601361365,-255.460119463591,-3.00119652483772,3.64135001164868,1137.69503310081,-23.9808288300119
-70.6620860625917,92.6836423783534,-51.2332059491746,-92.1519392387636,-0.0175471466973249,5.90509946433303,430.812879189925,4.17156439887185
-22.5420717607631,71.1121128513769,-61.5837114641326,-43.1589339440034,-5.26444769423688,6.58489223272045,1091.75744766369,-104.644153917208
-111.560779558742,66.8546298334841,-33.6353093162761,-98.825864355349,-1.15287860974786,5.04867350594577,928.648847231066,1.92140967861633
-73.3796058527514,17.9781462349056,-42.922848109687,-121.934350251926,-6.564822611821,8.4607240074547,565.606944561039,56.6837813429001
-1.72132570092799,92.2385926395364,-55.3250860379194,-112.713950764592,-10.0658603426418,8.5443067594606,125.081706493278,57.4715717214422
26.1399919073592,78.5572559971188,-47.5987902475499,-44.7530868075119,-9.06112898197171,4.63946994471553,-181.801020245301,40.1000815808347
-0.075295792936231,78.0578177893185,-66.632600198107,-82.0137916078093,-1.38858699752382,3.54121167786798,-26.7421266212186,23.575618639954
-9.00315287608828,103.036642027855,-67.2765449566505,-84.3210272028873,-11.3771916771511,4.16447324475303,722.554160916814,54.8904271613287
10.3190533731831,71.5308119851397,-70.4855245634462,-144.785208960049,-13.4386375647596,5.38587187414669,546.875211889106,36.1793202954723
-64.7839527406613,153.415218022128,-48.4891287926293,-142.104916349883,-14.4672341043042,5.191989573912,919.188705092747,42.4889589649974
-68.2699019484353,115.062525897201,-35.9918016861338,-111.039623191871,-6.44658721931046,6.63844614947448,433.467798982419,50.8678561176057
-67.2193600204773,120.09183403042,-36.0984149721044,-100.640990974611,-7.11124339316302,2.75689791743207,339.238139521782,79.8898744876387
123.558124489355,100.508382917143,-89.2471334821894,-132.359740869637,-7.34329519700259,5.19741974742647,589.65066346859,-99.4611228553149
76.0603442213323,107.543211160337,-107.579052320318,-233.034335663186,-4.43632261142193,6.1194649267054,862.022855245632,-149.531798798778
-34.6323523978281,161.256177126746,-95.7080148736859,-183.985721164208,-7.83578095161602,12.3716095096606,937.506818195747,-101.475211601794
138.449693797891,73.9759562637482,-104.085679875643,-62.2433380462244,-10.4783966685936,7.59599901825277,782.926919398073,-112.552762890686
-32.4413560562825,103.367540293882,-81.3652910428937,-139.219744405626,-6.39312192727812,6.94686438736971,430.86869060855,22.6488818485959
17.4419992584153,159.522390356957,-77.8221574949275,-117.34432361558,-4.83441241947003,2.36253714282066,206.630538100202,21.7590432967118
-60.2634774814942,186.815107618051,-72.5186995688127,-184.716736487389,-7.77503966399308,5.11687349583372,781.137405693927,-13.2968773717148
59.3092431368714,99.8163248170567,-73.9942999367086,-173.879872889321,-13.7356576884631,6.96962312967844,-114.613796103746,61.5972081283762
-67.8213644524512,94.3314146415651,-62.3226723386906,-30.6141656304462,-7.31280631266418,6.63980493557028,496.116324124989,9.90057123020597
15.6389325649288,154.271352825912,-79.620061275753,-65.7222088318085,-2.27368471660157,3.74017870609532,493.494035925811,-70.6694132777338
-6.22752303688321,141.781045844895,-68.7480036391353,-191.790155901213,0.906871443694399,2.54987196167349,294.643966834818,26.4567620708913
-95.7686373354372,-2.06860527320532,-31.1061550476516,-52.7968587348732,-8.17919224953221,7.61076499888441,750.656522475037,31.7686940887943
-57.8085815178638,49.3445043357133,-29.1848815464764,-92.4882886868872,2.79759171136538,8.71704425886128,772.969335031801,-98.6119287185129
6.23681486707574,80.280234294798,-53.2431671256927,-67.3871386582432,2.49970988118002,2.58262832794571,232.766202924242,-38.4068534623329
-55.3377045121451,99.8164817214129,-42.0448995725892,-75.0233780134004,-4.41840680074711,4.61703872810176,519.561943787907,23.6499046516838
0.699289070198574,104.412360177754,-43.2451178879419,-119.4016683831,-2.80898833464016,1.87930099779624,35.9040876967774,20.7526034650073
-53.9548788552638,99.9420970738502,-47.2328237789479,-59.4880820229082,1.21350191120291,0.276971365878126,470.641876083755,-14.8444471871189
-45.1438734874464,130.279224971586,-52.4409677239164,-77.3752360808576,-8.89182899715615,7.23264315239794,783.257380686991,-31.5930869379954
-118.563776126131,122.301011399075,-42.4092487781891,-41.4253931858693,4.35909245195216,4.57998805017996,291.68707871926,27.9400775514077
27.6329265164677,147.039756909089,-65.4077161188943,-138.08291540531,-11.5083437523426,4.81993874392356,-651.619106181824,66.4877750167652
38.4905251385644,96.9203518882059,-79.0168866275344,-216.322294671947,-9.38762950222008,7.92900430450391,903.164378712492,-54.7777839514092
-168.884979412504,138.07767049145,-51.2338581577496,-153.859169991862,-5.50062549732684,0.620089960910263,254.863946458296,179.177783502862
27.6863064611389,112.028725682518,-76.5764966215283,-93.4102042172162,-13.3183769212992,5.45184958308528,379.700655098626,1.66530938362121
-112.296187000383,54.0795567788882,-57.6399543137813,-90.5291928529332,-0.523808087593352,8.05561459205637,533.668561827886,51.7881989729503
-134.519512465326,93.2174584762106,-13.4722605135175,-80.1874837624491,-1.50961738951446,6.05218110127316,189.284196889395,74.1060035416158
-108.771034628822,122.501798682075,-27.0057145062674,-116.408837873812,-2.87048233932001,4.84168652031804,513.367812070413,47.9510052442638
-61.6295272333846,42.8417993176845,-42.6202937267608,-93.8250775384222,-0.461398277286207,6.94518973623053,616.423503667924,-31.4182655969053
-186.940113163248,162.275564150157,-18.2209071304896,-268.293789874704,0.950094804466062,5.74364684404281,303.096974799904,84.7476896472508
-124.317766315304,88.3927199049213,-22.8328427113302,-70.3858044039225,-0.371244494759594,6.2162284934675,639.298490045709,-16.7578900716617
-66.4697857764404,74.505486389302,-51.4746628417797,-81.7255456048333,-4.64675243856618,3.57493591219827,385.863415872605,107.144180713527
-94.9340693077684,92.843679296464,-36.8925236779687,-16.476704728093,-14.62447955487,5.24337400174409,808.193321455796,103.3093509928
-60.8014931140515,167.929453183679,-56.1393259532924,-84.1427278956471,-0.896173137749429,2.07017952850583,302.198752737575,38.7135160818871
-315.028887692954,106.546431623668,-11.7820545837894,-193.17639041409,-3.24824067900772,11.7720505723555,1036.21868821347,106.56675267932
-45.4224722515501,133.325250027723,-54.0463289135441,-111.251102706592,-6.93304971518228,6.33242087210238,592.413707187428,-21.2776046960644
36.086993658595,169.720786063088,-72.4602546203387,-204.600467246928,-11.4695006088805,5.24516531676636,299.735443014681,19.1074298651292
81.0242058944714,161.964177510003,-102.208056156029,-61.1489075579448,-5.93282019951948,2.18251322384458,220.82923170182,-13.3234274617862
-120.075831606213,139.98327169786,-36.9410091232276,-146.269567028154,-2.19503597060395,5.7971527132031,975.816574393888,44.7020598374868
-124.360761897187,86.7883665393747,-37.2325242150109,-47.0352086854764,3.6166570730893,4.99801610341092,859.024484425314,-5.92982213007781
-119.852932989103,98.7928948007393,-31.0564355669776,-53.4164728548349,-5.54313255971647,7.76223208738338,659.545891331591,34.9031119667852
-37.2206699651142,102.252166482784,-49.0005688576784,-87.3926248382195,0.519635778400698,7.2619731593586,517.336732841475,-66.1707910781524
-44.0983112523754,98.6674247573392,-44.6274249681446,-96.8275780557815,-4.35965649603895,4.80700652932865,507.705826345496,0.761928199237445
-27.5927981185523,26.4591743191642,-64.860668245994,9.65692411133205,-9.17375909093244,8.35919401241699,229.515880404339,67.5504652726813
-152.918671760333,135.692677158848,-32.790094308446,-19.7441042695355,-0.661014807919855,5.08614253414271,480.758800856311,54.8625433367561
-38.9898262944334,70.5392103274644,-58.1017391780069,-141.717320190262,-6.36220221387339,3.33935877439217,446.067658363052,66.9206949995132
-80.5448683917057,93.2588632428815,-53.7844059879135,-126.432100629274,-8.67345826351084,2.56826027501666,1142.04411288953,83.3764101466368
-200.329548714748,41.5975657987728,-42.3068867527909,69.854687356652,4.37722069246229,5.4263506232528,780.903806722024,38.6156948998905
8.57428714184061,59.0522241477738,-47.5046926643408,-106.771765433426,1.5482063695963,3.16498668670101,209.607826482155,-41.8460485322139
84.8671047179596,104.607223328407,-51.6704216458602,-121.781948025135,-5.82853161894309,0.4262151747389,-191.936092278876,-11.0397558330151
0.617268861125922,132.547292291434,-57.2324177863711,-81.8502595281898,-12.2479864631168,2.44859685827396,108.453178827993,36.8904142626068
-126.691285011424,88.3471438355991,-15.9243962174805,-121.03905132076,-6.24312839115009,5.50542451250658,668.904452206822,71.8644882825538
-1.98377786757192,155.765745026045,-62.3997928362369,-159.40886976436,0.204027124518689,3.74424897576318,808.165071534968,-63.5687129153448
-145.081194524675,2.51553959445664,-11.036900013074,-18.5547801102075,-8.0539564123319,4.96354055107804,494.90337983326,99.999742198037
14.4035642519393,66.3727071773683,-33.2233341151878,-84.5844594678856,0.707801156313508,3.00700869260618,552.155704881361,-19.7363679371629
0.231934164357881,58.9653082515288,-49.4087197615754,-76.0248240020301,-0.830998025063309,4.22667221043594,-0.328256496432004,-35.6878435227263
-94.0092822467413,144.361830248759,-22.3769762743905,-210.027803120849,-2.6770144480106,3.29105633110157,260.743647129217,79.8085591281327
-285.359425428469,86.9290878948232,1.58076275806525,-56.0137649467215,-3.56256235456385,4.89909944642568,616.718660759012,109.797631810659
-143.453616569124,87.6789414178456,-56.2796078067353,-142.444549141274,0.580528155107459,2.6156464013693,-305.759857229314,-20.2364126735483
-162.504689606496,91.6637465184249,-30.5061324865819,-42.9857043482734,1.62887738151767,5.27702272427268,264.362221909106,38.1690620311419
-204.141381821508,52.7392781328381,-40.7427168886934,-151.151247852307,8.06422688866587,3.1487367322261,561.031933033752,-45.8303147889746
51.7508681549079,52.3130205968373,-67.2965417727828,-63.2549803462061,-4.51502046081077,7.49482182985957,-144.282313987504,-45.7033418329956
-207.384827597314,-21.9981387628441,-10.6225058664131,-115.10781046038,-0.544097949925344,4.59275203138532,534.257863616851,7.09045637032978
-122.190452922026,92.2369442741897,-44.3181780500745,-126.159617227135,-3.70852787494459,3.92366116816993,818.912258116383,-98.2187950363877
-85.2400518372888,-18.9499120049004,-54.7579412212799,-116.998152115644,-4.70780008283327,6.72179401527683,737.013055173829,-58.8588320349227
-188.774174452374,60.3328518564667,-38.5094443332928,-39.1869923335762,1.82924548661686,0.589971950728795,408.467366255747,-77.850147507379
-100.429638322432,133.839725540147,-34.7003784725644,-110.805515817017,2.27098711005237,2.48040387738729,285.698389408812,67.3638288884104
-246.626020572905,47.3948978196131,-11.7823523950101,-210.124167628106,23.4182107684028,4.55524427168712,587.132829976852,-47.1795105022829
-2.73591014574049,79.2605375251442,-71.1709134171106,-96.9826670401671,16.4552273011941,4.34515380581433,877.15061368639,-237.329503281455
-140.468217457586,171.639536529605,-52.2182427966327,-64.9389345275922,-6.20081515031052,5.85237105710985,1340.66005234065,-32.3188076757797
-299.161258863191,39.7071306563448,-35.3217015886621,-156.015004912537,7.85485411453374,4.10088897094829,462.607508560206,86.8835137172609
-132.392034706165,65.1885434101714,-47.1336956226442,-104.237435794188,0.924183148628799,2.72243491104018,550.315870532475,53.703838872505
-526.776301818558,146.670957707218,-7.85296843299875,-85.4838530778597,4.8564513251913,4.44122941041132,1451.23081738778,-29.9247588043218
-35.4337871891912,140.364123009036,-41.718846871212,-141.041667275742,-1.59077697059547,4.8188887839442,432.994738985552,-67.3574441836972
-42.5086015023553,20.5918914999929,-23.1207218992204,-108.14945502668,14.3454700388538,6.73781553309527,-3.53570470082923,-13.6914725360984
-475.666616970295,32.934650215786,-2.70727815790451,-129.005488069482,17.5266223544313,3.19363465060815,428.370513283589,-126.168726000273
7.38431370922626,141.06105629426,-43.869795680017,-86.3305689323461,0.683413498918526,5.26459522575897,-125.934370861462,-19.1867912536436
-117.124260335637,73.0149277829041,-47.9410551470792,-114.357438993087,12.4335281939711,7.24693605031644,337.690501615449,-96.9023141913349
125.041069778243,88.3585800884903,-59.0057484336812,-43.0813633056823,5.93929903170101,7.06768954981817,1145.11897442896,12.6255599731812
-114.555110862566,61.5437955939269,-13.1447284421956,-215.005635966234,5.38502284853894,12.3094881639699,850.527445842788,-65.4751242816419
-49.0433993106199,174.650897033309,-90.7740905769315,-212.289875382252,0.862029151001479,3.05509837085265,1379.57782202115,-81.2303096688047
62.1315087687399,73.5099875584347,-89.5124113814963,-116.792656570011,1.35850982275952,4.96875388174522,360.17156722059,-83.7171735708689
92.810463624548,70.6186150331632,-86.0003864570317,-171.286026571638,-3.30941299422557,4.30604308802867,293.244213941851,-137.473668380815
-195.421502372483,104.163449680578,-2.53294495816226,-114.462350329588,-0.708361018520009,3.8608470838808,393.127035358339,145.891831411616
-155.577908353536,139.561917204555,-34.6103370238925,-171.173703023291,4.55942057327775,6.45963584939454,639.086197304445,-67.1232393678511
14.3275943653134,56.2545925678751,-40.55600368265,-26.4687387159502,-2.548000415758,4.29127099837933,803.200153823374,-97.7184986143475
-54.8654943112779,58.2508049035096,-67.4444053252464,-52.6886084177459,9.78761814018981,5.26823981633061,494.196482722538,-22.5316188696888
-139.331524751848,123.715799592203,-65.1419831575586,-129.58815790189,-6.71341058719554,5.71252343215747,684.496801679372,27.5754306596646
68.5267911233532,137.282138263475,-38.4832009719685,-136.289541120525,7.668062828252,4.44206271358416,782.451998049044,-19.3046701824424
-135.048907042915,149.641604104669,-11.7274253550568,-208.469209775736,-8.53006121667568,4.14144021470565,946.523675945864,53.9788962882594
77.8308894810179,61.3171247058272,-87.7563440511294,-91.7575621765864,-9.87192097741354,4.89820687463362,233.261588321344,-9.10650902899215
135.707059006138,104.979077864089,-70.9281443027721,-180.597081699139,0.0661719937634189,5.95094133150997,-185.232624472246,-91.1700904946192
-361.649369409366,8.95105875455965,-17.2583860309874,-80.8331985426848,17.6888907774701,0.0239187973493244,63.3647804358479,-22.98693047704
-114.864931657794,154.789973256382,-62.7002184569137,-223.335385309481,3.25919814321969,4.60938229013118,462.498099353834,-70.5213899867376
-129.176953728514,198.976205189625,-68.0309789858075,-277.905517591309,5.58522479548992,8.51467174547724,514.268462503642,-66.9672309886373
88.2332669963071,47.2468839379144,-32.5485662397114,-129.90558282577,7.88985591509845,3.37672936843592,-15.1525494265079,-73.430285671915
-126.659785003038,111.465031272863,-19.7937372036649,-103.8596497689,2.03876282661804,3.55613353286753,-7.99421488483131,3.74374763373635
-387.835519775806,161.110787751444,-14.5478977978782,-167.331499029395,7.80459674660233,0.648573770973599,146.270425821916,38.2891928559911
-130.368484734208,90.4358806243254,-57.5809671593015,-160.043235482386,-6.36746433554254,5.24771634943318,1027.51291074017,-57.4949841864
-136.334951608384,95.0764576696383,-40.5342589507891,-102.665930320611,-4.89114874557708,6.16256482544122,642.923591760104,28.3733197323745
-168.259062326164,175.78236489453,-62.0781214954404,-169.380524614535,22.4432849848572,0.543437859116239,663.722593296334,-88.6242012979537
-102.513064028597,216.338169741648,-39.8915666558896,-189.641021370451,-12.696077181361,5.95122703489324,835.910160733492,45.9525552620325
-23.5482731840166,180.942278154347,-60.7522163278772,-85.18479979533,-1.8555953623727,5.20848088593993,574.874484524196,-50.9665606876188
-47.0339817922722,157.617781666413,-93.2730540899938,-196.397863925507,-9.99398773413486,7.33337813903927,1150.19920863489,-4.98967311131355
-239.385272609186,-52.0571999104868,-49.6998897481853,-121.638427000609,18.1469870690489,1.6534630520182,147.090681928989,-108.736279683828
-331.153592354472,54.1579915962502,-9.50562130278252,-44.5945929086611,-0.522772127354983,4.58676497171837,391.889630575199,6.23769418950542
-108.390854500513,125.273844576543,20.2713569366315,-131.881308441814,9.29583135257963,3.02380055421236,794.748885428184,30.5060832510976
-642.639575556532,146.848254978224,1.14617256807105,-106.277874001746,-8.48486090086226,2.51081820940453,512.421969236777,115.990464578223
-143.662911955158,95.2941887828056,-34.407944321596,-40.5791658537055,5.16933854277522,5.62268181693798,681.278081476397,-63.8396202851
-71.3261533290606,121.231602728396,-50.8571754201294,-68.2522346477781,10.364681416977,1.97887455424643,-382.978469589129,-24.6048371598372
-78.583641546018,54.7140321847837,-56.2705456998374,-69.5981659980316,11.8171389619529,2.34152517312032,780.335643863509,-83.4963508747442
-174.097748411426,125.717315084577,-6.97548897964953,-90.3710895036638,14.1193360381221,1.50454775753315,286.258303025388,52.3519686119107
-380.303940651975,46.6251824024512,-12.487914538171,-160.981009884417,13.8581772713296,3.10402601821261,64.7332487143722,-0.439468937955098
-209.351154738091,22.1624719409849,-21.6581916053619,-84.5117899044126,16.4423156249686,4.10273506949306,1231.63122508024,-93.6305399008197
-72.1461371176847,77.7755879819742,-59.5709708191262,-158.939008499614,-9.47200766118476,5.63447486964287,386.631568898829,27.908561941571
-9.2845565660391,126.986160163098,-68.006279276462,-143.820226933429,1.8791644894809,5.49455570770078,159.122931671183,-18.8634845149427
37.1552445457492,69.6908681525165,-53.1787419498723,-188.472894306229,-10.8888359093871,7.72175381705165,390.023388007074,-48.7965373682382
58.4691635110066,-28.8260518073221,-100.031819408094,-116.17371284921,2.59969399121474,3.64702101243893,384.631508222665,-162.636313234951
-47.3790607936971,179.734950450293,-59.0844933668996,-203.218806556222,9.59778254771663,0.434698695946281,116.609716971216,-26.6642506419885
-58.955778143405,96.8840491517403,-91.4969015705719,-46.2542627283328,16.3490547482652,6.6285993459137,1417.26848783524,-139.955220445132
-86.6298273230132,48.5427650952988,-37.6747996236645,-61.2824753813766,8.6755108387315,0.158532728724822,101.358532209677,-62.9726405720794
-155.955815434387,45.6034117271774,-55.3527828737278,19.644245430427,2.9475259387691,4.23894440798904,1166.94649279225,-59.6580245045916
189.259768593431,142.674573717981,-75.2371241858345,-209.283297429531,-6.64392626128392,4.91589926521556,-664.982553034824,2.25606198154856
18.7448816187243,99.2456327188556,-68.3887955610262,-156.693764204181,1.46464120578457,5.11264954857324,767.870214692637,-88.0980889460625
-193.835292249936,59.2368123050546,-63.6823291226428,-80.701452852416,14.8738931235712,6.07830887596356,981.877393428258,-143.977011657349
2.67284757355083,136.113030586428,-67.4956946044113,-252.998710250402,4.94029291676998,-0.210927038907357,373.603100640592,-68.2084356060805
-37.4603687225754,226.474825579069,-76.2719087258738,-151.059356070036,-17.5551460937568,6.35882701001537,293.786671694805,72.4139502442849
-144.629411787937,95.1533877308757,-26.7590932096018,-83.4209326043156,-4.69537518061406,6.68701810287894,916.352069774264,24.0436981434104
-192.92469329825,167.218422666498,-31.7632526118541,-67.7290020961082,-4.59054936785105,2.98682191064836,852.419838298723,73.9071929824422
-103.11357107028,26.2674450532068,-45.3104032443371,-88.3411014837766,-3.3948828938228,4.54279526619575,880.809176061644,13.7487811650681
-63.7898541771683,141.774264847569,-38.2150628210366,-114.714094842551,-6.02421960706124,8.20869736067107,544.503444880931,15.9341148628228
-160.042326868454,158.281484342025,-7.91025989851914,-101.723386756104,-4.64449324175075,3.09525467731874,751.229664977698,107.46345165305
-161.27516980964,88.5686182363133,-29.00423636708,-215.121823852038,0.789736496240948,7.41695408595297,1079.83163967749,17.2555998355092
-227.432704038802,94.8247454431257,-44.5553098858927,-93.1606210501341,-2.1384170203055,3.75013364373262,-185.782051254559,-16.9344581629266
-275.001299231357,80.1556058293936,-27.0280355626364,-103.61899179763,19.0480629580707,6.42378010821994,902.975657884166,-97.8424736109009
48.8679868205954,79.2896197193477,-61.6401855391596,-101.111858424178,-0.354891386741656,4.7352861816762,-150.847023648137,-35.4426098674594
-198.81185169227,134.845557582881,-19.310806950336,-123.906576715803,0.506389482456143,1.72374903252057,-395.870129812713,-2.66175329012185
-74.3541201607222,104.880280570698,-44.4904137262638,-95.6220031940611,8.32047694010544,5.07303363697429,-244.761029193149,-16.343524764914
-24.0044467453918,11.3151569750698,-25.354966864601,-156.116997187986,1.65477669184475,8.45191124751,595.197672879993,-95.2608746971528
115.927660295391,93.7506923254114,-100.035856519957,-102.085405128171,-0.667197748232866,5.24024210205243,194.993804255042,-112.464586346985
-106.430214407272,152.293116960545,-40.1248055933211,-91.5672621341291,-9.95204068277053,6.74401241022861,-268.86469536973,8.07591554980263
-293.631566085096,57.0508565800556,-22.571234865638,-99.6949189744191,7.93180029196083,5.25639909363235,278.175183968677,22.8919811272935
-39.5213207584748,103.26360882158,-61.2558206439717,-146.794250511113,-11.7191193124672,3.97407331839349,829.407106493476,31.8831940659147
0.157104163037729,46.1742900260233,-38.3512868968792,-91.7536043331493,-7.0445090575231,5.72067683545174,848.295211989213,-11.3071017690381
37.6826354227524,116.031853787652,-55.8933440209803,-112.638695515292,-0.432487601385219,4.4905712359905,385.045242201755,-125.305772034939
-13.6736873184418,56.3513116887189,-47.3085017463891,-154.761991885924,-0.158462444334873,1.91389369696844,-73.6087184943462,10.1744169213489
-113.859195888377,71.3895836871961,-56.1153776049396,-106.807083952008,-4.10287151833472,5.97746156667927,336.599380503219,58.434155067167
93.9922786238385,44.6660327075297,-64.3460872162104,-29.0258667278613,4.33128000795841,0.696912563202204,235.333307340494,-63.3901559417263
-99.3823295549955,58.7362720454257,-41.8947951044538,-142.002462290824,-6.97438839760434,8.32076670152583,74.3033594181295,40.2219240305867
-85.471578145487,66.6194417425577,-28.9036778943337,-158.146374417644,2.81965115701314,4.45751628825747,814.536665154039,-39.5946218414174
67.3547286912799,68.6753525218355,-46.5843407071588,-140.803729612308,-2.90874377618184,8.20045375482005,181.253376211647,-77.2961860878713
35.5074291775672,155.492170255049,-76.6883127241817,-119.028266181453,0.0480242275807541,4.22149142913986,303.487006168871,-53.4508954384073
12.2097855231332,143.012749254362,-58.7495161849947,-132.89743793554,-10.1158850877819,4.62323976171319,264.899005594227,24.8193556269134
-74.3228603802272,124.472084898822,-82.2545817836726,-43.1168593868206,1.48675938998349,4.70192411485186,903.824716567877,-33.519448610823
-174.306510904156,99.3912831589114,-36.3943772252096,-126.697125529012,0.73848686015117,3.92940179325524,100.181671691373,55.0277458027049
-152.32518108809,131.464603884757,-22.5679802647646,-104.740318387223,0.859280473050603,4.33633193360583,346.601942054396,71.5867022948296
-30.9513329305628,95.5064761061512,-32.2900304861832,-136.9143364052,-6.04847313219216,4.89236161709414,295.044705411427,33.5905434181477
-72.8583731152594,87.2111860801742,-36.310872372007,-80.5335574038181,-1.70115200742293,2.78646278165979,263.741747980072,-4.55391751421121
93.2354521504894,186.110958463812,-105.726733369782,-155.262987828552,-4.41910942831873,9.40843106743705,147.951369167713,-126.41992995808
83.2801620683895,106.543500177591,-70.3284954841511,-161.784897217833,-4.24650350012234,3.9641666180396,297.605306231169,-59.0718004406544
-168.200960162729,62.0010620409739,-33.6743514265854,-171.893787309473,4.02207510028893,8.91617518372368,1029.37702316866,-20.4417839735543
10.476830875501,110.699269945682,-56.7126449019052,-111.235237027722,-2.93826098941645,5.92478300804214,171.606693965938,-50.0761749071098
-47.8842807999172,247.339384983876,-42.0184559345362,-184.874461271524,-16.6953575566804,4.61568707360675,649.432719718548,32.3493747392433
-73.3189114241322,15.9748353952455,-34.7826208100305,-43.4880941565207,-3.31614573622937,5.68852077600604,601.72023243449,9.89594689779915
-119.693077132446,84.37965208268,-32.8187700148192,-66.5235253768187,4.93753010974615,3.41408147681068,401.697956034277,-9.91366891207872
-203.824855549799,91.0472748096654,-15.9212153545523,11.9442599839604,-6.9877942531748,4.63154445364489,617.618457184564,113.633600321984
-102.254524543605,76.8252672590897,-27.7400523424367,-39.8637599396825,-1.78722494991962,6.08705396295409,626.489297877444,-0.174247158975049
-108.241579056601,62.5688700342134,-20.6125590051961,-86.2609179114879,-3.74760412738033,5.48203624349844,516.445237571461,33.4042510428699
64.627646738445,51.1465751410578,-62.7475708435013,-102.41898814126,-2.9103588812286,2.55349482374731,97.5988862106751,1.74471290747169
-238.041236608202,80.1357423564186,-14.8033301058749,-116.100101888893,-5.76573292228568,8.48926759269671,1156.24955714003,93.2709939963752
-41.1156793878909,113.444436872262,-84.6528164518095,-16.5920747054333,-1.71257379939198,5.27334056801919,694.326425155143,-45.4423853278349
-70.3259583385952,63.764247020772,-42.4606738317743,-85.7056909007297,0.264514697744744,4.12306972279475,351.788194864464,28.4496039248479
-60.1768920647446,191.479964605795,-53.4782121177122,-125.555457109091,2.88159303280554,3.77090281539131,697.611276778705,-60.9310509631323
-167.758974077122,139.541602720958,-18.5737166855251,-136.408301691139,-2.19254314721911,8.58676083857426,1127.39698237651,8.68213796478949
-51.704208390991,151.141715642443,-46.4345096375691,-141.283804337574,-5.82077441803995,5.63230863503486,948.484336993606,-27.5528628728898
144.840497571597,177.25067737003,-99.772886264589,-271.349564706088,-21.917516906753,5.02215862594312,298.699875412014,36.9994119142357
140.326287548135,-9.76095810084371,-106.890057038661,-8.19088109139193,-4.57368401076383,6.9502241465234,253.596004996121,-95.0239777580719
0.239756594703067,113.901709995349,-98.51545545712,-81.842853488175,2.64702792639218,1.88441310913186,1507.5707785337,-105.305930325179
107.103080995599,157.30383191321,-86.5681879187177,-28.6097933278907,-11.9830687906069,3.22609694775747,483.366432209805,-75.8406556915943
-41.265566222457,139.33054555156,-63.5925493324976,-142.5382231119,-1.81146775225352,8.38013114695786,1167.64709894857,-106.311523987722
-25.6009894430281,103.097973931988,-60.1940794361581,-108.65399618548,-3.05005660247116,6.37747470381146,697.190587537742,-51.4382513327873
-62.7813969194631,62.5946370065631,-38.0091221498951,-93.2617408224032,-6.88000257273961,3.99269489232756,353.003795398443,51.4141243279882
-1.91763062303653,63.4589499753347,-42.6786882283122,-150.408448933966,-6.3982047459067,5.69300510580069,675.137206979212,-31.5178038548329
-102.544801140437,82.8170398569127,-58.9805067462876,-80.1488227265072,1.77698881772085,8.61419394271798,779.43057286257,-49.0183526740002
24.8363458495951,79.5245371511555,-65.1373258007297,-45.4169370347809,-9.8185487061528,5.07695808654535,181.071058037924,30.1764790775778
-46.7403636669296,85.0669911080786,-71.7766155500813,-13.8846669549093,-1.03745096830244,4.08651610321249,172.756928286166,14.1856355511409
-36.9877589312491,48.9498470601684,-63.2931104068484,-79.3746204218478,4.40386112080887,3.16451612935634,649.248717891373,-74.9249330789025
-41.6724066007009,120.313282025038,-47.7564785890063,-123.475057196424,-14.2293321507168,5.93182547291508,352.267021810008,75.3095564636751
-98.1773103573687,139.659096470758,-69.9018931516184,-9.05745094106896,-3.53673145294306,4.90705328702461,453.843638651473,-2.91649714051164
45.2605487566289,55.2822774059132,-60.4433233033706,-100.543525103698,-0.0841914795382763,3.27027754386654,-218.453602360198,-7.61029480606521
-135.957629180804,84.7658309055332,-15.0128045848978,-72.4663510313112,-6.22655932333146,4.3937106194935,846.027546010388,62.3621036709083
-42.4747988392774,125.580800855001,-50.9768334701366,-157.817719069542,-5.94242258984013,5.19227351367954,466.329012701273,11.5189155883199
23.7962762822281,245.938221016666,-73.0012670496144,-229.859991212041,-7.52586412857636,-0.741592723759823,150.375747205631,64.9238215256046
-59.7238789486146,127.769647103676,-55.9716727933046,-129.368161817751,-12.2250500537484,10.0715638778552,994.223856855446,-52.7000541905581
-76.3898567803699,62.7560206811177,-40.0857088545235,-99.0423302796116,-7.97768543259008,6.30186179964221,471.160211786919,54.5252579171356
-54.5422550801013,197.77442740132,-60.7300197855611,-198.212878474957,-14.9384319813544,4.49663901973327,426.935927186161,82.5164974776126
-135.035372274375,130.736883992518,-44.3576240681068,-198.627916558646,-9.42134025212727,6.60506245902798,849.446735461584,67.7311309624129
78.9537766296853,99.4574676342017,-71.9607152802346,-131.191008540824,-1.058955030996,5.01393902070413,76.9077438874046,-52.3676410422559
-87.4737361108055,117.855889206578,-37.0790572322148,-67.6844966478784,-7.50283426843816,3.83847233439883,803.688650826807,42.6819593867076
-34.7753761985132,166.549683613339,-62.3314779573157,-89.1876938099886,-6.53236245404696,9.50617207348114,424.309239167807,-57.495155486351
118.730926495395,168.826331848468,-114.838645925411,-182.647744604184,10.9819629147378,1.73516932642451,472.131623110366,-142.073099602159
76.1914339406067,156.17553346249,-68.0560916394024,-191.955699893457,-12.2319047726196,-0.200774968921905,242.366256292618,50.8422531544979
5.26771500721225,148.74866319276,-59.61809703373,-88.3358331402269,-9.07765296044818,4.96863088480495,839.053748905142,-78.1097564341035
-62.8038790046594,144.795845314351,-45.4617384230878,-120.631775725538,-11.1987521134506,12.3169237844777,722.63130327774,-34.9115825725312
-116.384817274928,147.800738728796,-45.0187301977712,-14.8507886616571,-4.93868060578825,5.29100591209135,672.288644382897,26.0386825210626
-101.994147359364,34.4059740614466,-30.3865654040974,-77.5566819468659,-8.69367946434068,6.29245071002515,626.551189337586,120.080948370392
-78.5372212114562,120.172970457235,-45.2890215890366,29.610355888246,-8.60143710645934,2.61445966265455,250.983424161524,73.2013543146168
-8.65124067170109,177.167127937966,-83.1683444973823,-153.30311315108,-15.4775199342184,11.6840904001219,522.980463173475,-11.7338110469427
40.0812970743427,188.053900352126,-85.5871300931867,-183.607137690837,-6.91874229468658,3.39929036218382,-177.258416703313,22.0764104403643
-80.3419379632942,158.088859581851,-50.0679654455744,-24.7036089966132,-10.127441691031,5.17141913753585,633.285052632855,51.6579476657207
-158.127241653681,97.4274993915533,-27.5231378011194,-66.3163875477621,1.14123119726719,5.42673140231636,689.886946451428,34.3602091830544
-27.7922109713109,172.998854063218,-63.4281731837109,-124.663968822802,-5.61268711375305,1.01387280016206,486.498019846358,23.9801217176428
-76.3694475916927,30.6279031787417,-57.7995127134127,-37.3773972294584,-4.42792929663847,4.08792413726133,740.887291178709,81.9909702395926
-75.3498274418234,107.691782292331,-72.3190549995925,-141.801615127566,1.39078831182269,2.74652777602751,512.345140646878,12.2515790711259
-95.8046041963535,82.6997598034827,-50.2454646868282,-174.145644902972,-2.21564284754277,1.83515147850267,809.757313437949,51.3108797432797
118.002966184547,140.26609494396,-88.2692381805391,-153.07412145281,-8.04205263634503,4.66071305502555,710.53786159154,-148.115281157557
87.4641070917423,205.702002080798,-100.629939814096,-77.0206765231851,-1.85812114976579,1.37252470590465,-361.78366687756,13.3268638844311
9.88105798274046,104.654930811725,-59.2400300035515,-146.441029404999,-7.36239582281269,5.99096044304315,235.943854659788,-0.413699747950886
99.9217185695015,128.905772342041,-70.4511470642756,-145.7499461033,-12.7491586468532,3.30299530109914,-431.86194756403,25.166939577437
27.7331965768462,84.7464719329146,-76.0779312746017,-89.9596204556601,-11.1333291096544,4.91875656123739,210.763081957823,38.8191728764878
-118.504793537257,147.089171218351,-38.8981804257492,-148.746793552098,-4.30901125177115,6.56573602592835,679.872938946129,41.3874977468058
-193.682387200912,61.3268276000599,-26.2857008923747,-11.5839134953076,6.19665854857885,4.05845180731194,1022.24447072443,8.20958268854883
-145.690302072777,82.1690929993638,-23.1372711603617,-91.4508944449044,-3.30589523707749,6.6200339008119,512.409500604095,15.182700576901
-84.8918979586742,117.002620501502,-29.2154628187272,-182.47799087748,6.37081130817387,1.67645513882599,688.071569618711,6.79978571012907
-71.3576712126087,93.3252321171167,-36.7970645694732,-157.257295398042,2.387421352724,3.77922295423923,-107.138603527565,-121.427117652493
-5.38444113625155,70.0098543692056,-37.2381077078098,-149.582306698663,1.02706985578698,0.223014328621503,263.176451223,39.1965074131294
-182.985259682435,74.4656081136272,-25.9425203042338,-53.714305139205,3.09484109585901,8.60834541668009,406.57888564279,-61.0711732837663
-224.58981930765,140.365757144216,-21.3475027725926,-132.861936295318,17.6514018619782,0.739962454776105,576.133936682509,-66.3647819965117
-7.54144147278566,84.9043047836749,-12.2864139481317,-115.829902378035,12.3530690945045,2.99485505947814,-376.92133345257,16.0990424986812
-103.693284785702,113.028624391125,-12.2882965275421,-83.3059911551245,6.19630213806522,6.27349737862824,1515.82036484807,-36.2193172367988
91.5324883597859,55.8102351210982,-82.806775137462,-50.2553880957421,-8.75405454625434,6.50375958046061,200.124877686947,-30.412602185761
-59.129427899752,100.597251037456,-42.150158449731,12.0428376452328,5.2482544453087,4.39306640674477,1334.35275901709,-40.1030549435036
-97.766492525654,117.050502117316,-54.911929482827,-96.7610650509159,4.76274440139241,3.5896165236627,6.63568378987839,45.2274493375735
-80.8253260511701,104.056833021074,-33.3964039816965,-144.384505856811,-1.86252811790473,6.03182185505284,1142.72088197123,21.9801830903598
-155.309722611561,123.583559768344,-27.5195409050939,-67.7647219234786,-1.28980980458437,4.09964250955909,792.314443664567,5.96149156073034
-133.44067503314,36.6170857143516,-19.7626379935537,-59.0862974582865,6.61606216350629,2.31024876865558,461.008692898467,51.7606903259948
-77.7160915792156,90.9543994493288,-36.2496436171477,-228.52031138436,-6.49219995885505,6.26071073177445,876.65845646974,24.9235478613264
-102.114104238579,68.561104316308,-65.2978511762194,-61.776710570346,-0.815249920560746,6.62274864549545,931.789069771607,-45.8940327352611
-143.550190714857,49.3609907207428,-49.9762982062821,-189.482015510031,7.20425770855945,7.70081504579866,926.044809845356,-64.7324239035661
-208.2765431445,90.8739111452596,-31.721914804235,-74.4147571652429,4.93985775956389,9.7233676753367,1436.58567453075,-28.6855937781511
-110.312732994702,79.7322929712172,-48.5171450921771,-81.8246861179941,2.08026578660247,0.730331027443754,-7.91459474423027,-56.196740563144
-74.4592675896129,37.7322702940728,-49.9967780593797,-60.4333220797416,-7.82742973384666,9.9160159993844,785.814652042725,-15.6596540692226
0.139409057126613,113.774434527462,-64.0396236468514,-129.13901499995,2.29990456222731,7.12780075825867,328.028294717369,-127.134817593877
-173.074021396456,173.359375108295,-54.1698437528976,-224.268695170886,0.268401452252874,8.1329787481809,553.030997457271,112.371940174049
-101.227554086096,52.613811679199,-12.0805184626661,-59.271904674184,-4.75419135169068,1.64815615926636,105.932511373801,103.947328319773
11.3732918493042,49.590652710729,-66.719466499766,-72.7162773669697,-3.18256904249574,6.78216381995298,132.288866965158,25.6174675638613
145.785815830401,90.3840822332131,-113.884705669901,-96.1598521884735,-18.7000861871638,4.85709033468811,628.290537884153,10.0296577158297
-77.3089018330476,154.311724091574,-63.2815565442434,-57.8977229016891,-10.6259568920104,7.75092295467039,375.888395411574,22.6963496905955
29.0268799365895,58.8619378267031,-82.7221456721527,-166.648291408623,1.4665155770781,3.82311386559169,524.540703990962,-51.5144536670277
-119.480308886981,99.97212073232,-51.2649977382243,-19.7172050833105,2.41488551881048,4.52124135607301,773.149957786245,-31.1541345752557
-108.320901356914,113.79593544262,-40.8204103778698,-172.87631365877,-3.59549832312041,6.60691653683898,255.780083657428,115.098912320227
-181.293026500178,105.988466493203,-40.1577696997001,-44.7369441721894,-11.3267971351015,9.86919337546806,944.578721182028,114.568856597735
146.990772814301,215.201974303112,-106.039331334105,-154.811351046446,-6.99278485911782,-0.85760035252315,18.5012408039111,-6.53288975924079
-127.062424642674,141.78211773104,-28.7113719765584,-134.849524994788,-7.19614360912965,6.7672768151682,832.925685446375,-33.2269288681091
-110.856337909026,25.5598060594566,-35.9957975951838,-143.093071004943,5.12280307578658,9.53843277894339,953.818002356405,15.5949254301231
93.1943273458455,95.5810241439467,-42.1632384835175,-101.955845117875,9.78099565563025,0.225087708189676,219.494630785091,-79.1961535204537
-155.652645941766,34.7561503339093,-20.598485628012,-57.2422500044777,16.668327901265,3.47104952995142,915.872909827827,-32.1480306473095
-165.699514859109,38.702193759993,-19.9766110741766,-89.4002944452877,1.92768135061669,5.11541607018444,420.391831051107,-11.0741716255579
-207.71717766831,132.515337520665,-35.2281329086691,-70.1227183134542,13.891570707854,6.28222875266511,742.852080679295,-69.6460409514984
-278.665148851251,144.074115379379,-39.836208691675,-125.288611457931,9.37653371121996,3.18885028304067,1983.57730333926,-87.5974972592812
-112.684224854531,172.344781161612,-23.7373196018234,-282.730321600313,3.61252002968831,4.74352436914342,892.887208782871,-119.718276592794
-12.5430235153744,174.91989054688,-60.5720415663686,-104.600318571902,8.22805495744251,4.93073067083606,54.1762480888865,-145.58221836507
116.810959634488,34.6543576131953,-22.6914170364221,-52.2543250911403,-2.05655194475548,4.22786020819331,-231.281044326541,7.23441696114605
-107.282885017301,104.066470398771,-52.3745741805069,-111.803213493054,2.61019068655878,3.80533979121537,69.7585229070828,-12.9354281308988
-34.6072926785055,172.750649710215,-49.3152802250336,-263.71539604383,7.72791640325158,3.01743687684939,318.657293007651,-46.0132102803054
-19.3300788661163,81.1792520117015,-71.2358130146167,-71.8815266916063,-8.39529531818698,5.9753212150008,479.48393569568,-30.2366802972883
9.89264076101244,157.166198788414,-0.21932119486155,-134.705817187176,21.7638277763617,-0.128209229529602,2009.60827945947,-48.5533780439728
-200.459880256498,168.639123447683,-71.0294392926153,-27.9644063616288,6.90672918763812,6.72247730776144,-224.372069970192,-86.8758304583025
-51.5208804985159,116.493319281948,-57.5373344072141,-108.161667533703,21.0242008229834,0.0548423582513351,1395.39165995141,-117.738481589549
0.9750846636598,173.954487102557,-41.0273329398915,-193.271415694675,-2.50202554788484,1.99303519150271,415.746713547436,-41.179754397599
59.9819391070341,87.5794671436379,-72.9299124096433,-97.774110096303,-0.423949491349049,5.00128150825913,933.765143183206,-86.5967346083726
-115.4767617332,72.7240792847006,-25.9356158957089,-115.987360481085,-1.81251685631651,3.44807890782249,929.708863363456,63.0962244836264
-186.941525447883,166.621948795091,-18.3354162605247,-140.324596365128,5.95735757297371,1.81847848419784,79.5547948602562,34.4650236654561
-480.560375812041,52.7654661833476,-22.9591148290347,-113.473571750379,19.5711130668678,2.61466080314131,324.121156210924,1.48079781644628
-106.790747439347,79.585952909998,-44.110264555522,-58.4788571841491,2.01047909919589,6.34596017928197,572.096536935598,-75.0957640097113
-79.6498945648273,67.9837352420009,-24.8602256291706,-126.115391189393,-6.83930982750098,7.61576207548205,-0.585626071198931,-22.8057012764075
-16.7563351261488,139.11740272207,-58.5112314385624,-162.26041347516,-13.9738264016196,6.51093756531191,198.010309295059,-6.8028853251144
-123.510535851419,179.988630158303,-10.5703447998094,-194.538877806743,-4.67569970121258,3.66296310401231,54.4687369979365,68.0870813467045
-169.772622596145,172.618177121371,-52.2802334999724,-201.491721618593,1.59531273420725,3.79859996965388,990.124882101714,-27.641106855197
-71.8551472022964,72.1181697143911,-28.6490290322181,-202.725872584582,8.88349623608519,1.787348718055,217.465146509421,-67.332772003937
-123.023011037061,66.561479563883,-16.9374352730374,-93.2365157972763,5.00258183904225,3.13929248627392,909.439660905569,48.4125320864987
76.8489545686534,86.3164987624314,-65.272249947855,-58.7877120619232,-1.35331055230199,6.22071120017063,119.615802716726,-82.4376063966993
21.1831892936643,29.9701912478049,-38.6312914164082,-0.922224572954292,9.64816800536209,-0.20754844880139,216.034904381813,8.29545225916809
36.1322212642117,65.1976642060035,-106.306824315776,-115.895852245885,0.280457789972388,5.0170049546723,743.54948406497,-35.8092100700014
-39.7815484785096,132.416438061511,-53.0625253459002,-88.9044559797076,4.14253185814596,5.59757899245596,750.966456187183,-37.5430982355365
-79.4735104831925,-52.6707095545644,-59.2573279041699,-172.885357335908,7.22733906962094,6.38791136126383,672.288758737152,-113.671578682188
-176.847449004024,46.0943548489522,-17.9624587408034,-77.8196787042907,-4.60859958008223,1.77465910824685,416.584325812568,144.412000838187
18.5951896539918,141.010931288707,-9.82732808493893,-145.228977213745,6.47806911150838,-0.99594025935221,544.89191537787,0.397099526242528
-243.701215542314,103.427565800492,-33.8308556471602,-56.4307075695251,9.03160875217873,1.4300169666094,-584.777584298543,9.07100016000913
-150.623417371768,64.5012707217247,-38.3519074592768,-109.094742712157,13.7870720493229,-0.665780577408441,-690.477821742009,-30.5213056767534
-167.829961707641,91.8525781235803,-44.5418841987848,-92.8127268377139,2.36032707328559,3.47722035614424,958.378384676704,-55.2248152668471
-38.5012735670898,205.618140396924,-59.6813863668795,-220.426240725457,-10.0017917223631,3.32638976552698,288.133472454967,49.4171222081641
-100.813398590272,61.7359543974671,-32.7341587707488,-26.5299242783367,4.05364946089685,6.10261324213934,398.835164205462,-22.8885507082596
-266.664843243906,110.117337226315,-10.88582331629,-94.0427700712753,4.88590539051802,2.45397436153144,538.552375450381,16.9287561138917
189.876241710415,122.91681318156,-24.9352851993463,-139.725284089684,6.99394314779784,1.99189496145118,628.297751750069,-34.309531556326
6.21396409772569,126.817043250954,-68.7641918761947,-106.841741076143,-5.72411776614899,3.6705787031533,422.602215952647,61.6088502543425
-24.9573473516793,22.4332440504513,-62.394009049618,-138.474072830024,17.2697940758808,3.86266977340711,317.145817288649,-67.6241692458716
-136.745809776665,52.7454257261415,-36.9932522060117,-119.983662440973,10.9358648674388,3.00726675738406,298.978440993844,16.6220466828672
47.2862333271041,48.1208874995427,-64.9259688548336,-34.9756576348809,8.61352363941114,4.19789721725101,469.794388748647,-73.36610668918
-43.4598633525311,53.5217536121709,-35.6955049461976,-36.1804419136897,8.47070730023188,4.54174721573872,606.620637867965,-27.5794368659735
-359.866904604307,76.9385652753263,-19.122577931761,-111.611152909187,10.5473843780637,6.82967570757319,597.603236331459,64.0027597540138
-2.21176244056551,132.518371071958,-38.3721325366714,-131.488741979567,0.650183194906276,4.07718159486103,-31.1053888304014,-91.8799290084207
-230.956653011712,67.6295374977035,-39.3682890823984,-164.529681314143,16.6527044055692,6.27825953268621,34.9922322557541,25.2615931198816
-128.818306710527,118.49806158464,-49.156834442605,-91.037571696972,1.93406396383944,9.0993024999625,487.386441321083,-46.2299548522278
43.5912256501833,67.6059856598677,-71.0148802976692,-222.115605503117,-9.05930350792187,5.80243014836742,765.842274731796,-8.96884121274343
169.166031420173,109.051528235053,-55.2026101214578,-127.205346735067,-5.86686849957914,4.86287438190629,476.409094070958,-32.982558830663
-60.9554499404912,58.4751492134747,-62.7036155118694,-38.8438516522538,13.7268934652529,3.99254737260344,969.009818453254,-63.3922895884025
23.6279402733198,146.553391560781,-67.1778870952767,-156.044301843562,-2.19445273409656,4.32037799360842,-163.166316360221,18.0310502125649
127.694153435674,133.940125416673,-61.3269397885524,-94.6708128040336,-10.0049912170871,6.84051971605368,339.546913071623,-142.641343182448
-19.3592633875705,97.7817017073885,-40.7879189843952,-73.9494913587369,-2.8184644603607,0.953739564865828,447.825138018496,32.9448608762614
-49.9309980413091,149.784224852396,-43.4021594839287,-75.2974824490957,-9.89221917111718,4.13429874920985,-155.351412395215,84.6231425579135
-34.8877702486934,22.1850914747192,-18.2562464645598,-53.0801536652107,-1.78096783950605,5.31352813661215,642.01714478053,-11.8508698077185
-136.556411471647,77.5513508648728,-28.4270279921038,-120.973486887233,1.69322144032776,1.86844699998619,407.183936364279,38.1979719006076
-48.4975998871814,51.9131448613334,-35.8223707642901,-94.1198660845112,8.78034450919949,5.03473018073419,-133.421208473083,30.3343874003476
-368.540607273761,163.818892416821,-13.3048106689706,-232.789315562986,20.7270568314125,5.26564494323975,928.508907186078,14.9571129355372
-503.813606449989,118.845674080796,-3.93746144478791,-223.686820093091,15.3122812463789,5.57289419179142,1229.1390469645,-56.7133902573114
-70.1816450824263,66.9083804242982,-66.2247233761154,-19.3420476149968,-11.2617407389916,5.26970197876653,569.380205286459,40.6711833006684
-158.696627181493,148.633768959029,-48.130905809172,-103.869279532226,-1.30850582197672,2.15472937096638,554.485217768059,-29.2196896666387
-102.851940067434,126.692592667488,-31.4655716591078,-227.16568508996,9.53285288924235,1.28926226831391,264.050635196458,3.8716098300938
12.2284612550211,73.7661336315068,-71.6739998198464,-106.808357847156,-2.5234509966831,2.48892874795274,621.026944929774,44.4843341445958
5.95288550447731,175.975365808001,-80.7333623405284,-63.2125547812511,-6.76075624630903,4.2413043329143,-395.39397317449,44.5129148216802
-155.837994164845,166.700555827057,-30.4376700008288,-148.480850688458,-7.78566204945673,3.8781347295153,306.355094269155,106.189636847514
40.6840846910636,77.0124957896769,-90.4465723177273,-51.0862326955685,-14.095885883748,9.31948432454374,543.055424828819,0.397629955841694
36.3474762937331,36.8512080246437,-66.5941451316467,-43.2731883107044,-10.7434813928412,9.71383304944175,341.640879288658,-15.1052732326207
-163.877923927386,116.148436577612,-31.6405153388041,-68.3662446033559,-15.1945423224824,8.98032551145297,179.982913562024,140.857226038846
-93.1886274202261,119.665287863798,-47.0324548383942,-121.751275283037,-7.48665953801537,3.77419742528582,900.96700593752,36.0689486177571
-58.9859342326235,94.835169689788,-39.30617306146,-160.003552144044,-5.25553463368851,3.61418996170687,224.568630479334,57.8087983947889
-212.127656094803,177.977795393817,-43.5934902171939,-200.854658417746,-1.45474488323089,5.26541329730389,778.932462839224,91.9899319586402
-43.6693987827748,162.621660661051,-49.6319041768147,-155.335170026578,-2.55594948172802,4.52765069806537,-208.866041947564,52.8382476335137
-1.27923903605767,62.839380534293,-47.381856272812,-150.121855265956,1.47545107213227,6.48893176397542,416.719203695597,-98.3979969433312
-8.09973197880026,165.411879477586,-74.7967314613925,-74.5775388333277,7.81505683489377,2.90487708623914,108.245129612973,-78.8645814985066
-94.2061879657558,92.5138437415735,-56.4224876495973,-30.3704715985368,-5.57981148134422,8.36169635464466,716.886969422871,-13.9764433391101
74.615715220134,146.905444766577,-52.4087022283857,-194.460850066142,-7.4357836172494,4.32326028675016,78.6691836175814,11.5161530805781
-98.4644883904984,61.2181280887319,-51.0105148097937,-89.2660180024104,7.09819147014059,2.3593844708812,65.0110232024599,18.7075646671874
143.741638004445,136.97536334506,-102.568128123006,-257.274720638532,-4.09042225163648,5.31668802013155,-135.628815259013,-60.2771383826912
95.758555732129,114.604787748118,-93.4188262247771,-50.3055548965203,-4.30951943849323,1.37514938168169,703.612300080233,-59.2475701723306
-64.947494619686,120.733019671127,-43.2048921567912,-99.4757237937301,-2.25722232392582,2.90644884150242,-38.5970821703959,84.8753161092391
10.246790887677,103.190053100265,-55.213731662443,-146.584552910572,0.379457766728592,4.25210472491744,234.223906026586,-13.4252826671582
-80.4800512207585,76.2347516793525,-36.2346238652608,-12.9245607864032,-7.8590434357393,4.1559751102177,596.690496604431,55.8118584282347
47.5452451217279,47.3818449949031,-51.0427335872664,-73.8771329270894,-5.27620341963484,4.10009811848249,41.0272823357373,-21.4734069640981
-85.9414112085869,112.596739582499,-19.5474682847271,-146.490134820502,-3.83326059771935,2.78360136461561,434.030196294538,57.6466841973161
24.5123579119245,86.9609110002057,-41.5214858906911,-44.590274864051,-4.43012066464871,5.71226271206979,154.01645321701,-59.4331702387353
22.9919583674637,55.2294008776444,-44.3340552523805,-60.6105345848773,-2.78461401857203,3.31606514947634,201.313353221718,-10.1408375266765
41.1867932295718,63.9113387622638,-51.0907218429347,-107.602891132869,-11.6979264625552,7.09462594751676,157.395756371516,1.86467577796429
-70.1897540203354,64.7199082253646,-39.6804604787758,-159.442546259452,0.206278958459734,5.55428091187787,610.089371902752,14.8238733502803
-83.4958009185939,76.4174020759383,-17.2974640050888,-65.7200002476529,-4.23742213196238,7.35057939485705,186.041951658444,37.5220927466289
-67.7575889597429,69.6197630939132,-29.6641903448908,-106.235519620013,-4.39096263513784,6.81877982680453,475.990630689179,-4.71603967912961
-149.185643572651,58.7023666966088,-33.0504885650953,-94.6958520509652,-0.797926283615197,9.22223335808849,529.641788989393,15.2278422348736
-173.430301819739,115.074061712163,-20.7103926899727,-77.753051473017,-6.46192415197584,9.10419047027244,611.797314640207,71.7784788791032
-172.037354726344,108.364919148707,-39.2333718147347,-209.188068741081,-3.13266235886113,11.4109991644655,482.225284839171,56.6802488852682
129.450806696608,93.924255238031,-98.0142356275428,-152.154695554756,-10.3702003993749,8.24253981368565,25.6670077424642,-55.7602202743801
-123.101022604475,24.9742717455083,-74.2601066046373,16.7956453271763,4.9945562431094,7.01867713999764,947.842285863107,3.7541249995993
-212.951099438971,147.085520643275,-50.2917733515933,-16.9608290354845,-4.2483257719432,8.26634993580387,1602.92372775658,-29.2076329803458
-6.20952162465983,164.07488285008,-47.7460308659647,-143.90026420122,-14.2199097249759,5.66771142138532,395.444119438893,46.0877743065357
37.3646738138195,149.537895584421,-75.7418636094808,-114.643667398231,-10.9457918391563,5.80586253375805,112.008006560834,-7.88211898953887
-55.8275530095116,72.1494802149755,-110.374155592042,-113.110819680056,2.6104086291889,3.55952995663392,489.768059685703,-10.5762515915267
-33.8630952661842,71.4972558822301,-52.4935169860546,-73.1357688106132,-15.3653604768042,4.65031775857642,614.066289227383,79.0151540115694
-104.756901645567,119.133127149038,-42.1582557557558,-154.117290910377,0.334579364876845,6.22512341873517,483.888312001814,27.4743815963448
-75.1476689258125,89.3566404038138,-30.7588442655397,-105.504385371736,-3.06916000634374,3.79584249925392,89.5519091720344,82.7772145375784
6.81851179595105,130.029108366885,-63.3005074048269,-23.8866303471441,-4.00243915643659,3.33332807651459,-247.290456089555,0.677031500876183
114.638415010093,106.358030864692,-96.2572091836264,-235.053924101419,-12.4074658480822,5.72864053150988,21.1353101219574,16.5250955067168
107.588059319714,102.026338333584,-82.1523342608125,-95.6995095538168,-11.4695393359725,3.22109100573289,-85.3793089715273,19.5077798078564
-81.4449526267417,98.0435650370418,-32.1841423009755,-136.466500685308,-5.62189884397958,5.76357920761802,662.471691094121,16.345405653421
-7.21997362741968,123.549794075272,-54.5357464742119,-122.482142779103,-7.83481051129638,6.05945024389075,570.943207400342,-31.7725514153717
-109.923348697994,75.576728019194,-55.0427540217133,-77.4390952418034,-0.81909257175721,5.92945777998466,572.952946373247,23.033466862893
-23.7294991890158,130.280904876524,-57.5174628007953,-82.5567178812821,-13.1237707069376,6.39669282529212,947.520576900512,18.2390197696805
-305.948908622115,172.273877210784,-5.34288350740098,-115.566505227584,4.72721920644108,1.50507530364121,660.518145960377,133.658002307493
-6.56809145971783,120.813850527563,-67.0716333849705,-111.054876639617,-0.739024418235658,5.92683702122304,512.124462217471,-56.2897639545263
-39.5417645958805,49.8141578597933,-51.2049757850764,-25.6431203363754,-14.2867506447947,8.67487741224977,518.582592736653,49.324200550623
-86.2408903332744,154.819743246451,-49.2303316816251,-78.5206587112324,-7.46336399274878,8.58817964039918,542.942885800199,74.2236598766322
-100.145180457504,119.390856079539,-52.7849622782796,-194.590297986787,-2.90713936902466,10.7182394383199,762.943648947868,-54.6755263203522
-28.4141459578532,178.037492227682,-83.4229157772279,-140.876889358726,-7.45689013923402,6.7634602288017,287.693017838181,-6.15783875831039
-47.1069976148137,138.313328883403,-65.7944300192839,-52.7291216110752,-9.50290204807607,8.31040539227979,275.125436631351,26.6926181352901
-19.871057990531,214.554480547493,-49.6536341578176,-214.905415274239,-8.59875085009844,4.68870430855895,278.436371798805,24.0066258841471
-99.1106428279818,161.147901276025,-64.9111253758165,-130.096619758973,-3.6053344704269,6.4776695633409,706.451351012598,37.5823553462687
-123.669816590461,158.091195577217,-41.298060740417,-202.815402209784,-2.83800068689743,2.25012986734509,524.581866443565,112.369564516366
-38.916099512724,20.4979955368108,-38.9809994477691,-41.7474630792785,-0.524114033338265,6.0046073281992,375.12623954759,-2.95598107984551
-25.8175872976717,181.907651382317,-69.6138838586485,-185.645327061357,-7.03254573102458,5.97461557639053,75.132116437584,57.3739066278213
-169.213232651324,103.575031025335,-51.1221017831267,-66.853266136357,1.91649340285221,3.51606130174969,979.697617899248,53.8025291423401
88.3706331838875,66.8017971105583,-86.5490182384092,-142.237232969826,-1.06744869965041,7.16879607198643,669.074270324156,-118.867607953496
-1.7467353027605,102.219618199182,-61.0139709841606,-178.709194554156,-12.8918447591132,4.46077917022194,471.340200140163,13.2839236299915
-106.405157636109,148.144290228229,-27.4766393955579,-103.431419128872,-0.305052543553757,4.94736404785363,521.337046781686,-22.0889280382253
-0.708017073578958,82.0603963135109,-48.4424746034056,-83.0071485366789,-6.40737360036292,2.77647243779211,-16.9080467254971,32.5915947085305
-28.0517357665103,153.144487085607,-47.1274910260108,-148.511816740032,-14.7474593152874,8.09570748230908,606.530171967719,-14.900022595968
132.41036885338,51.5700763209024,-101.901807788152,-48.2860812075087,0.141450663759315,4.0318075186442,468.699258105782,-165.408726445414
-30.3341453300527,138.319562516001,-50.0267166158301,-119.971824734141,-12.3671243804565,9.01365806541435,470.46915148609,23.8665474597947
-208.716989186723,116.424614472529,-10.4305461036565,-44.964728622348,1.22620524960621,4.69735711541216,689.278521070271,45.7971377752256
-210.011361125507,122.806001150486,-28.9512037503032,-33.3757541893042,-4.07425334205618,3.78316222767171,1303.75716683149,50.8398334395588
-3.71106229606085,80.2612333057932,-54.8858491465653,-87.484975319403,-9.30005802882079,7.52639372720296,776.129404565396,-47.4899401403818
-39.4925997353794,161.112193879973,-57.7821188621456,-217.163066468915,-3.00379052347853,4.10715705473558,668.677236780293,-25.344872150381
-111.688153967087,26.5273274209176,-51.7093199196097,-70.9053737043578,7.98774134594714,2.81194998553838,738.148160479526,27.386684249781
-240.177366760268,55.5946286179001,-56.2472711773444,-75.3152129451337,3.95694121890119,12.866954306126,1466.73803278013,-36.1071494605858
-20.1186891906254,123.649302348102,-52.2438401087711,-161.305158941774,-5.0311493963236,5.24450622108998,-140.238594931358,75.62716770728
-37.7018914890141,30.5858307061426,-48.7304303297642,3.71208837404265,-18.0960939707966,7.98202831690287,322.583464776006,53.4999599694129
-199.151635518036,144.268893648477,-28.4587455806322,-79.7877059044913,-0.366302710899618,4.97330274315755,952.726493442227,69.4174715060432
70.8771151232795,152.762818952935,-71.0674641698497,-209.333456868364,-14.8560636523034,4.6315597458015,660.838390708421,-5.130047048704
49.3952213346492,47.8702082856034,-62.8519214020489,-0.144355697353603,-8.99665415775962,6.82760859650807,224.063907186701,-33.366532012762
-20.7237522887226,108.586014414002,-47.1338612665568,-192.855257791321,-6.30518126452807,3.45305010223819,513.181510414855,31.96745191628
-62.7167504545432,180.158866289494,-61.4008839188464,-128.828294957129,-14.7923125575544,6.30907158243645,649.078589066183,57.6785414847436
19.8966790632694,83.7345274792315,-62.871633881834,-44.2647393959051,-7.57531519998156,2.15223002376842,338.95520557091,24.5158407437266
-20.0466637350928,109.615933967638,-49.8919697945821,-111.498441833013,-3.66037088111625,4.19888383271973,460.40222512011,-24.9692030707374
-106.865654906956,94.2559695707823,-45.1654445090826,-55.2012945252354,-1.28335448737198,5.00122158545128,580.933491569827,58.1305860103603
-11.0106389165267,72.4772777539692,-65.8947028456314,-85.7765047198191,-6.95607549717533,5.88707788445754,391.022538296878,4.68251235612115
-96.0444324507953,83.6567414738238,-50.6414730088618,-35.5303732638276,-1.55185243642336,5.95158979328698,645.611760209133,16.6025140501733
-12.0338484534586,115.681469916618,-69.3499508894383,-110.902769074539,-10.1615754866871,7.53074000930792,433.708258162951,9.2387562286458
-103.724766908388,222.270459545602,-83.8556129817771,-201.895936525485,-6.75804277084535,-0.591247648146236,846.081444331101,56.2310710834572
41.0737392110386,114.965436601109,-62.9991047145886,-123.611242408937,-16.1439095662499,8.73456178380002,-153.585581834021,49.2327167028852
-2.54094536387856,87.2658749075781,-77.1309797578651,-38.8552981921312,3.47565328994824,5.41838813428421,838.061618575448,-90.4238380436072
-13.6066033003444,35.4366636339546,-56.715125795512,-46.5275527909398,-11.0079590922323,7.11447169858729,715.032158545392,31.6535108214011
-72.5832589778001,77.522583863989,-48.2359665711992,-72.3906464784232,-10.2995616398985,3.73961381451227,328.083680603013,112.726330486526
-110.878159844237,109.496624666332,-29.3765358418459,-53.1398443468206,0.567649019543751,6.29053073184332,234.607508710644,2.13955246143814
-140.12873520107,84.3651853596675,-34.6464283536479,-208.551457849608,-11.4541939241462,8.13041470616736,561.22257504602,105.793384497796
-59.7162851178582,127.528891431888,-67.6969045430596,-115.160568925319,-2.14413088644869,6.57878822392377,614.246737422312,-44.7250934766053
-104.147059657982,121.829120129289,-36.7655598703204,-168.253433802893,-9.0488261290302,3.91585664071317,131.005113543972,108.34900956093
-74.1441672130895,74.101455962722,-36.3619136094349,-78.7460351312002,-2.33798873263004,5.30847209350031,204.713890832354,31.2612361288047
-50.8497520685942,156.970613703474,-29.2598859897553,-148.219417739223,-6.34286207234254,3.82321233997936,-29.9513207036362,25.0574200303199
-128.802870480373,160.737873378646,-46.7001838233264,-121.74946989546,-1.83828319297754,7.6465369493053,875.273831402752,-13.0408203635307
-37.4457550245934,94.4502556452785,-45.3631008771895,-149.031724761342,-5.63500938587822,7.7654721148283,581.492779164721,-47.0922594206204
-41.6878751679687,134.082126874957,-67.7156470494374,-158.277138514641,-9.64971371381262,5.52480079041379,483.138312843643,35.8230429897958
-43.0618010093349,87.9021937777288,-57.4496488696132,-69.145254729272,-2.47776624745893,2.2989000631278,528.579469494696,8.52644810899801
48.9613304903542,108.478741232779,-84.4036011541757,-202.771095321623,-14.7327676791265,5.00407590335089,95.3355650736776,55.6240490416822
-72.1603864109347,118.463841957986,-45.167950508272,-26.7001145591421,-8.9145270223089,6.76578523570788,178.396721797842,85.4961935613974
-237.314897755947,98.616564714488,-11.51108616282,-102.828214962661,-9.79878156808991,7.58990205751616,893.832196410309,94.5460001307256
-204.512291124745,156.160471785974,-55.5404411394675,-164.472819163014,-6.66449995106723,14.078414450463,1145.39378037052,-47.7177113778816
-98.955664940906,14.7740484714159,-47.7850409745297,-13.8311346986156,-0.0870424665990868,6.76373540959321,984.247475123986,-25.8462002521846
58.6956660889264,54.078371360185,-70.3590522600789,-99.9973669995379,1.50074079527985,5.4567083659058,366.531812034795,-81.6707661490436
-128.338443460962,243.697603537457,-52.2860791185158,-178.437461264813,-10.3920381326359,9.34163529367652,1113.33267557329,-18.6332836644215
-97.3045977948423,111.513056510477,-63.1114659140294,-74.1770492162304,6.48275769263273,6.35037212796124,399.94475573628,-16.2541026977306
-25.0072108677996,127.075921466298,-51.034255031198,-155.853776755299,-12.4586002995202,6.83013235909675,295.161783289273,0.944951676494384
-49.9252103541658,102.898352993681,-40.3191088048334,-92.0766138691106,0.702980211135582,6.00250898621744,457.887005119512,-36.0415729571687
-0.186166397150373,128.357855161448,-51.7743109884032,-146.551835017512,-6.82558599144977,5.59915732875743,632.472273650888,-75.1350920806144
-123.544463202838,100.56647885934,-33.3411585716531,-158.571122437479,4.32427884258141,3.08235763656558,401.834340196179,50.7910132576944
-92.1572579917265,154.508306015396,-36.9229255699101,-97.8566513822589,-13.0846378007191,9.32057257034467,132.506812589505,75.1135495759081
-159.625711169414,61.370525088103,-51.8037155073107,-173.473457055414,-5.88718204856559,10.4401787802635,1405.75842569594,-5.52922869267059
-162.270234869415,75.8820527409989,-34.1296172146831,-54.6211945597752,-5.10692131038741,3.29129427423504,784.475058786978,128.678125607545
-17.3150628924923,119.951131374968,-64.8540043265311,-123.046579501663,-14.6553043979075,4.09683157858672,-113.763799743077,128.091018231455
-86.6073476351594,221.414955847467,-52.8542021272297,-157.93960150678,-1.84638328143046,3.49859947268851,443.952197566221,21.3394208823738
-154.575597696989,148.295220259301,-44.2332246228762,-89.3508841365201,-7.1999763881613,1.67902760432116,707.419995851786,119.173226776256
-56.2193771646562,251.555391744871,-74.2950222325235,-186.007728004523,-6.49762152707262,9.49523492107983,615.545698811096,-110.654971069009
-45.2904075860861,159.176743302107,-54.6132790105621,-68.3413253914186,-5.20819617499728,4.15893792388306,386.327160129818,29.6441438174297
-66.9623808066535,49.6478233208618,-50.9846071110223,-74.750180222065,5.1217447326344,6.40002669283422,206.54459349667,-41.6141850381537
-7.45641581830205,100.670814020705,-51.8766661609898,-87.5813245023892,-11.4383808643033,5.65532596116827,705.002072915217,1.30858906701906
-60.6815705635636,109.023838512483,-32.7288738755742,-107.098896549549,-10.2473360915101,4.95250604111789,297.484530299727,90.0689950795131
-184.878054948815,36.7474802420584,-41.6587711343891,-61.5217798205776,6.40753473681048,3.90205334761413,1158.88009120985,31.108069939597
-41.2124187989539,134.689003078769,-73.018718477877,-140.602520816297,-1.85911300754378,2.02749109492288,959.795569948852,-43.4389301451156
44.2615477869404,196.068848071955,-93.5932435720085,-125.415978263831,-7.66946457981248,6.06403904659965,85.4346868284047,-83.2599464363011
0.73415462738194,143.838721325446,-53.2277156226191,-158.532917912293,1.40939498338048,4.39943453019077,41.0769697524811,-42.108036666963
-172.510710023475,201.772115296983,-27.8968304740774,-110.299001341482,-5.24545780443441,5.30590583513549,781.109846875035,44.4129632575496
-77.0004412255184,189.006929901268,-62.1192676562168,-174.913745871117,-11.7091658924473,5.35494597256888,436.374299761577,50.0940593534251
-182.093745404796,148.982661724091,-16.3688154795327,-175.141936395959,1.36127630611736,6.95382122512092,486.046713869873,33.8016266364721
-58.8507740948407,100.859068728787,-58.2002199470335,-146.311851634906,-7.25467995744839,6.91835628740955,961.703518043003,-21.7427059869588
11.8965903201752,67.506670925417,-60.0441792205165,-63.4471193598947,-6.31834393973986,3.69410295918351,796.873255657789,-44.0957431417773
-96.6614847928868,92.3972618916596,-24.2040134840936,-100.705584658223,-3.87647029919026,5.4732070491591,422.276400527495,25.3907281822285
-80.0774424628908,103.145395744377,-29.9643060512317,-70.4983430909906,-5.02039353651344,4.16129932794138,563.061338431791,16.5414869390079
-69.4479453814783,96.7399394435197,-38.9834691634169,-102.464935073211,1.21795551980176,3.93675591357442,845.769084889376,-75.4754633512748
-86.8846992641047,209.077370427016,-37.2758846751094,-68.0012794194699,-3.73207962603192,0.894631337287137,543.773064375142,18.1209840600786
-46.2224284907716,115.657756045172,-46.514777422175,-69.6095230091414,-10.2037190794508,4.03139830150758,552.963111261692,55.9622298570175
-28.8392415672643,176.141127943294,-61.0305698474658,-173.342999349217,-10.9521883088746,6.013809156364,705.24788366041,52.8889405171503
-34.1530663479352,181.801792138642,-51.7923152073035,-104.724360548033,-15.2380583414852,3.7414323434059,986.186610925797,-5.36983235919251
3.40140611724928,144.547900141395,-58.8457934191101,-180.951861727342,-4.14369526198425,1.54831060245488,219.37002935732,41.3325551165199
1.05521999949997,114.776867084525,-58.3020249216097,-111.095168419029,1.65047150686951,1.3565692663833,-9.21254154710914,24.7974980275649
76.5521158605407,95.2660452048003,-66.9367412748834,-84.478615591077,-10.0814141677984,5.17232212686213,161.047042431135,-29.3576018757303
-88.1867633457005,117.764406911328,-47.8112840524773,-91.6662946808356,2.00086956826999,3.8506248484191,826.259719889665,-47.8292738612799
46.8443577638427,28.9581294699674,-64.8592069009464,-206.928040635099,-9.84572096176271,6.24801310049952,417.547340134872,-21.1324539709312
25.3203905938863,91.7392917910693,-82.7146572216589,-11.9987705981584,-4.29897154548962,7.84656137484126,634.179750478626,-59.2496512221769
-24.6484044415993,85.0887214067843,-67.0398995583237,-96.4879942444495,-9.66182464419398,7.51881386832974,218.786018719526,4.17979405417282
-121.362412685619,200.381739841581,-51.3856926315075,-171.027558612102,-0.771787420133478,6.31537365802433,819.283527529783,-33.6458831403725
96.7366799830925,44.120714433986,-81.10316059459,-156.606117929787,-3.92351263793535,3.89733273349702,-323.418521599524,-14.2979050745635
-204.038173726592,125.470880413413,-22.4040781668664,-152.221700945491,-0.311643682791328,7.21360649724375,1074.46345245469,29.4012833503293
60.745587572339,73.498995886443,-68.1507186153867,-65.8665034937148,-10.2285823993734,5.56097922258778,143.184934307195,-15.4055498933849
-33.8952909603249,90.8234561884456,-48.4440485958221,-110.852459881529,-7.04926989326486,8.19125239951245,499.364012179882,-20.8783929170968
20.7941351486515,135.554730992582,-61.4793343376732,-133.636361237421,-4.5545797059458,4.01059982643346,256.004582676876,-6.23153766192263
-93.2511444660704,184.301967236184,-45.3273180116958,-117.08950172094,-15.591807467441,5.14142617748621,762.442334113653,118.132592464041
22.8283763192376,109.383305549069,-60.908636508706,-167.767607689937,-6.55121642359882,7.93445440685673,32.2087907184032,-24.3922022617553
-25.209695117821,56.7838692242622,-29.2974181271711,-99.4969636294154,-7.13498342766252,4.56351641556648,236.016231911148,33.2908953331935
116.546111488729,30.0517673580434,-96.4311305266601,-119.711918911038,-9.02981375367381,5.92839368728164,119.713687902346,-40.0005217001453
-62.9396659973718,235.920115658097,-74.3395011376124,-181.333975602116,-9.28614030464814,1.03158839798198,842.143709794836,32.7920606752014
-36.5792866895354,53.4997365931995,-39.9757784198737,-87.4249123812624,-4.82575567408276,4.05169057151215,123.121444192453,47.4923784691055
-78.9980619586568,90.1370024834468,-33.4753004753766,-106.525307937598,-3.67390412306122,5.01343223955337,842.100788581331,-5.36471174325561
-135.780957967552,89.2574888086538,-38.8612061217791,-90.9344599613469,-15.6676227796124,5.51371299763559,511.061263632114,142.002674599411
98.4691401456876,77.4806785932597,-75.7460545937065,-110.555016440794,-12.8089233280625,7.22779460073798,433.368430128234,-34.5195844965638
-147.468701643666,30.9824613740893,-31.7875127719162,-37.4710520925437,1.37153463132563,11.3538960296428,768.247357638626,-50.8596249540278
-86.5443077739183,89.4497294446192,-17.4152568258723,-120.838695786748,-4.46785486595763,3.60865209220356,458.837017271464,54.0486523141444
-93.3088442422995,71.7520032293105,-54.6057635116449,-99.1177117242842,-0.559332978984457,5.98357119224966,1001.04529862999,-42.4567466685548
-36.8534032898169,70.5536378496254,-88.131788881401,-60.8178929930873,-5.8321506872453,4.84481302446511,1228.15456284321,-13.6519022159482
-27.5703541132971,116.246707649188,-58.6762089954573,-90.4166341754899,-5.67303234576684,6.20210293679702,637.243113785018,-44.2636949845428
-34.5996592858937,125.484816055984,-46.656922865237,-159.075354769942,-6.41643755199948,4.35528355278075,162.267478394861,35.888511613326
59.3065208588378,138.789043226003,-102.907356670097,-142.670245767848,-10.2215961960173,3.87271234198124,351.839258340187,1.5076664086082
-262.48144614014,128.452877906864,-34.6573876035545,-74.2067458317615,-2.19418541064078,2.56448181564338,1485.92286799044,119.296701145811
-34.2113688884856,45.5063138804835,-49.8816688928637,-44.0569470645569,-0.0579208866402041,6.24667868416873,-74.0260931382072,35.0076824595089
-35.7778751592778,108.128308572021,-51.1619270110004,-79.9885484155966,1.34639298394904,5.07078529758292,101.818542743771,-10.4934556659973
-92.0814383942416,30.0476400379848,-45.5814856640936,-78.0643833843787,-7.1382506043301,4.72145933180582,528.777686094604,111.428821261739
23.4358418929187,88.6242022158149,-59.4600134823268,-109.253816144716,-7.54557808412937,6.59217263446772,569.220728280525,-45.3566674283647
-176.03089526618,135.004008393356,-12.5854231324993,-110.707891713411,-6.21189372338995,6.90907256957144,617.477359648517,80.0869302600622
-90.3205568236881,71.1624787657347,-63.562029498833,-105.590646485929,-4.24717876306568,8.04610038480314,875.559451287729,19.9188431795556
-102.26840945342,84.9410673559469,-49.8980697513471,-123.04590291149,-10.4928271299432,11.5981445672187,808.304523405212,-4.93666453413607
-49.8531799908524,179.860276996536,-38.3323048883467,-135.543890282832,4.58099118746031,2.99325898484676,535.690962705325,-81.7080338107771
-25.5637075036502,27.4784860383515,-63.0722847503021,-87.9231177887268,-1.09804476106365,8.35182404049192,956.372139093204,-34.6589171924279
-16.0153131938132,159.997732017269,-59.4379650257179,-98.2840751025942,-10.6802016735601,3.24234437479754,332.790692065275,55.7524129218946
87.6841460398136,242.081574770666,-111.410323042273,-328.096728871358,-19.2364300723057,9.94025391706964,988.428545976698,-32.2095606644871
-138.489645436639,160.302089722441,-37.1362674420961,-168.22013690829,-10.4661358399608,5.34109981943038,418.393256611278,27.9821720267937
112.709917299455,182.273926985807,-103.136291641626,-264.026242523307,-2.4496780334448,1.16461964968767,80.714011243399,-65.0267598753453
-164.310507138682,195.025685525698,-45.8580851166098,-99.1029628565357,-6.59584926295793,10.9518420186796,379.844284548628,30.7877084716456
-83.8062654989189,90.9271696187207,-96.9190228676453,-178.384946478036,22.2673601237957,3.09170789222662,355.032417595321,-126.655606067307
48.5119518818683,172.22229284644,-94.639229021901,-209.811583445306,-15.7025717807155,5.76236088354199,778.531506545492,26.2723430311435
-11.2244412532309,136.102678984611,-81.7874742725835,-224.596031184723,-17.5595109811547,9.51998201224342,395.660155635407,79.5697931767209
120.534032152465,231.521016150495,-118.59188063723,-162.735239241556,-7.22333833901212,3.74566053632225,173.544621437235,-84.6026819927192
5.53948548875269,116.396245750311,-68.2878571544716,-128.254756999369,-1.69535152509343,2.66490432719729,-167.890351045615,44.8484313629742
81.4555158598523,150.798923547263,-97.6661601090163,-116.576978031721,-13.0726161919883,0.618796488337466,426.39227631114,2.60688859788934
5.81699041006505,137.964215626169,-56.4222609143762,-133.491252592037,-14.0490217204788,6.23232435894897,626.24576449567,-25.9636767812917
-133.553798976667,92.7306486789894,-22.395300297736,-99.8159297809934,-3.31347102465224,7.14865818218095,421.615319952194,16.4780014637072
-81.7594132416921,47.4156199150284,-19.5449012875906,-1.27424600925588,-0.903778420732124,1.97570553793048,164.93959886246,48.1809993721545
50.9822699651413,113.465787695844,-63.2310473951511,-79.1585947996791,-0.0197180035756901,3.85339569603821,-13.9437950869033,-106.468285872717
-80.0101333467028,111.59704888222,-27.4825397672503,-135.937315991423,-6.5479961432211,5.73718990698399,376.343642318127,34.6527265491895
-3.00454365740006,29.8783720213542,-68.1048747335954,-88.0693786178308,-5.31288650925853,4.4140469683789,499.608197489826,13.1511882980194
-28.7281235159098,55.8343494054861,-59.2870623874187,-62.955330951314,6.07293758373999,6.7769973101058,723.672439672084,-74.0037968535471
-189.708364103659,134.267141980432,-33.75808776544,-118.787905496582,3.2252717995143,4.81777820591378,950.787887233324,21.9888536619983
-97.0158544650913,115.514268426523,-40.2499853771005,-24.543672659609,-7.08771538364908,4.69289742730325,180.09277203539,93.0315196525771
-145.199529993455,54.0060887207364,-15.0111972504819,-34.7803250251636,-5.49168673661188,5.35192957532126,208.679013865534,112.366037328196
27.1827233756048,111.562157824766,-69.3018352436484,-97.6934959002247,-11.4139698046893,5.94048741374718,497.208247189119,12.5531079336943
55.5769891609671,66.5389567528655,-45.9640403533995,-127.54467200466,-7.91938231201493,4.26339459508745,567.965541337937,-50.9809290744893
-16.9365394765409,151.898499949588,-57.7202755887083,-221.359541890211,-9.27351923934475,4.70135825383477,504.469456093793,75.8711636482913
2.87085962728452,93.7987494341796,-57.9688153380193,-116.0508977508,-15.1073969504032,5.33206069591688,261.769027823131,81.1657663415826
-180.863468239317,125.316617096862,-27.3031658960972,-113.705211259039,-4.57829082738317,4.22275020620145,665.517030456875,132.387770308502
105.377706187166,129.299832011064,-103.728576133493,-102.131559433779,-22.025900049246,6.63360079825361,314.11742424815,-25.0328078056482
-17.6030471853155,249.478471288356,-71.420978645343,-239.977582591266,-11.1556413977814,3.82260189490626,403.075422769878,12.314893015915
1.43079536571895,115.325846211781,-79.5887813722657,-45.3205658532388,-2.26117306400556,2.66479609211092,312.294903986942,8.01660588662344
-25.0216168324769,125.273877079599,-47.3567720337305,-179.704664697216,-5.97142097447067,2.97866490719025,141.38607416147,87.6272149073047
-75.5821809733898,78.1571603460761,-40.7482874176058,-39.225547694572,-1.41437137958565,3.53963923396077,241.809853373255,42.5583895296877
-32.9660963882343,140.033524164151,-72.0943497869775,-89.0332756904827,0.29658578861563,6.77547176617372,765.882408743244,-14.3076777565366
43.7178037073172,123.607103985807,-88.1218629035302,-129.72188979655,-5.68417167157168,6.44852615561103,-378.547056085139,1.8892672607908
41.4929475213285,149.027489512326,-90.9780167523713,-52.813527829654,-9.02525954470912,5.93539082992356,494.91920921093,-51.5867717863002
-110.691145330638,121.229476214718,-43.4817007802922,-89.9954490917444,-6.2890323902393,5.37139218172524,726.396992856055,2.12851672510442
-65.2944116799772,120.425719674786,-56.0693404970807,-92.5395430760109,-7.31929404416587,5.49859920924064,601.643812208502,71.0227998396003
39.4086421668762,132.075043816178,-63.1907851182041,-151.395039112307,-7.45669335586354,7.19763964925642,128.272135226114,-8.90803012302422
31.41085414587,88.0950362608128,-67.9006954989527,-131.211436451107,-4.87574154342292,5.34169976689736,428.133720279497,-37.9097365940761
-89.3257284598239,138.847985344219,-61.2418346984523,-56.1310276888544,-12.8420070429856,9.17013930584653,761.603564194738,9.13433201474254
23.507748091215,115.885729443748,-67.2110810342274,-162.86097240651,-12.8945866770591,4.74633457510936,109.07914867939,65.7588022472446
81.161957696997,107.638051204747,-74.320117746468,-178.71364144652,-9.55321653697683,5.11351943780028,286.380395219036,-70.3531587749749
5.06297657075629,139.770330620177,-56.5335116197821,-145.058345419973,-6.94277070772659,6.75590793316951,530.80948765311,-39.7066453173757
-67.0132443627663,138.603876807967,-55.6255460493849,-104.609504106782,3.14898613460537,6.82088258943986,558.81026724569,-96.342257723536
-32.771050985757,192.562218292028,-68.7120185765816,-254.412286672159,-4.64039903483717,6.69993069575867,279.041328700579,27.7217495903242
1.47685694919539,114.362783290941,-53.704043674079,-124.2347211212,-5.76864137125085,7.48108843639784,440.432041204785,-8.04891629458825
-19.2566976177395,114.582754671646,-65.1287996643223,-99.0418784843641,-3.02796254787972,4.82495645775634,423.098388573286,-9.59694497991586
-90.5887788796244,165.361438144231,-42.4930408896798,-134.250059812097,-6.10335964212572,5.82012328378914,625.05361349383,40.5470744855847
-9.103966098206,60.6398487942934,-73.4482663432427,-145.474523157078,5.55589331517695,4.9816609671052,624.995896356413,-47.4006099380058
-97.9198563251121,111.268081562419,-55.4111449317443,-88.0335897337936,-5.57264430280702,3.36808947305963,628.724654076854,47.306437740488
40.2834801103163,61.7029063248774,-71.6231101376325,-10.6468253389467,6.01164159864129,1.96339914700366,155.972904920403,-87.5513028511332
-25.0299240315871,113.273786515339,-73.2883764874823,-121.052217035663,-12.8500051084557,5.66563852192485,621.701773355686,-13.1892798619374
-130.42928943233,145.090023331955,-52.7436248049635,-127.7998551208,-9.29930412673275,6.32470636993094,938.693112999405,110.033286116188
-17.9539381550858,154.972391366238,-61.1445518664677,-244.847793861823,-22.1749496155535,8.05669143013074,426.68293265019,81.9969295796327
-36.8342992264224,33.0705335421808,-50.3039962102484,-66.8333406298188,-6.82865745524759,5.02772812268813,841.967914733774,36.5953096130397
-75.8202586418527,171.217223846546,-40.6849911396275,-90.1152576894965,-7.49107099982211,4.3043367581995,388.956914683804,12.9880661388161
-79.0614072158933,55.1271920963045,-56.9859100857211,-29.689743138355,-7.07948979748835,6.58171025673801,802.460363267601,44.3164005738654
0.0332311870733975,141.313784044898,-75.290933653916,-5.63510701127234,4.3311597363172,-0.108940739461104,216.101058393921,-40.4118382816087
-12.3215660725982,122.539119761102,-73.9434195388458,-95.1503096560627,4.24413944477601,5.10960154906206,39.5213796694297,-40.9570155973779
-62.9308377231355,185.722524198689,-57.2955247644531,-152.864156747397,2.49661280476721,5.06453889161639,871.199100291378,-54.6376848105501
-17.2120238252392,148.222595558633,-59.8192013105727,-125.76497332735,-11.012261419266,5.4066163057978,164.230290194319,48.5677415294558
-147.239830213774,170.723000807491,-19.3264832552813,-176.173861586823,-2.07524157262378,4.77543097225134,173.877245391922,71.9689458704852
117.820560301203,102.442269162813,-100.277839217415,-148.60378570445,-10.3174010828334,5.35763246285933,574.407831902674,-46.860644431581
-67.4391673565842,115.798660350265,-41.6681071603234,-21.9027349576936,-4.6507388422142,4.34885861498333,488.791546615306,21.7760375319085
106.514118202875,112.993194160867,-103.50223864014,-166.27805381779,-14.5021781450487,3.70849374571117,383.252422574587,7.84045971859086
-136.163660693775,186.031424668356,-66.0683519746235,-124.33452318178,1.795737845845,1.97003620016039,572.284465566267,27.7944823613943
27.3090355956228,137.458849660274,-72.576458136522,-102.31248300675,-3.91035719887077,2.72770119058987,616.907299476243,-71.9485358416568
74.4522685995762,135.34226415903,-74.6335463961914,-198.906100204149,-4.45451715355375,1.01816274909288,218.971866987475,-45.5734773556724
-142.443390843371,122.949081243991,-37.4686226805861,-86.056353853186,0.775127425644314,8.76658828519066,989.803092277158,-33.6301941099518
-237.615899134986,101.650195826529,-0.293108761150506,-99.2118537893266,-7.06293180291686,3.77178873178855,380.572299077205,113.822831848564
-158.26187381873,65.1093148979908,-19.5137435688957,-115.45008312444,-3.80619326175656,5.23605952877551,386.985202856173,75.2426377337833
-256.494931861754,125.874533431517,-28.3733241442824,-147.79675651854,3.8064704576318,5.34412812298615,1087.17359804719,24.156714266428
-301.022980581547,36.4195162272663,-49.5238944204393,-115.418262487103,4.58313858791917,4.20592801068415,387.884666209808,-65.488650146639
-528.743715922683,100.142860773436,-17.010979057537,-175.563754614916,9.59316934342496,3.2860196102265,757.007737349013,-129.138632017421
-293.570700553275,86.3286651618691,-26.8913912120843,-161.124582811193,1.87298826480401,3.67958727997029,-76.7690635618892,14.9714458614471
-187.287801340601,76.1042121986429,-48.1844603647041,-146.410057061643,-1.46619006950641,4.24015103004058,22.0469532472453,25.6724110738433
-82.5308785046363,80.7384731713028,-20.221012658134,-68.1693015096153,-3.10434113688825,4.36314299381775,729.271863366725,57.6419450351859
-91.1400173493403,106.908124298455,-44.0202454269092,-161.875470099185,-7.38754828019592,4.38811206472747,327.806903108925,73.3759843603486
-40.9560326355277,70.1967185032699,-83.2888252458069,28.109820171434,-3.29879842886294,7.08099686356582,403.430465811623,-41.7140556272789
5.225312257513,182.24855796812,-52.1417110620241,-161.284115350278,-12.5235503292393,5.14215307831182,474.363898630589,29.4323071426552
-181.763040213962,93.2510875093867,-36.6016441067914,-63.4465952198661,5.33200379592017,6.03358371470677,621.471366642931,12.2310022680758
66.3008469928754,65.0496683877755,-89.0275030808116,-82.7564241200889,0.126336889381491,8.1669175287243,-238.550035625507,-35.6594870401314
-67.6205760433222,177.1329634102,-64.5360313331839,-115.486358511524,-8.43783092321519,5.28469831430175,-166.844697781169,70.9254373618896
123.133198283242,77.7740982327668,-45.1325605645688,-124.047901528131,1.34115944412042,2.68243844973404,-134.960738735128,-46.2704529559296
18.1205890142301,80.5799719996903,-75.2376280958415,-63.0951470848813,4.5070938457211,-0.481667439264129,922.194476973047,-53.270760864827
22.7785573596775,73.6727592019379,-45.3996836745355,-46.3521204662829,6.390865782334,3.53010799363256,82.076435476105,-50.9606360798498
-93.0092937054433,0.22583766590833,-32.1073623017173,-28.020899579351,-8.70582748432935,9.89491173162241,748.481199205504,-12.6323428593496
-16.3956874552532,84.4675870703068,-49.3164242729836,-58.1469863924431,10.460838576575,3.35050065326504,174.851154492368,-79.5654328698438
-230.97776141845,135.59538550186,-42.035104649578,-131.350960073853,11.226692637385,3.89150863396935,310.284973648028,-63.0232627649821
-200.20477806597,125.561896588581,-86.5724480771169,-79.805389524292,11.2322150043619,0.0728921616537264,151.130410409765,-105.418116420376
-242.36834049254,17.5313812774548,-33.0399218900857,-106.446561472301,23.9518750217103,4.37099943624344,975.872913263825,-136.674348815795
-351.965436980769,108.661376604898,-12.4748766080884,-130.34287215292,-0.43263581530482,2.16485294384688,490.273005568568,97.1552523759456
-298.417811740686,143.261773953469,9.81351570397419,-132.078729382878,18.2606556690007,0.979183974675834,1602.11998307303,24.9531823469636
-55.1447382465121,148.750580486128,-54.5320667152409,-127.400933874596,12.2095088704518,2.18610144007835,667.456790809258,8.18009957192407
-144.073789330823,131.302198249585,-44.1160062675917,-165.094618572213,2.33529729193833,4.87725489214063,1301.20800889716,-46.1525861754635
221.201299944398,85.8302008087921,-67.5625810238998,-116.870411275624,3.70917962362,6.14440066754469,-130.443054925592,-127.574520757131
-151.686670945786,148.471001855694,-18.9765435790177,-176.257201906534,2.84622401621164,2.17606192783569,111.820616567034,3.20458237900129
40.1248148296654,41.9298044610878,-63.5956992906868,-83.1364204357378,4.00718451888679,3.11513832278433,201.759457369422,-81.0967452982441
33.1884824451699,69.6316887166831,-67.8236187058335,-131.593919768202,16.5286063560416,1.55434995693213,908.572026572294,-142.391310108127
-256.964424304155,165.801386151943,-35.9553283636487,-158.740467533244,-4.27728759206366,8.01188558098511,317.347045968287,-17.2238787935348
-180.910685851282,183.781828228064,-104.457139718783,-189.650886712741,-20.9422373430571,8.92700075666653,135.262895685155,-57.5238918291579
29.5343923861947,94.0503965565003,-71.2517690532914,-87.4933049874489,12.1137664911425,9.05815898596484,608.855115227751,-148.901688254991
-157.901799434563,28.7581312280818,-53.1699403540697,-50.6816259750558,-4.12747818428033,6.5747055404936,734.763035921613,13.5211351887556
-58.1839266559,142.174446878489,-40.9744508580479,-188.142007970106,7.79579794934762,4.39421255187229,517.486088083911,-40.5608117671363
71.5452361836506,74.5688318479224,-55.0738363902144,-55.4398379900231,12.2827989656507,0.629822559239983,-379.776077112401,35.2244271483796
-160.530917115539,-12.3496169090176,-38.4020375110122,41.7661247837968,15.2333687329665,4.55973605451436,288.831337162293,-102.251442467881
46.6850776466599,121.457461124883,-27.5557884163281,-177.000946089101,1.70015198817418,1.27224477718119,542.716416005722,-17.9336836539442
160.345004826202,137.046528959945,-103.128118081615,-127.984454803402,-5.94202329291147,2.44344670210648,-226.502874391008,-44.4698753710836
0.0855028511177807,44.9235314550169,-53.8232740082167,-239.028466611366,7.02757852109789,4.15291801435524,596.483098090815,-121.930359612728
145.137390850199,107.415627250797,-84.4241450160334,-148.348656799091,-7.85873520151654,6.34429078796529,530.173127428017,-118.224013787425
-8.14161992312802,55.2885639697633,-40.8769298056141,-56.5584720460174,-0.932529576824891,5.78142788443802,289.106538332591,-8.41402732914139
-206.454740373869,81.7796909096069,-20.6465697364765,-162.729371733134,10.2501892433638,8.87971352759632,803.480687345422,-47.0934136069118
-21.5663772604894,78.4872566840786,-60.297989636776,-155.888975557486,-5.22196638070454,8.12913689454581,-435.187148133351,-66.3245297922986
-581.379332347344,186.018570665328,-49.6593592870631,-179.611446496594,-4.16148125036852,9.75339472147425,850.442394254904,-19.1746220503046
-42.8345390912,103.562063352823,-4.90970229783125,-128.584470538684,-5.15437859893427,3.32648262308066,366.821796505563,55.6926461303697
-39.7595412866358,193.684029756143,-66.8407381737343,-228.484509690446,-3.09702508072951,1.62011651618377,1720.08719751559,-63.2921617979009
-192.852982048797,147.302067608529,-23.6263411927503,-7.61875294674246,-3.62992244435009,3.7049121617747,388.574783500619,102.06652833712
57.6156054630919,88.7752310456999,-55.74005817328,-105.176335275595,2.90643884797464,1.3384404208482,-377.729610416456,-12.6661658990924
0.843661845763563,129.143030630759,-54.274865957952,-155.801122375851,10.9928135111841,2.05884151035571,554.679178752885,-73.1968489702849
-3.84404950521639,65.7407661918987,-43.0045986764394,-149.902754608993,6.86889060988324,2.65533477879217,1050.27895412875,-66.1290613769088
-3.14670788188232,131.662696121406,-32.2485357054302,-45.0603269537387,-6.25936146083404,5.6941788962431,856.7690444942,-17.0843672725459
-3.03813664821791,62.9055060635437,-68.7338655162021,-68.9927332811349,4.10037618105707,4.8616697604848,320.32997210123,-146.935273346153
-96.3285737646802,128.023182760473,-94.5111228361347,-143.324448176194,3.71460637137352,4.33755720578483,491.728399356143,-85.4440418684608
101.318616620832,82.7326957799232,-47.0500460366748,-72.4192328445351,3.35171240261116,4.76500307972128,100.548816905532,-63.5705173551396
-201.073172245728,103.241039231256,-61.6198380104106,-95.3806447677052,7.32751078964066,1.47050555868191,591.381237744472,-28.4487214528126
-184.011541152853,203.257922187928,5.33568296057638,-119.898542604293,-1.60518102071364,4.37138363944541,960.632407973957,-40.4079422181239
-216.622752144047,125.23901505203,-48.603414517449,-162.099547993828,10.3017224824289,-0.0741124015112291,692.664874019327,7.74029471562244
-120.004290975747,34.0160537801712,-5.41647028003354,-218.194864573044,-0.184249464204186,6.36191725271055,932.855837964104,10.970382809799
57.3799980395852,145.208865690394,-88.1680803423878,-70.5542167614221,-0.447050767252222,6.83357740686915,172.431316796225,-146.5545361439
161.182392163682,82.4713484511376,-16.3037673703802,-26.9594052953034,-6.19431700877612,7.80302653266699,325.257213547862,-28.1849599439665
26.8937502817716,126.662892711087,-29.5160734217825,-221.457398139064,11.8556448166491,-1.08037514542229,-130.11153448133,50.3604755218257
-371.085210852289,142.522791702399,-11.484757341801,-83.2354444775556,-2.35368114247103,5.99499592261418,776.799043691411,-34.533130150965
16.4627932196308,64.8402228119194,-46.944206651533,-108.36845029195,1.52908822213067,-0.789792514282453,123.953558205321,-37.3782741819377
-210.854648806213,72.6361979917419,-31.2548809608707,-26.0107666192853,18.4996431878244,6.19946376944426,605.507978338748,-45.8789532613373
6.57116371497978,90.7157438263966,-38.0188890574209,-121.700513026764,4.60111224052525,2.67205555332112,421.002076648145,-53.7254738385964
-29.5051983184167,57.4671434634365,-31.4368284214052,-50.0742208313604,5.77226220241573,2.57921840942436,-467.763375860915,-84.7317963910755
-100.138429553539,89.6209407375718,-59.579204438618,-65.3601072269303,-2.27110025944421,2.71599421925566,-428.504559741028,-11.2045724701456
-35.1759224274429,68.8590481173596,-45.7605289667554,-76.1933186132519,-1.3319717268314,3.34524157134001,345.969964824995,-36.8755784989044
-13.1138122972479,49.2980090947094,-15.1902360567328,-101.648723397084,2.92873304346722,6.06267448252038,570.848656457121,-61.6852149552651
-13.4866243873148,79.1069712218014,-50.9730790258764,-31.3976116227132,-5.84324073224707,9.1758150320893,-417.572752922788,-25.2059561006317
219.932916685844,191.109308225859,-125.39209968083,-191.244115417561,-12.2698743840156,3.38701759444666,-96.129924118999,-22.5355400606932
6.24284401608747,103.881724748178,-84.6578990701273,-118.179087619355,7.09581788977812,2.96028194260725,291.25803948312,-85.4057845398565
-36.3573061431016,116.54226204424,-42.0173047682911,-142.851809427639,9.87001526759923,4.38381963690335,414.808749389907,-69.2174970646156
-109.696213049887,85.4909555928316,-24.4865262859967,-138.171031969108,8.93262402946311,3.41015039088234,346.81027865103,-81.3018692291444
74.5202488938521,68.262529086991,-68.6166586363979,-88.6652745912361,-2.83595342957415,3.88897479795924,774.241151090045,-82.6686253096996
-118.865070797794,28.2755702465074,-45.2961893904976,-124.825607095801,-5.05427190928731,5.38687917611242,472.970796803362,-14.0558412301471
155.932526760413,119.144715617032,-63.5010381667485,-119.781150396026,-3.18659211047634,1.2940711584597,616.534805125768,-81.6787030690102
135.310482688292,69.4859354324726,-66.4799883283267,-62.8059781772463,2.11603202132392,0.831647399070789,-142.135421578409,22.4285010558378
1.14966509689111,80.7033430183947,-38.1971195610386,-42.9422988133219,5.07162987061747,2.91003216362151,268.486162315661,-89.4616081825006
178.866368676943,11.1827844665422,-38.6312304644671,-3.43745354177372,11.9354530373093,2.24388936786272,73.0830644970993,-86.4184690695547
-78.4799269051582,43.740307841844,-32.0252385118802,-109.454713304964,-1.6677966906791,4.3924702846416,691.422490802885,8.60994505981216
-64.7376595722817,107.25510043079,-47.9028308532979,-30.8177128602911,6.05874445359223,4.95106736728485,749.225007500121,-23.6716182885139
-53.170686420357,71.8408883455122,-50.7855246893596,-39.3140867954935,10.4333309640097,1.25760944567446,507.044584855845,-66.2949202023883
-50.800583356453,64.4295273475291,-51.1616845201352,-189.115296433622,-2.55417369809584,4.53761104436489,604.937005495041,-36.5172585135188
-204.48730780762,189.826790787949,-39.5282091693007,-195.959916715683,-1.54780893944553,4.09416927688289,674.861897061259,15.6521193938715
-66.4021544768111,100.533421053915,-35.6065196185955,-153.310950207248,11.5959542640303,5.07974247258971,154.816143527903,-21.7541615464652
-145.618340208206,119.894423554841,-38.4228763921856,-191.645245371037,3.30734038944865,3.2147155951352,139.756038600957,22.4422877070901
-79.0855558539042,158.990502791785,-42.0872699100728,-262.515905713932,3.57204589870526,2.90981905488479,115.556363111406,3.80996162861265
-131.941379104246,61.4695900927472,-45.732868185718,-172.462706565246,1.99904285767116,9.93166016129544,275.184828466052,-39.9950149329088
-33.0324420635006,-10.623764115524,-34.6187277406425,-109.873039771453,5.80176859089988,4.42275556494133,209.63055053819,12.117039602017
-56.9254715893476,76.8521835089778,-54.1725045497296,-109.551937430573,-8.88516761404753,6.95674689217412,311.869232511817,90.2815909220662
-112.419619219945,119.255783888169,-35.1603174360644,-129.259206092378,-2.60115532496093,5.09456232126104,902.708620222542,40.4935475560051
33.6268542856269,198.089140858647,-67.7681746768358,-121.530325975375,-14.0587777604087,0.933773908211151,-228.408203358624,88.1074244378979
-99.531384208196,168.7000480042,-53.930460826552,-99.0376042466669,-11.4904136592959,5.34156435195473,579.152669934396,111.846488962692
-62.4204672855194,87.198317646471,-33.1847006544558,-147.321376135878,-3.24487418823992,5.86516095297702,273.151792860153,36.1175472080067
-39.360397073091,112.083144728138,-55.9129210197279,-180.250878655715,5.79803522274597,5.94700759885745,392.940427840847,-51.3580686405185
-109.038906459347,115.165137662989,-39.2428609729322,-62.4986634206653,-3.68673950494849,6.59206099850417,740.658537723575,32.1021946770779
-148.039661315939,125.495282490534,-32.7252774247609,-67.6298398580984,1.79420944374579,7.27748648295528,929.604826354029,12.4349642853995
-218.399537559532,95.7032030527116,-7.72381876126747,-186.22580956592,-0.425929821678437,4.65199339734681,403.82492580543,15.2861791212345
-37.0851443200954,134.679227731787,-80.8287513145697,-70.0196539800672,10.7763345184576,6.51295281426064,1207.25413385314,-151.59358940419
-74.4434416819786,128.588832295922,-39.148621855391,-230.841485428617,14.7761287051744,2.32766392221674,-132.198467366223,12.0703101072795
99.8948632081447,60.7749760826991,-61.5386032735478,-170.119209824479,24.4460611057439,0.0324720583055296,506.037096280954,-124.007104760021
-31.5350030187219,90.0694764570981,-4.99569224235165,-50.1739163825259,4.96391743629647,3.12534336336466,956.8821637613,58.9778078709842
34.4491802854027,104.816876140452,-44.7329028511731,-192.693527171912,7.08955864969903,1.61759549948329,-324.031886190991,50.9332738115627
-38.1704381124455,139.302279462485,-53.5456124682678,-108.619684208621,1.30662949476755,4.28477823702997,146.512836697613,-112.807695013296
-138.27669381562,137.075023990954,-48.6017160859392,-114.266097793268,10.096114864893,4.49183086495759,501.042124773274,16.4855182587489
-202.846459950408,60.8769492764986,-43.5321784200132,1.87153549611685,16.9234661717783,4.96215084037976,591.976811975212,-155.17205352095
-406.451940609913,75.0113825745357,-17.9823239578836,-77.2211103110021,12.7187045782775,4.035292496701,1579.48531579146,-66.7904477934499
-171.798715739045,156.242364443955,-13.8861829787165,-195.358470122796,-1.90805400413228,0.768662925374883,313.018315325748,26.4056036170514
-208.712831362936,138.024175545812,-29.3983357636753,-133.538465259502,-4.29771094676107,8.40299656958086,605.544844385404,130.623501375018
-10.3914244358311,253.872106784649,-79.7499760629071,-323.889397874962,13.8470966694877,4.0285969289107,91.4018570484404,-62.9023841069793
39.4566631891503,89.6183741534842,-101.358099899473,-12.6234314132689,-1.92121885134111,-0.778183577422169,827.528688714388,-30.2958315070719
-422.131953234923,103.81344775769,-30.5001018883449,-135.686478986609,-7.57360613811761,5.87937752345897,86.8279200540273,100.882600537181
-92.0533332093037,96.494219162385,-46.9874883154698,-79.1906410317206,-6.63575947078061,8.28233508687845,204.166130982339,-62.4054754779063
-21.9248115796509,154.022746364652,-49.1126689624289,-118.74734439428,-2.16210890733055,3.86420890648878,170.62626283343,-3.24794599434244
129.595035338076,42.125418118987,-73.7109891874425,-165.584435806,3.77407348521956,2.5885953772231,-420.939461753816,-29.9848136884102
24.3323221512692,128.525529885177,-64.8906879720926,-159.518031812826,-4.71342662043753,8.93368217576062,541.260001687595,-92.3119020473023
-3.44243397334503,145.140034634447,-84.5434467775185,-114.704042867515,-10.7735684398954,4.99031993313292,126.313625128183,-50.0459180082762
-2.34642328551854,144.71225213795,-53.7791764950998,-174.429834653478,-10.3798898870009,5.66000087726206,286.890247983771,52.9412203660395
-13.3011573622935,49.0354582589789,-55.8305176321583,-99.617846361507,3.16029074491234,3.93109921037103,297.415875579842,-32.3554797467004
113.434707695647,211.250465306948,-103.788336230762,-231.302103158487,-8.45737230459054,3.98750089646092,-38.1218570405035,-87.1469746624061
-25.6811777350449,72.0226038475885,-65.2769251583668,-126.403746786316,3.6718331715183,4.72013047039945,276.060548733396,-29.8037028929502
-106.634054644121,114.137334577792,-52.6100239511215,-136.377564219263,-3.55989549525839,7.91098851129937,793.62645122518,-3.27718141659898
30.8574363974913,91.6201346443995,-20.3027230396983,-138.417786394552,-1.82704272038245,4.88378330615524,-1.0978850468382,18.1222048480631
-73.2719067096768,92.2731680060388,-18.1179840656696,-158.61292546289,6.47761404613993,8.52924305823399,336.600922571146,-18.8583957698429
-53.7831281555846,128.493750339301,-59.5303040217841,-117.045880879596,-1.96409712333116,5.66339628265996,48.9744176350796,8.09150049281016
-77.9900463386148,29.4772942098207,-48.383390594634,-85.7303882417036,-2.79915074356541,0.539023145654937,-248.615488602318,19.5832065185532
-141.531605607044,74.2968232589665,-45.6988319658558,-10.4033215474701,-5.47963969942066,7.2317289152852,463.977447866986,34.9887790245921
-9.67500390743953,95.0899068428844,-47.1560475959959,-157.611845436208,6.01044992223615,3.48200624203309,83.23127826782,99.9795336202442
-219.747889582064,116.175004676188,-28.4952657636313,-120.47151795596,-6.1789952385443,5.74098259373568,717.741832167769,108.383224950361
-164.512969551346,63.819418669591,-11.6074678372424,-98.5443394060421,5.52370054354833,7.05344292934751,961.799900175363,-49.1294516572452
-116.430805975726,106.569387369585,-40.0785094797175,-120.453402891566,1.85468416653748,1.47144064832992,400.839160710282,3.03171523156925
-129.943894847862,169.624761919913,-60.7433528433758,-63.7942424462963,-0.315229783707764,6.51147267484339,738.255776796068,-77.9840294483556
-163.076960244711,94.2860498114624,-32.7274300575082,-83.7397599539108,1.14740875259304,4.35609390355239,693.223827928625,50.5922626562924
-105.636468250683,75.3489753393806,-42.6811052416087,-42.5760146020912,-3.22098421977716,6.21300614504435,1062.24769710706,7.10948192581418
12.6992284717062,142.200199856379,-70.0358466146135,-83.9736423136201,10.0738945932244,-1.06865980465955,567.150239887618,-64.062912599562
57.9501341656141,161.514226113446,-86.9806196881545,-239.199979708617,-0.687735061743297,7.88227511955847,-149.075824742547,-83.1956857859623
55.6629774571637,140.978803216363,-70.528149670572,-130.110486468213,10.211006753023,3.93467562342266,430.597466023784,-168.32643178181
278.006009013974,86.3605873180859,-91.283491618371,-137.72917363391,6.96695698573603,1.43605669432145,-142.141757105412,-32.8014348883007
-118.428102386504,98.5714509468671,-6.33764212721144,-50.3829291500842,9.24711163695611,6.1924817012341,-198.490249615017,23.0687663395074
-334.442920695088,16.7008938640647,-35.9893457659637,-74.1168535542383,0.685867832566146,4.37284111665213,625.555179842971,-25.1650482356927
98.9697466580255,52.4018408755655,-44.572643931082,-53.0999591198342,10.8898403298299,2.31704786402679,-137.967049767918,-8.45262686198112
-272.92289222675,129.005215285371,-4.97485384557513,-167.598258624814,3.71478248963831,2.68503654702727,-516.997697507679,32.3985603499168
-0.88115492995712,26.4443939084886,-32.2914651052452,-157.184846737924,10.7722786270315,3.03426315329853,842.900548777863,-36.738029101798
-180.752154659473,101.908798102115,-21.6903900719626,-100.050648895194,-6.31568608093949,6.64475872601747,162.689764821036,22.1527462917802
-130.684189817301,143.170678911265,-25.8004188859195,-149.56107245123,-14.3921840009425,4.77736017110146,153.821548118314,65.8055897171434
-111.461035097476,106.46068967441,-15.2810169576551,-75.4530572710528,7.46141407324612,2.90374066433287,641.905038256147,13.409401765879
-204.513676299764,98.4865463241586,-0.143342729086726,-70.3323338369082,12.1431973979197,0.471653241151216,108.057571419311,61.9912769534858
-128.772102157582,11.6770807259163,-21.7837516622785,-185.813889243349,5.51518818968907,6.12098515464095,1111.96314375778,15.6688577880414
57.4260534273708,36.8289789428818,-49.3957499891258,-106.081579235899,-2.8473658208386,7.11801091322559,95.9919107223541,-88.3322434936717
-55.4310714466519,93.9467861732455,-38.9565743190178,-137.791920259362,-1.96880508790491,9.70782441152551,737.481864782036,-41.0501378255431
50.5338751158706,34.9807995382725,-49.5955837258298,-117.227636158263,4.00357584752783,4.98360360557854,402.094029296029,-53.6857741934946
41.9609764666056,202.181985560077,-58.861034704707,-197.073378273839,-5.9249835614537,0.562647941318573,-58.7330494135676,108.337128173793
41.3965140390501,152.865635667549,-22.5726364274451,-227.969379723101,-1.43109896767419,4.88800032113795,674.77924222096,3.46780034305993
-63.0923537265917,68.4753768140945,-56.0771584615577,-6.17531596607296,-7.86563786218903,5.75412002616213,311.896233610089,8.32549890836526
-216.743619824054,92.9712475854321,-34.9417087133279,-181.411343780172,8.14782052025839,3.77302791590046,-288.989783516896,45.0714512154664
-36.1619669649008,86.7899561409467,-83.4941511462912,-167.944670771292,-10.9625784243617,6.01127661947976,253.421350621036,64.197112153648
-113.425884377419,68.3554585885431,-22.9857923749223,-98.9073646860779,-5.52544284961914,5.59248852560995,70.8068516567146,84.1862476453534
-124.473982681346,-1.33347188532571,-63.1440533804707,-48.0782974452522,9.5164965152544,13.322389025052,1464.47402646142,-180.179133616475
-308.557592781664,93.4557450572611,-13.9567302452633,-224.292074181518,15.7909856048645,2.29861342592631,349.362459703407,24.6085164797551
-268.072917294106,35.1179992056918,-16.4888879563077,-70.6018778193611,-2.08869908258202,3.59477050231362,430.378865423969,5.67003513360396
80.6311781014665,37.8822319321844,-27.5486208937946,-108.192331949129,11.0901405967525,3.10742184104311,177.532461336166,-48.6185227477145
32.9021159149816,81.5301517875196,-60.3223802928551,-104.312503540059,8.46385309846664,7.15877924544475,296.435576054064,-140.882200262597
-186.706102654471,133.927803447077,-26.81933295411,-241.470830850769,10.6728834944079,2.6280340772355,241.027113310804,56.1561745818835
-15.4978945945149,125.123421238743,-81.8469817805017,-153.650003315735,-4.66559170212713,5.0970797198388,460.744972558732,-39.1130638609466
-55.6616518370429,167.398312379606,-33.6553287502793,-156.098851611823,4.53412921566633,-0.27973713199026,531.169261864619,-39.8420120627561
-79.0977751119062,102.506396646357,-103.588415507838,20.4680186078767,-10.6699413354327,11.1738305600738,598.398392607138,-113.269940416983
69.7556308905041,48.4543072544038,-72.7444351766171,-201.377442428213,1.30615894388757,5.7808027604915,653.699024541357,-184.138947245345
-142.933097879778,144.548489619163,-33.6845258789326,-213.470259337417,18.3178859825275,3.19636719929986,1054.41589781971,-23.8739667199989
-349.396072021642,122.941356718114,-32.8961101306049,-133.299944820847,12.6142655391595,5.39784054784104,438.782305987182,-40.9620041939488
124.527908504169,83.1484450113039,-96.3996295053512,-202.236441000481,-1.54985154051974,9.52359038782743,60.4810609690612,-144.962139162264
-633.288725639781,105.962500824982,-23.3601830100961,-166.548389556873,10.5394054408971,3.60642063841078,260.741796383867,-39.8829669010847
-46.4285400908593,103.488661131967,-2.79351459389,-47.4117990889281,22.3921461639402,1.84794466123276,-336.316065997933,-66.3680283627909
34.0298091986424,85.5599125633635,-76.5528117171489,-116.18416507807,-0.783471303831902,4.75402013999701,449.968682929808,-10.0586567612336
-53.5012738036166,77.6343681695507,-45.5087081788115,-85.4568255457416,0.672456096348469,6.81143034715205,1367.57371432754,-106.186805532911
-46.8550528853375,151.507564375599,-51.4279547366314,-234.551180648385,10.9697305894806,6.09169233268767,921.004272507911,-58.5504330270487
42.6174071502028,173.534971024746,-66.8255965319986,-60.0345040527463,-3.21910531852336,4.3614705863065,886.952591308291,-74.7600130923092
48.0061574894498,226.08523576898,-41.5998108934291,-320.435891454996,6.00628239040179,0.511421964045439,319.83356583245,-5.70429421127483
-100.82862236732,110.72622475696,-60.2148906327684,-121.602868585018,-5.38916373593929,6.94669495415292,434.097891176978,-39.1869703569173
172.485697997676,64.6745768097026,-82.8946547854284,-59.3608978904958,-0.451128713597427,4.18791001666978,154.237467411065,-37.2130700435519
107.298075603001,140.710699414019,-81.1570120812321,-204.001431109529,12.3951574116654,6.7126740034364,52.8258165603365,-239.616720733968
-79.9983349320828,98.0977512339014,-44.6399146558797,-176.024969529812,-8.32549598417245,4.80301580561172,1319.20727388433,-2.14157939517099
-361.231929996164,103.54605502417,-4.9758463975013,-92.3513339644487,0.823940086571383,1.45115807337424,-371.655783351365,27.115954303852
-245.15060534961,130.482793897569,-5.6555894357839,-96.631961758841,5.12179681969428,4.44598611645051,769.033098531494,1.54708725832916
-601.562678815353,168.591050680654,-59.3275921515451,-47.4135879040841,15.0993828344144,2.82102515952647,1737.48394111019,-60.600798101179
-56.5530519654567,180.382729263042,-39.4695919670921,-118.370287141097,-14.7659739739611,8.51044702631771,261.415443586491,31.9500258760527
-271.203932202872,39.5901246567082,-14.9988471405959,-91.1995663013367,7.12210975069684,4.22621200131834,475.846609741879,-19.037557802083
-45.6042926204391,89.6268667907134,-13.7743368047668,-119.37844898882,1.18555838054453,3.38996762833995,445.287450375625,-24.2009078985138
-15.3381716632139,55.4976690284584,-40.8925387380241,-84.5443449624308,12.2097169912449,1.551037596073,1109.32040102392,-105.442714260123
-41.3269790413324,91.098204859707,-34.4673707427701,-92.4102721581003,-0.111713992708246,4.56089128975873,639.181293364214,-29.5090513636824
-115.646421369354,84.1396494994697,-34.436664055509,-111.049039235571,-6.2501797263958,4.50713009019091,673.152929034477,47.5583690681015
-20.3049158733775,52.9541551789007,-19.2211233624621,-76.230218487035,-0.475596900625533,1.782244176924,394.514724686393,-28.1976485879422
2.31944818615739,58.3563683793836,-33.3546462967206,-79.5452813002048,-3.33098701698145,3.383660599211,282.409995428839,-43.2499299513292
-121.515424785815,106.043652102235,-32.9128613091743,-275.625829653232,5.11873103462858,7.19821980368579,806.089463161217,-22.5703554036809
-393.479614957716,50.8402050728045,-30.1798810820092,-182.894669690286,13.7420191744168,0.247023051415454,602.989794456313,30.9887336140819
-43.4373886184221,72.9127676852086,-39.9749214804997,-104.438688871945,-4.74463804291736,6.07391114339407,-124.577462120484,80.2510080118773
7.25514686804672,194.612988993642,-62.7765617958703,-180.339796254149,6.2980807761196,6.53495028959878,5.97829558119702,-139.003304428785
-221.897097938374,41.7212635262549,-15.5643169140676,-68.3272786323359,5.21418446999814,6.08246365275045,1580.71763592388,-37.6912811670918
-23.4874900557334,50.6935970557679,-49.7298347287287,-26.0588885734032,-2.33013060492522,5.56624532388741,438.365280288708,-10.2870872190979
42.1908249425614,107.299192224527,-71.4666590350389,-116.704227636787,-20.1339821993606,5.51411270314929,51.6326859074397,39.7223757511965
85.8684342557099,201.666862668324,-70.1220984113515,-183.214770604762,-14.9967410969111,5.09174732070824,706.303123499965,-48.120975916594
-65.3586331671468,193.522773645353,-42.4197348738089,-204.997897253183,-8.75851814632551,6.42658851947635,773.252369224992,-19.5433590335451
-13.7874812627124,151.199805760194,-78.3336692872108,-256.729242579822,-6.54915241137496,4.95478137112514,586.809909033196,-9.52208614282426
41.2065098061867,163.262432997406,-71.5698012004286,-156.274763010211,-11.4125438952633,8.37412968367789,651.291789548428,-58.3914276362048
-116.190502246978,83.3911755170957,-48.5393208171299,-103.185647317398,-2.49506589898374,5.26406935290288,517.489632278608,72.8937818019913
18.7182537108238,170.939716469393,-83.2247856414324,-266.243343170037,-0.78660150270025,1.74828696662371,731.042198335643,-10.2069576017675
-144.269515456477,116.289460256114,-52.5428421586548,-140.636602920378,-8.85019509080485,7.40518998133484,1470.00826528188,-20.311755140905
-49.0634824807639,124.536300455977,-77.288584592184,-60.7428721890028,5.57884186321462,5.70333552674856,506.594548804243,-86.4189354460832
-137.75561435055,106.305283418289,-78.0175369309767,-88.7428999468111,4.76139523710299,5.51487563893352,465.490618904299,-1.6477441432653
-95.1397288795561,82.6632097345428,-55.8404344364244,-90.9046915655636,5.89677709495299,5.47576575152925,-558.166262160928,-4.89449355754914
-126.317060071538,125.928183306038,-20.3474120916799,-33.7706500844797,0.423214782913419,4.13030430021172,356.058808739108,-14.8262353565733
18.7926560248743,79.2478079180773,-49.3975286123314,-85.9850574160955,-8.76500253374616,7.63820559611486,29.5933547437235,-75.3067229706503
-230.897674500768,80.6232025616628,-4.79427297694201,-107.833926427775,2.0723600529891,4.34021305598435,706.994085819147,15.622727125985
27.7842673785344,64.0989022542199,-42.6117300859514,-126.560770199467,8.34439159544854,3.79690035625026,703.870377882631,-99.9925037925859
63.1937235535879,14.9015721659671,-123.534655699215,-13.9641990566161,7.3637578118105,-0.158239974014577,228.910707493182,-76.8745169757822
-395.962756435154,185.292243960852,-49.0071634723281,-57.2763159147289,-2.84940260109943,0.133952781612606,1460.68781526152,116.047732706982
100.40676476818,131.780200318646,-96.941666913277,-241.833685938305,-1.35297499454464,3.63620530139451,359.474390917094,-104.600565442466
188.175266987069,99.6855153085562,-112.572396186792,-127.886673133587,11.6073247745226,6.71208545811533,1179.04991646239,-227.768008898987
-199.049547715422,78.7492452800416,-22.1493624016875,-76.84469263957,8.4616564099415,0.776098559508682,88.2832232519941,-90.6960563240282
-88.4013645904488,42.5803691524343,-23.0129902950721,-189.67263451108,4.67171053298807,3.72673167231551,854.001374637533,-40.7078566578566
61.6171226084552,102.934662298503,-35.217768881208,-116.566046924017,18.7061230750405,2.63929999922402,94.9076164667422,10.9263344680512
-236.267144897487,71.7507231341733,-72.431095380598,-52.4933135920583,24.6337290075971,4.50085600947205,485.609656364861,-235.697956785618
-199.560459854487,74.3005313323447,-27.0240676392204,-161.805011951466,18.2797295353666,1.23486793230404,1137.01753636121,-49.7764550108077
121.340983875556,120.917860507965,-48.2828520393668,-167.767182368523,6.02094771732664,2.56640087196138,1082.62804326622,-119.772446572257
-106.625584699053,47.9582099591353,-69.3507654399582,-82.989953892451,13.6174990120926,1.30334048627992,-73.1082441613034,-80.6151688837654
-496.154060058063,143.690002010379,2.31427286437247,-191.640655563009,18.2283989264106,5.06654406489179,-175.994007039233,33.1670220171554
112.762269849532,59.1912642988027,-61.6066532131954,-26.8791659905837,2.30191743640171,7.3925420624073,394.971517357437,-130.754011430632
-174.835571132426,103.157879934168,-18.9092824558611,-73.4330067890987,5.17213584951969,4.56700742976682,415.207205226012,-15.9702913547194
39.2139858064547,144.919027933429,-64.549431029096,-63.415868498183,2.11449406507018,5.75654395039965,-802.928631075098,-69.9574220089344
-211.789789679446,15.3490079582261,-45.2629616160725,-94.1525063558074,11.4395135156155,1.89543118144502,513.25032889994,-60.5975026235683
-22.3466481449141,38.0385251918633,-56.1843683175321,-30.0590281335462,5.10091459937394,6.33258176850359,392.489620855253,-106.49435862567
95.4126998197607,83.5185322415055,-75.2376239462683,-151.783751823474,-0.395799473059014,6.12780134141212,510.319599501625,-107.466320262974
-237.417353625729,8.3584740728038,-7.59243022325245,-1.48091282857058,4.77232179620478,4.42728431636715,791.894693857568,34.038282383277
-135.304928258423,79.2244001896879,-30.0493363471505,-6.60062446854499,-9.30696194096527,8.66790527317789,529.155036136828,16.0779875374974
-18.1241500334072,79.42069560042,-60.3673217386531,-97.9721937096328,-2.73159602639498,4.73898951797764,934.910614647928,-33.1803166918689
2.70938624579139,132.624353399115,-91.4828221056669,-155.692672549769,-23.2736431901285,3.24651319926852,85.5669647688937,138.53138277735
-66.9350211858525,132.28715817802,-38.7185737028972,-39.7581409315935,-0.5910412693338,3.68530235023354,732.126123558672,5.31533861375647
26.967711994148,273.358030789444,-76.1854634736192,-277.095126138869,-14.884877128643,5.68074262006121,370.386866468168,-11.5994364260296
35.7248221491463,166.942443376274,-78.145887807972,-230.268977546431,-19.0874296414113,6.21486351569183,196.475468233995,-24.8341167634026
1.17510748762288,96.0914093290194,-65.2580303878349,-179.496176724861,-10.5455227795683,5.38994514159276,473.511233943078,-19.665992898168
90.1040876380939,196.056774484692,-98.8225845273555,-268.667380783343,-7.97832376467522,7.01263761367409,413.019826014766,-34.968370787019
-179.870121268912,165.066115252979,-14.611520842489,-36.2901137280496,-3.9000124048107,5.84461788117187,376.77399880538,61.5990342131408
-66.8991828516009,170.016760888702,-103.082763011982,-105.39807214625,-5.15349774956121,8.07367756399617,517.235939502731,-41.3264288390219
1.97428463565302,179.587807754317,-87.7586771909082,-81.9575964217838,-7.29726489519817,5.53168402530719,536.129517855574,-44.1785143271118
-143.700402947987,115.747421321801,-40.8751567668514,-193.56305135088,3.50860489791376,9.69659404993581,817.923489995243,-165.627519574206
-173.353831480572,54.9727411716885,-36.5905067002504,-124.569314049586,2.12962861016422,6.23267675320676,821.152928300129,-35.0163730931472
58.3201084525572,67.8394183579367,-22.1754120119149,-82.1483800166607,11.5659402884794,1.90188459277488,-51.4487539155671,-60.6757758006861
-81.9328765664832,21.5819195384138,-36.1526989171616,-6.13664633408189,-0.781883631250821,2.74105541329482,71.7348341736943,12.1716719172109
-54.1214383134793,99.6042678621525,-50.6419644181024,-105.546592750179,-3.94878568573768,5.2870947913616,49.6552126075694,-38.3023936382961
-42.3255979486057,90.4862821496336,-60.6790926010071,-5.74419033250888,8.10244777525804,6.75179678850691,-251.615065634935,-74.2984710640194
-557.407191704799,159.576427799228,-4.08908460036582,-124.582056360523,-9.09346436695523,5.22542608470394,135.287194009899,237.938530548025
104.624827684136,217.20664981546,-127.107989146618,-206.842213192285,4.53567698620554,2.17194199840742,165.145152505662,-95.6830902941292
-228.715087725315,143.423801148485,-31.2515768683807,-51.3255250500442,5.63692604185781,0.0781180141930236,101.541351285385,4.07329118124471
-169.287440738546,100.435097369162,-20.5292562623217,-85.3824143966485,2.04092024141573,0.0844975572545081,377.975012510869,-2.17999877450347
-126.024632429777,22.3177514689605,-36.0200187364462,-52.3340144794274,-3.72904146381188,2.9121230863966,479.680156559632,71.2608748358034
-29.0313211556786,89.216395438114,-58.9777969674906,-159.730544728277,-0.548257193906466,1.65659639730848,840.953534261207,-25.9166749758297
124.386619199664,75.3708114574256,-63.3136873311159,-53.1091644806438,-5.47184579826717,1.1787186196234,-75.0420602901286,-16.3408046790573
-16.6418859557743,27.6767433046844,-26.149548796835,-77.6238591956353,-2.51386953590554,5.17278687351063,-44.3209069542354,5.06528147923382
-170.711671698577,91.7044074193982,-9.13049723308359,-59.3397747070849,4.58895983285038,2.2801853195997,365.364751670204,59.9988232948235
-161.892756056957,100.286794204978,-7.26097130369257,-75.5110166052618,4.27926994200243,0.570847289680387,348.015385509361,-6.31753572620801
10.2504612648336,28.6149357961476,-44.5407240878267,-90.3605631744176,1.46467366765137,3.33521027868119,247.079435716034,-43.2273688247587
-14.4385300074646,-2.95391860372911,-28.827530425413,-41.6631020420768,-0.164995740618906,3.03405356968869,-344.018806263328,130.800478051424
-116.158853431818,80.8486791319337,-18.6263615204516,-187.336571880121,-4.97599823617202,9.20099061177461,883.318696070637,-93.8621137562295
20.9070425421523,125.47032608504,-85.0045317041804,-83.1520918088572,7.05972070815187,0.657152113912161,967.03384853364,-90.6140703154233
-253.919558684516,71.8883896411062,-25.3967661213828,-190.364321228953,-2.36429507319554,3.65180270475503,592.744135263914,84.395653802203
-49.0646271867809,107.02309339249,-75.2627472777094,-137.736633883687,5.49697317529353,6.52919496569666,1142.66545147278,-115.9930100161
-59.4580819024122,100.975125283963,-57.59649313915,-56.3332744661529,-13.6704812754302,8.28933100259383,392.211860209808,56.0216075938661
-79.0410104686598,148.586637814937,-39.0041283300088,-159.970390776773,-1.24227520446584,0.587819613865577,-114.537748688706,15.3352460766619
-284.591478658942,105.068124506684,-73.7741547002734,-54.5631039473228,7.1242895312962,-1.02510309414356,434.113567520151,-34.5737904788584
22.9209146051762,248.179078314701,-65.7037075905082,-329.296681501452,-1.27823212185467,4.36671904024115,280.683988625242,-110.29617919576
89.8542156445765,158.87385208116,-87.9688879206515,-171.729253730884,7.9889979534255,2.03246010668227,-169.643508295032,-137.131847604789
-27.4495953476435,82.7733683428305,-50.5686429503558,-116.167327669806,-4.26950805992965,3.88089957902412,167.988587179338,47.5281937371547
-6.05839444629237,128.687912264118,-87.2022567660752,-167.276299942299,6.10430019212072,0.944746644250699,-79.7115850845439,-37.8600172146835
-433.220193198329,81.3159431236636,21.5350860582839,6.65189056369127,6.2331477357111,4.69818153494271,543.517817008418,98.4064802747744
-22.6243040143454,105.065765459411,-40.576070657165,-172.388905105094,-8.71934916169266,5.55705921373738,138.227188525998,42.4146150960514
76.4667199289979,185.964119508877,-63.9881750724016,-332.032927958739,1.17073720900225,-1.69845104204433,-527.231428411338,27.9977597090765
-63.9984709888813,73.1802115090395,-26.2374621926429,-94.1078495382535,-2.82287041543168,4.03149079711875,468.718629567884,8.24500382089172
-111.651888478886,133.400747949054,-8.5838303090827,-224.0487676599,5.75471459628898,4.6744773396349,958.136394629524,-60.7792578693334
-45.0074268606386,49.7295453296683,-45.8806191580588,-88.3870888148085,3.41052514361945,5.82736742066845,581.291947576894,-50.6346882796352
-161.941658022162,55.3646441606038,-25.5334213104361,28.0714261227549,-4.55486425506206,8.29661912957818,408.221727217984,16.8504642562038
0.643765738379443,208.739597216056,-37.3742390699044,-180.302221579263,-7.34073654646636,5.00758664630121,401.527822725635,-22.0328220220545
-117.349398738435,70.7294517078117,-38.025224652054,-96.2040866020543,1.60599459877994,4.5001190288167,714.837126347838,1.50380215007317
82.528221409324,54.7839455116336,-72.3936953049561,-47.0303633114818,4.6793090782885,5.39504156629846,410.769882576,-135.29733644145
14.3911361365754,99.3108231509832,-58.9336814720155,-154.303296523663,-18.3819296928414,8.78927455572557,36.8748311772943,40.3463788506197
-110.202238290174,124.649276444703,-41.222910476441,-82.7539757531558,-11.9308534437223,3.82533544005128,188.909685776729,55.782149748411
-185.836312647956,135.388427388141,-43.5117145674303,-152.293829522003,-7.75143915614171,5.67278209843062,541.019303268928,20.197977343134
-19.8362278992281,115.123586315036,-74.77401833576,-168.893690934376,-9.74364764479469,8.03732533729635,207.068096616684,-31.5093080098741
61.6553009728304,182.162887253478,-38.68948379832,-290.031041414768,20.6076830177917,4.72244164835502,-584.746191466424,-136.339872661813
-174.007989818259,28.7364038263404,-66.9010747426128,17.1577127080236,4.25171395495636,5.36113241740895,-315.82133695035,17.8501372723513
127.879693731971,98.4800105604518,-24.1898201849835,-59.1212462164694,27.5722155389958,4.53361217773636,722.947461076932,-118.490530689698
-192.392423589677,68.4570303967957,-24.0204211144301,-38.7307061220854,18.1065335697749,3.07571574665781,484.311062611509,-19.5865066279948
-131.071604944023,89.4332341307309,-33.5194602465126,-150.418465424795,7.5895200179657,0.508311193967529,118.618576922549,-42.6943779596768
45.7181186362432,43.7151560760685,-17.9250626306493,-133.938590244565,9.03285333540407,2.56934352897224,329.050928358658,-58.9329157928286
-50.2898792719207,16.7461499063502,-44.7928471078558,-15.8704824736342,9.73037246205058,1.81834817397612,579.508036575906,-31.3179483981803
30.1689323415321,79.8319292960805,-38.2746976259077,-108.567616685323,3.13249039264338,4.50071666750591,204.393977544765,-131.463254877221
-125.22837314973,108.746760236812,-27.810381778283,-141.492100207543,5.65971583157079,0.851603241782868,711.081265819637,-43.2685723604809
23.6490179294487,81.2963783767918,-46.0679798488054,-202.897226528246,6.41323181461485,2.87317599123344,490.635873905208,-72.4741850565078
-33.0339026504807,136.919000397596,-54.5499486711924,-146.304901024094,4.86517257004743,3.28809741607984,-60.3118549303617,-76.1293894295159
-62.4464973974827,60.101763394021,-45.2949849221186,-89.323709027798,-3.18608946667518,6.8847469361499,689.722872114447,-83.3130409880105
-104.069282455248,64.8822530898469,-31.787611397056,-112.970397016587,-4.09504501512856,4.59014539614145,605.919858616267,42.1858971929178
-130.379631284479,16.1907976884395,-27.9916597047704,-34.7702022828598,-1.70493613776307,3.89028564244654,851.889422685301,36.7038351615429
-80.8392526930693,80.3025893822487,-46.5991203005688,-150.27268489784,-0.780549413007975,4.85183589681765,441.340147999897,-49.9319378592227
-134.181803452164,125.144703178425,-40.7072089195135,-97.0669269866121,10.5226525231556,1.96213151473785,-471.573816984252,-26.323690656558
-31.8472715284151,45.345331255332,-57.4195373714902,2.8056502663203,6.21993982382992,4.0017478098016,531.16245316248,-50.7364885473216
-174.32799060471,132.732928048916,-35.1625942193496,-72.4064413078304,6.57036685179628,1.04971987480531,-60.7146263078794,-5.95979426959821
-250.423462083352,39.0718966328423,-19.2181646046956,-94.4022044584417,-3.01436492617358,4.90750940535509,770.972199564159,1.01405432909814
-184.762688435891,67.5970245735843,-33.1809974391945,-72.2896347089554,-1.35431623597833,5.47764716681559,47.4544837404537,-12.8079863444509
-176.430481939678,64.6217025715741,-2.87836193863768,-111.914204230576,3.09788249208214,4.96316855729674,870.828333423957,35.4845944659901
-14.1416016837975,102.238678633905,-47.3290442568468,-25.9676816996653,1.46597458390238,0.829316249932162,501.659111617133,42.7227699555224
-232.14988570795,118.07301930862,-24.7691289767135,-78.0162301692762,9.06369310773152,2.77494421908341,594.800092314908,45.7704396040644
-79.4505834072188,154.979126012277,-43.8905527021925,-150.202720497371,-6.9063032479462,3.99371172633255,291.74359069718,12.0672850589326
29.7232518830588,101.174129020786,-70.4232886827376,-185.749125202186,-5.95887895152555,4.78381023564725,76.4786641582323,-37.4851412808202
-99.4938842466072,132.88799446178,-36.9168616334355,-82.8494068865734,8.79467162648507,-0.361792680603685,670.053474694767,13.5966274775419
13.9429076989982,39.6843344869631,-50.3558760786764,-78.0400804200617,7.47365544710192,2.87258141257917,643.201650342788,-28.6438009892299
-182.642568144238,79.7682783877826,-55.494884961292,-66.5292661647836,-4.75643010187196,6.69331289813272,1042.35178253722,-20.9278086977138
27.8910349896178,161.073505893321,-52.2980467885936,-227.018821440681,7.80871063836094,1.97102274962526,567.532155165274,-72.7788328269671
-10.8925811751906,124.807485647951,-47.5267364850297,-89.3607811188558,1.49602108230465,3.30233000444423,179.277399080129,-39.7177096680425
53.5445660458063,41.2904916890111,-27.5032492537721,-37.861326865459,-0.115496027894551,0.597609721888148,209.367001525519,-17.2979242998699
-148.955311476428,56.7136168724974,-21.3212782813898,-42.3117862397012,4.19335518832668,5.55911329091759,476.362697867313,-22.0075240726437
-118.459970060823,116.850095918417,-20.4194171267736,-103.86390378933,4.78555906208931,1.26228449775954,214.179210587128,-21.1835572117998
-89.9453023303067,8.0469771779135,-25.6789433654631,7.67188614723273,9.45114629399541,4.91887190705165,563.074191146632,-91.2368541837714
-61.8319463049411,96.8680866996365,-36.6526501642293,-136.216683291025,6.86728334343934,2.83833781948488,98.6432427014224,-32.4119807783427
107.94540885487,115.968905864916,-73.3136350301356,-82.3310347532824,2.60616312018828,1.66781377534426,228.284814127226,-77.3457423824584
-13.8740428860929,140.652645423398,-72.3629996871605,-165.546918861452,2.42077013463131,4.51719122042277,-75.7342790745606,-70.9407889575086
-277.44556715105,72.6391323264979,-9.99276271884446,-12.6215851863963,11.2530198766835,5.11629768190323,886.028408431244,-30.7403352234251
113.95961528975,128.415180206357,-65.7169378848448,-137.779071630864,7.00952970331127,5.45811647697701,342.848984935306,-158.212858363957
193.71693082964,110.961705486359,-89.1322438110947,-171.942014749773,-8.72794500656892,3.98175251448265,-196.426567853512,8.18218138578959
-412.050115588761,167.314028459456,-40.7378228784728,-204.525178780424,19.7412386759243,7.32185686778394,662.175872878928,-109.820830743394
-182.021317630933,15.7896922492691,-23.8546539468225,-30.2054277914867,14.1908559389267,1.9680742104897,-248.660611026367,-31.3343099832273
-225.641232811075,128.158337912071,-4.30202937288868,-154.792354071455,1.0864315192448,8.42579134980042,1404.27454752218,-111.588135616214
35.6225160447748,35.3226338715758,-60.0564225578928,-131.883451031441,-1.9040250223552,7.19804121924972,541.716530208185,0.379841150630455
45.668254190241,120.545246415876,-32.1845309164564,-196.237966679607,15.7431574177899,1.7492486786723,779.753345210156,-20.8492157793953
-236.346186734285,125.292527737973,-43.8408824036596,-147.122620429436,10.9416166261599,6.88057108200155,315.630808800463,-14.227026703622
128.572793321753,76.1719580957688,-21.8828455631301,-99.2163009439246,9.01754759866162,3.99602710217005,601.777935645659,-45.7685825223816
-11.8236375905835,151.523669335322,-65.1710448825324,-168.752132039728,-11.1523818092537,2.85234592452434,641.786125440078,17.4147575724201
-197.770894746802,147.587745591401,-45.6514291343046,-187.485828653233,6.4098223845067,0.0994500960514415,-424.133194447815,-74.8336866227328
-3.39735795964953,51.8068971584144,-29.7883474297414,-114.067022008625,12.0279198270873,-0.946129606440081,326.66319656971,-67.3721512382217
-273.011296800323,189.645892589147,-60.8502199967625,-142.838422336557,-4.38805272414584,3.92038330173818,396.456401240634,107.700255933116
-100.858976782009,74.4114598853739,-32.4523474168527,-122.957701671039,18.1940802522586,5.0983334974153,254.075736179235,1.64869504484523
-297.489999272409,147.046192992406,-11.7965488783011,-172.068149798741,5.79246622094558,3.40947433777183,1221.89510264956,-49.2816847270587
-43.6872892106767,79.4352698771399,-40.4595225933954,-31.5507282184961,13.9826135680778,1.25853058909161,116.139164312095,-130.092539488749
14.4178951667309,219.460338325734,-59.1822841073372,-182.989610291464,1.19050088211952,2.78858529221907,260.374074851727,-94.2980403506517
22.9972045095928,53.5777012321741,-24.4134704171884,-97.4968832096274,-1.7805583490408,1.33719656981702,898.767047133988,76.9784755084256
46.6648536240391,111.430482259013,-97.0834855333524,-180.729268403506,13.1050257902971,2.19297919272503,449.872076187887,-56.7823868701744
-104.125703355108,140.629722334321,-38.1234907121107,-64.2595596843512,8.04108778183036,6.38159760404233,1077.40039030585,-67.3792418821686
-72.5761223873305,109.916114816238,-80.0530394190137,-107.822871129822,-3.80814162344905,7.01838480276638,913.86226679563,29.1374159106208
28.1587579837069,117.362348971879,-65.8080637903004,-126.453686777735,1.91028870531954,3.35309795793728,639.053335986486,-117.411284963089
-222.837120802949,256.652248908598,-26.7001208308793,-195.746475693755,-11.2407535823295,7.97151522015338,520.760573511011,89.1598719210233
10.2335862952459,106.553375578282,-72.7703612578043,-183.511481579138,-8.84680102842685,8.15610540327543,42.4917359900137,-29.1888521146793
-134.207763190672,16.9024849160342,-15.3489363533299,-51.8262360487715,7.09753319137963,3.84272364405479,-117.899985207099,-19.3594922925295
100.375337238158,211.765833578625,-49.5588243593229,-250.848581736107,0.642028902002494,8.1359708228847,508.787936576089,-218.253825016363
-15.6657959789809,112.024700119946,-43.6234634958673,-102.817855256042,-4.07595908041549,5.36440861699157,588.043521601385,-44.8155311761075
14.6241979236947,74.6356633136602,-67.6864541826362,-155.920972531123,10.6774187798728,4.62611885898514,842.707824769561,-127.472450684087
-30.0457706167799,37.6813513662782,-34.5837021038024,-90.9975585071261,5.35950626939302,2.43562211288372,710.082175728894,4.12948106743715
-161.168381768148,78.2083318943178,-15.0849612790844,-81.2789001638594,11.7766867126556,2.33889698071289,97.2921854590204,69.7944085575073
8.15749511311878,96.4630909379775,-56.1177956772772,-41.5514577784925,1.34725890803384,5.25983381929109,698.400758534219,-12.4845009618366
-4.98725603811909,102.792774875386,-37.3023119220743,-92.0698125383497,-3.69797666379964,5.01621302476997,67.37916196693,-22.3187248649192
-126.559380279119,41.473033944465,-38.1139173335832,-53.1911991170637,6.26334334761486,2.05217343589902,394.213113502683,-12.6362239627815
8.71950225556066,69.3117554462297,-32.7255317661038,-143.441109130028,4.93854341889892,1.20687769778306,-242.403256019208,-61.8107523985746
119.50670957609,97.9744891548762,-57.3945886860893,-79.3269138931209,-1.2796462284532,1.36624338322144,239.358637409248,-38.410820551253
-73.9338471354131,122.15903929812,-52.265541466877,-89.8158486545726,2.58363713482686,6.99892973387341,776.576230417049,-88.554856044022
-173.363596497285,26.6789524702799,-9.03162216037163,-125.150224424418,10.0346866688924,10.8218492385204,1336.55098638416,-19.1916240395367
-9.52479701660923,42.3155419848044,-52.8693266237606,-109.028174062027,6.87062574903393,-0.967262262001896,295.743227922416,-18.1775598064341
-124.835016035751,76.0410481942672,-41.713988786134,-88.0959312472551,-2.08238920833173,6.31044013223436,1043.59721530453,-27.7451911530661
-114.525037385494,131.089065073131,-28.5396593557962,-141.720053651683,18.4340637964924,1.31730607266218,754.374954287414,-83.7001375076579
-81.8174959644311,201.643034992754,-53.4219042459154,-199.193309182318,-18.8111339813622,7.03948059372487,230.980667679585,138.195671069494
-245.957254437977,146.925439768675,-27.2262579240305,-156.582034222738,-3.02536157536815,5.12752744762111,-37.7738715205342,25.1367615767231
15.1971323721809,187.530890105307,-58.0868312967868,-176.740733662562,4.3825658351052,2.0132979650225,73.4148857211258,-66.6559953916512
76.0868110246374,79.6498351813207,-102.370796796895,-90.2646737718969,2.46223718964029,4.90994138360111,522.988107402038,-145.705651780314
-445.712415280315,181.680140766563,-20.5044430872367,-310.786403503429,0.0463612688326975,0.995778333688577,-335.850214989623,145.223653707091
-74.8123447650287,115.687484027032,-47.1757300063127,-98.8298594069493,-10.243172312883,7.44425169416354,-685.364264017655,96.2663070544222
-260.106826140705,145.512651798612,-29.7004660659804,-67.1866541513737,4.20850946268183,5.16841242674855,554.053516302465,115.689816491671
-329.555734250695,124.346010926791,-21.1697441069718,-104.562379678508,10.9675845165038,0.484365514406818,-294.410443091008,-22.3216105842803
-145.521326690287,74.8381316793966,-59.6280940906145,-124.951645123394,-0.417881736342679,2.87609522272032,-68.4225741831324,-69.8031183186977
-142.276614950487,96.801694150774,-28.587552995552,-103.281662739879,9.64671988140799,2.77550981758395,603.621116069735,-52.6037888686678
-24.9363850132504,64.1393698260363,-29.7084092617006,-71.5770713660168,-8.92845407829736,4.87514165471657,113.99133421955,31.5233909525195
-167.181377994712,17.6702594451344,-5.55987652381737,-44.9275125781714,6.67711359483656,4.20094421373506,730.376664027935,-6.8731875634985
-71.5045035873845,104.168129913465,-18.534673105838,-115.804930277804,-2.59754750551656,3.86117376209586,903.226008137448,19.9227293548902
-17.2634149984951,163.71211787338,-48.2672345612082,-131.638910354454,6.14308716379674,3.51510066055926,393.224960097352,-64.1517746999161
-27.1805820418813,176.720061504657,-11.5923164672568,-103.450784034998,-4.93665135408992,8.70556291519461,415.868154939351,25.6858672120725
9.48918365922873,54.2380242616346,-69.2954608741165,-220.679583649136,14.9736127959477,5.53376407830547,-597.519577881234,-26.9049473089108
51.7922226419032,101.261663302808,-84.6092378293943,-43.4460940741556,10.4671750234265,2.45282670004235,-61.1908909280464,-93.9899382544281
-177.136342471233,127.240909880449,-61.5161789320846,-64.286490443963,-4.60031946984964,4.85047975632187,771.110227787627,-161.894338024173
-563.912833606808,109.429333091393,20.2450575852472,-74.7205086574759,24.9066929037144,-1.88434718438657,-302.962441996468,157.478730785238
-373.805796311441,83.0265846421244,5.21605318279762,-127.946520193946,29.3354402513651,1.29257216778933,1260.25645125858,-17.757899111486
-200.495279097879,124.259909917673,-6.03736708046199,-14.2619161245821,23.0314216253319,4.9698793929274,1470.55010142323,-230.697765673853
-94.4265217523789,80.700049331077,-53.4280131062551,-91.5968362484609,15.4860614619101,1.60127104216372,917.608040965788,-131.742947058628
-1.38085004780078,118.35110666784,-43.712809532306,-189.787172852957,2.15561263910786,4.91135723466869,803.656961469736,14.3347075149686
-166.703218803628,38.77589364915,-27.8870933914295,-200.988747513416,-0.0107652771366702,8.49282425269485,348.784987884108,17.8186032601452
-188.056506155728,138.395349281633,-28.7763453611406,-94.677172742362,12.7423458232952,8.84436931648816,1006.84139945629,-61.6073870883847
-17.203218243325,130.112909546042,-51.6765836104896,-134.828059371357,-8.98684670563671,2.81932574038365,154.74246617248,-50.2611183373665
12.9871097915675,120.047788354415,-85.1620652965357,-205.772347653168,-2.23598420058215,8.31554517016048,382.573014813301,-118.869171701415
-85.1779688047609,115.55617100744,-71.9152839791132,-106.576561631568,4.66385647482457,6.31806660182519,1076.91928511021,-51.9646641181389
-62.2203984756488,161.508992813113,-61.0027212091445,-65.7162538373377,-14.3031222308091,6.71976928327058,346.129933464123,107.773894491329
100.255503973593,103.836069207216,-67.4504638375947,-93.0715402978392,-8.15152231274988,3.11851910094265,304.56525630696,-38.4291852495953
-30.1155179937523,233.686715681464,-86.4283060475027,-169.445697432195,-3.54196038247755,4.00656823829922,171.349062258872,64.863697800447
83.7810402358446,61.6885414303698,-87.4975882974686,-84.5144369626214,-0.338073527673259,5.66048444918124,555.741854372658,-60.2973141858529
-116.678265843861,79.4989552284533,-48.5171923710375,-50.3406516371761,0.979281526262639,6.80631978025121,286.976933185492,22.0730455185258
-72.6387250124681,146.055493900261,-39.6740251703304,-107.625409501183,-2.39976389649382,4.06979137167218,702.529941031378,0.298061535133456
-130.555486083787,94.5002339929561,-45.6167798030201,-133.874589609739,2.45078954633209,6.5993015213171,561.989687909601,-68.9248364415544
116.991180611069,96.3026107104233,-85.8948973171136,-156.678059940343,-3.17592271846888,3.41216998870368,529.989629491852,-82.2803057805977
-173.997761016333,69.886420181334,-30.863396357141,-145.669231112042,1.88496701845725,2.53675558991381,275.522754480862,34.8017292697332
27.282601988496,75.7689248900278,-45.5834429835522,-132.918953307642,-5.70832734754367,7.16043591679045,-2.67779487474763,-50.8548318456524
-67.4860254522646,29.5653506808594,-61.1886961715645,-128.342431628407,4.12735923656146,6.14616178153665,1090.06822794492,-85.8585004935303
-31.7795417525704,81.0903174509585,-66.1118512622925,-124.456239169245,-3.21060841873987,9.74886022845749,244.922262018634,16.3004288983611
-83.6661523666407,161.713227738335,-54.643694686496,-255.646592377831,2.75633185265178,1.81246128245402,15.820056131337,23.3819406772382
-4.03489417895616,31.27165068865,-57.8845613704798,-90.3747578648108,-1.44935708551202,6.27677066193428,656.006920713146,-115.20386015797
-267.494810279342,65.7562110198633,0.651960974297253,-106.171334670304,11.8465280624368,1.45335555405472,691.579269277136,8.6249471235642
141.96937912608,7.30010715181561,-46.7840803071304,-97.3156664204407,1.17863114888314,3.12799971768072,-76.6536016594282,-17.4261601063117
-315.571305214922,94.9068491504768,-29.6662474222976,-56.287455207872,4.97575891431188,3.38539811235387,363.889435887322,-10.8017180310781
-124.887900260423,69.0283189092006,-41.5548276245681,-81.3484541619837,7.26627558563996,2.42206920514764,235.309190638771,-73.068940201134
-4.81743347088923,150.718791693049,-46.2740701422517,-160.274838850615,-3.75237927719718,4.42034312331089,139.759910277948,12.9739412571798
-195.477491041762,78.7974763620732,-41.741231687658,-97.1851928203396,10.6626658148016,5.73754717974225,632.147422358597,-122.838263665828
-45.8824278098873,133.304646371069,-43.6775880046725,-81.1775356392827,18.582522434619,3.18247637477361,106.737521079179,-101.895172387445
-13.719289250268,104.675987648327,-51.2392877669481,-164.257121038827,-10.3271833329054,7.03039525184431,-194.284839860251,7.29275105844135
41.8943806963143,72.5214000851556,-44.1361469830736,-34.7475598132842,-5.54750881828932,9.23656595086868,506.805112280534,-37.2996570619871
-41.4148173598514,129.733337421523,-55.459675954713,-43.4395650971564,-2.71340213130179,1.27680975015392,299.70670606468,1.81553218959016
-84.2943408157444,110.064465288047,-68.037406682417,-46.6115149848702,1.35206668356113,3.65869825292611,584.243787593595,7.60505040956195
-96.3997434727135,105.090443338135,-46.4206080725999,-101.489357551443,-1.80199416985852,7.68899515934754,825.903492987403,-52.2551076077398
11.5733123396676,123.234304414033,-52.541216307809,-118.32455876841,-6.61519867247443,2.99259177564818,324.255155808514,-8.37577727837197
-97.4160440839914,80.596354508787,-39.7753026464488,-66.384993297921,3.33486116903077,3.46540715734591,616.229457085354,-39.1229650283058
-84.9290348751965,127.229317819176,-41.6410308879495,-223.072038026483,-0.847606962743157,5.78007657345597,282.529068709715,-41.6997025892488
-31.5341205248842,76.9597637466104,-29.2451395998651,-54.2638292576303,3.66303337972931,3.76405167792109,394.745195379481,-46.7117025642438
-169.752730966691,66.4390460877039,-11.8698198809434,-107.429681258924,-1.24047927730862,4.32633732886461,88.2720382107946,16.9653089930944
28.7197999293203,5.83821286563762,-51.3104534906161,-68.3652580242633,8.10913577201427,2.0162226201428,182.32282262919,-35.2642149782421
-298.200756104176,78.4974124929577,8.80003850499634,-115.429998850508,0.520338159840321,4.54824349550472,736.731682374375,62.207668959396
57.1623628022935,84.6206981033174,-55.7906424667599,-114.869119948718,-8.90156130792457,3.66012009885162,496.022456799335,-5.43370773987408
-73.074083207699,118.772624725556,-42.3639709613053,-59.704765702947,6.59734105230018,3.710079739918,-37.8755488088354,-41.6116646820883
-107.616548008373,109.458807696297,-33.2371604435029,-116.034062783976,-3.22960738324036,4.69431816320503,497.869651786546,28.7972458329896
-40.2163619777712,165.604938551529,-66.7054857825715,-161.353185512562,-1.11020888527855,5.70988761501212,1010.18714921093,-96.2671402661326
-32.2496243547757,46.1543830950104,-29.7161625834706,-34.1731151972781,10.4880176178704,3.45207502842823,153.046656262122,-81.5957007510151
30.0669485071994,135.007379358067,-58.8372369359085,-179.000740168587,11.7338183530228,-0.57875246043659,590.727504328854,-167.351272428074
189.741937381783,98.4981297318882,-22.8342372042462,-77.4675313644693,-14.7716795653541,6.02338688605232,361.705630026803,63.4572400860452
-292.172944680067,43.2073626122292,-35.255589381567,-101.458956947376,2.28518372529652,6.20835060700847,332.537436646322,-3.39073671000369
-268.826506385805,67.0912664070056,-24.6126825511983,-42.9832944637419,4.17275283369236,0.940495799313794,637.587265767565,57.4577829417831
-489.451667081783,76.1107286845436,-69.8668126039629,-29.1418318028736,-9.30992718058405,6.07045761973495,224.450373075961,-14.8237582532092
-499.430447539104,167.23723877142,-32.1155279516242,-154.752292676654,13.0374038442678,-0.923825247475179,266.647613214984,-46.5102592257026
-418.177062161616,113.52331188618,15.9229468903213,-124.889696612765,8.80095244874246,5.21933632333821,902.341127757958,42.7301830416836
-95.3022433435835,39.5192651362559,-32.2418912704452,-155.420253488883,22.9878557750199,2.46374346133962,1169.15036376406,-156.545523441178
-42.3996528530406,102.781785074156,-32.4358718461735,-65.8025084659166,20.8958907714987,5.28477567798109,1153.51295569204,-112.584944266069
-16.7695781929651,119.811667466332,-35.923995647041,-89.4713671920567,12.0299950345116,1.44247975485268,188.699556008854,-20.3283875765919
-11.943067821172,46.5369026782864,-44.3006361170737,-91.7447226601507,5.52097120883991,7.07190052908845,572.360231268671,-62.3435354056419
87.6853783392871,52.9721883412276,-86.6026147061784,-8.27482423564652,-5.76955264562275,3.92363891916466,-48.9610521141149,-26.8284686799198
113.401594571704,145.721046858869,-99.4344383136486,33.8164353790489,-13.6656939945533,9.67347062467888,-501.878647585087,-21.7899853429553
147.424563799214,200.681927965226,-127.020722548783,-132.933959769602,-4.4727869344124,1.59752898279112,393.083372623685,-140.164025542734
-169.910523735714,125.010435243574,-47.0727969339932,-147.364435049822,5.67583842133899,4.69219474471731,922.735013412654,-19.8103486960172
-127.786332010004,96.7896696528169,-42.3352698181134,-106.735134384355,7.53900094438359,7.26649294391973,337.990095395759,-105.031025876437
-102.59101272517,99.6173319017544,-44.510248981629,-137.771112222792,15.7366442883722,1.2160491634495,-152.303885031928,3.53722164763167
-77.3637758611148,98.030006490907,-40.8145258504228,-114.021889791216,11.2876536769909,3.81987665620909,455.090292284527,-82.5331669394836
-104.837607257447,74.7166974007014,-47.9006119943078,-145.279401964784,6.70856541853573,2.41848419359303,-265.904545284808,-41.5673842438664
140.42517772354,121.5772571753,-52.4667857019231,-106.431010593573,7.4759180037945,5.26175414811587,-589.993813119276,-45.1484589106622
-207.713460479106,212.691410769257,-31.5317614169471,-230.777499196673,-4.85480742138316,5.95344707529875,328.962213519884,44.3759019996796
-181.157764793737,177.783042687748,-66.7547142271578,-120.133201853701,6.68025173492424,6.02337490174796,679.095516205576,-52.8534520433459
-50.2640525155584,101.579672883065,-73.8209414458761,-151.933827999848,-1.46075687957637,-0.42556083080126,12.786294520236,111.61642116835
-41.6049753931293,89.6155272381438,-34.3949237381021,-161.84598416675,10.7000198769092,5.62263146955229,393.053003093308,-50.8054975148916
-0.266101299872389,112.196579340463,-38.2838042800722,-89.1991062176094,1.600819696484,3.69723099662224,445.402621618432,-90.5243668240582
-325.359796502918,113.900351196105,-4.95387894939631,-78.9870862305688,3.86251503477797,7.64972920138462,810.996685823397,16.1666895888193
-131.876763989654,98.5778788774624,-46.8882773275545,-73.3413491446645,0.752036046324065,3.5775204685342,798.143706153691,74.1059470054752
21.3712388079966,181.739409739894,-48.7977523450754,-167.696110781879,-6.64853694143494,3.62687334879593,610.372026566576,-49.0439282991283
-84.5428700183656,90.4742609340465,-60.4247239584656,-98.1941785797535,12.72145008597,2.55626191815099,1166.66156826135,-131.244547572594
72.7613531740062,127.197991912573,-63.103032125302,-133.734405180877,0.398289983873838,4.91812118810049,544.14576136184,-112.308536783414
-71.1985925511108,148.680364258769,-86.876894402405,-261.745245986025,-7.83703998423152,3.99792623848771,1151.1675792599,-111.273138964752
-9.91511337488191,87.792536731431,-36.1978845952035,-87.2604722136894,4.56146796253597,1.84268511459231,176.548462771352,-73.6442111732031
-27.374836987342,44.1076527283658,-31.8568141573196,-37.6372011146668,-2.3737559007277,4.46233677459531,358.269503289623,-44.5656485249201
-101.405172077437,70.4510580706119,-15.6906681393884,-52.1532910807582,4.17071809212393,0.958056938630762,145.062393701734,-9.53831431439903
-33.4364982464758,59.6532211875601,-27.1555659968726,-66.4346022981917,5.18622611568571,1.76420283263724,-19.2341783387383,-10.0424494669533
-113.744034750387,114.79612326264,-21.6915306701849,-81.1783758412639,0.973542074010766,2.24937502771354,309.478116829279,28.8293458531552
-93.1580112341762,114.542748387226,-16.0389205899955,-43.3706303049585,6.27797477052081,4.04308407887584,1145.34644689574,-11.8947290898213
-60.5550102664856,134.617342651254,-43.5384145139087,-201.859009615946,12.9256671857902,3.24510927155279,834.562351201486,-142.253578514923
-105.619944857521,102.019356985023,-45.2313350322074,-186.758447522006,11.9158919518813,6.63120220883866,611.532990125343,-80.6340189162001
-82.9642733295332,133.945907755435,-34.7782833300225,-164.957080526379,-7.01033299964547,3.80092361586867,51.5788399556513,53.915151501089
-247.342981992886,128.298704643581,-48.7104448727841,-69.469309247841,9.62032398725569,6.0243268518243,11.1278786669718,27.5579354433576
-207.895275244242,93.6893417112879,-14.3526885509491,-117.075951698367,-3.10640020808569,5.01705963297718,304.213026276921,100.601594340915
23.4051234789658,89.655475928128,-87.1064713964734,-113.790663009349,1.07955693043186,6.02997372485697,262.841636033132,-94.2407749812992
72.4043838821599,173.191016308981,-63.8707347039599,-150.735614111309,-2.36497482064078,4.59065083053429,128.979835738124,-91.1008762732035
150.918711988437,78.2267775458458,-32.1338296686372,-93.7943653875845,-8.4152642338413,2.90372167668829,-539.67588840548,57.5251195028104
36.7562626512663,187.014126670587,-48.3020492755923,-148.554563986283,-3.67963540177152,6.60445403374615,697.970825169061,74.3057233727013
38.579113245105,157.220000963229,-73.6470863706782,-210.025616602739,-4.7594148026692,6.23649550476694,461.138199731671,-66.5527451393282
42.2693586162604,90.4251656748529,-53.4515862440385,-77.103029507547,0.226949258591048,-0.470038797851885,440.805996637384,-25.0068066258027
50.5868884279189,102.937703126707,-34.7082116440433,-75.2664188514464,2.8817737858335,3.61548488993867,457.270671038648,-10.0788715395029
44.5581617977077,73.5216098272067,-32.4940485123952,-85.0587827730633,1.68177056979039,2.8892396829051,468.233484417549,-12.0023263250223
-90.5947373728923,80.2135920280271,-17.0989010902704,-117.102602869374,1.09547042294435,5.76698248060711,21.8506306635572,48.1887054831459
-294.74660379267,53.3177384233804,-2.84760326472679,0.794206932216184,21.9254939962993,3.7962301555126,1221.76584562263,-43.8401081545162
36.5757880469901,150.388993871864,-50.5578844820411,-213.556626777859,2.68342070685321,4.27770525180676,646.523966591013,-103.725020206526
224.195773923188,96.1887917155109,-58.4231678332435,-94.5673964490416,-6.5476291993109,3.24993966730108,-317.518047610771,37.2523242381831
-87.1680032521908,130.536351054325,-32.2175036713452,-127.080443374536,-1.86560085205838,3.76198758276405,-256.518471773539,-6.18130035980721
75.0443458564841,146.560508315353,-94.4639111865727,-244.847726512169,-19.6452885789331,2.11132152899518,-205.396889150012,64.0792681202001
78.0211845048671,189.100150154816,-53.7475308533903,-180.771065588386,-5.22205552473315,1.65235862333793,104.65311114864,44.5340997060339
158.521521291666,24.0817722054489,-97.744129534578,-14.4732468717775,9.4287706767384,3.73902990913484,749.667718123911,-112.747062743601
-25.4955274488348,121.969658985858,-75.2430571134755,-95.1817621222435,23.8618611594284,-0.176404660327535,-93.8168667071423,-153.615666422367
-70.0523661087764,9.33393514520139,-54.9069106335228,-158.401405542507,10.4950753500161,7.21836347242061,565.62420379481,-9.66056355260662
-375.785429906127,70.8253032905632,-35.8489497298433,-112.368524531987,16.9580484715552,6.45431600816664,1686.81897096729,-137.73055020086
-224.346942203019,129.407671775385,-24.7285906896504,-195.687105680336,-0.779259453818668,5.50917553016916,582.421361802655,-18.0922502136564
-340.48413455132,86.0456529753719,-35.7876914437602,-108.62641026494,-2.85016333086242,4.12047858894221,462.972265428791,74.4716345134366
-88.0204171657278,83.834263820143,-54.6766593757784,-29.3470819415525,2.40894133955589,6.31988820688275,875.962303056767,-59.6620320372458
-228.470428736895,88.6930410483837,-50.7419283309428,-168.897950778184,2.631850104146,2.31267018537619,-123.029008248137,-10.4699405864812
-261.336757733261,39.7783629384357,-36.0300882156544,-81.9170426684141,18.6656064948183,5.56670684542041,-52.7085444585391,-116.814263748194
-69.5728872691543,35.9436087752692,-82.388167643745,-161.082336533029,-8.24812706135708,3.30894796229859,-37.6931339071307,-44.9925850778018
-266.071521707818,53.7857173746597,-19.5792316187944,-156.100646244355,3.51997786801076,4.47738368824503,236.178183813288,32.2995237521482
-351.585948565378,212.32653291017,-56.8505710430909,-163.230559012154,6.19932160532335,4.31653705061763,682.644972768408,-112.46804428524
-292.994144635795,65.2662314647605,-27.4439506452763,-49.2336138184,19.4775711785624,3.82787909628314,-301.174751480794,-104.882304826489
-135.192455572596,88.66369958836,-27.6182482526056,-112.837169032893,0.758542185303668,4.71545765831979,519.330087572067,-76.2374118135267
-188.507564911008,68.6676997270679,-25.7545062065656,-145.880579076213,2.44719284968596,0.0328694693816942,-88.217101489824,-63.8737637966115
-108.541860138041,40.0422157660942,-28.5045399229275,-88.4611418233981,-1.49916421969101,8.26613242488747,511.247250315209,-4.49569557139694
-82.5340308372906,98.9947134655376,-29.9014324833552,-144.745866259007,5.31670126385143,4.02266567887636,146.215528988454,-15.8810069038882
-38.7227987112419,148.021418961202,-42.2745197931872,-165.675551479886,-2.23741278186208,-2.1367110315332,557.667604256385,66.0696921727795
-53.5580432752613,92.2227507064563,-49.8911589746422,-126.001914488015,0.66501563458587,5.10376376756176,1030.77266369162,-84.0329943982069
-108.144867897849,77.0277182288155,-71.4412726320734,-138.834047797215,15.8804380913207,3.68535811480251,577.706813528304,-162.592478811988
113.725453156243,18.639381758283,-19.0426910870156,-68.7885660700085,17.9338810407789,0.80542086114292,-169.705356508697,-19.6000813847495
-64.4641551003151,132.284894015349,-14.5556366928067,-159.88690605684,9.60085580297891,1.47254196919675,456.755644859048,-28.2634335420298
-135.861003536615,56.4783003123302,-45.2892142565543,-56.4904906788906,7.81460247377981,4.09255302504607,473.885490569315,36.6918496792714
-104.71737561105,4.14732721686596,-49.3659171116888,-101.611006143692,10.5294775861257,5.1608094516705,1344.63232092821,-99.2465082922099
-184.58202902964,73.0365804736357,-57.5940898965273,-100.344026966312,12.5156180316408,1.77506802805874,612.809721479411,-135.022086145966
-300.351008831603,209.043262947758,-75.5066568301409,-119.283122827383,-13.0697915388118,6.19198420077737,1803.38087074899,-106.991286908
-350.348876299657,59.0364319689979,-26.9309745890641,-94.6844886536419,35.2698277666059,-1.1920680003268,700.268271581219,-6.95052458529244
-429.394392853777,140.419897658685,-11.4510165182,-170.997911390987,17.1789398335241,3.94749959593173,168.416578263386,-4.79372976058221
-143.642713766636,124.803857957657,-57.6497650238889,-74.1684667898553,18.5063754953444,4.08591680874088,72.4030212456128,-102.092812875519
48.1121185591219,-79.1229205028067,-61.129470600179,84.7030046672589,23.2456289867114,3.70606185978977,712.820262432546,-224.720537598158
-2.76310053849011,88.042309321816,-76.986794019962,-54.833403024837,8.66590508086665,3.05964152438537,531.451432590184,-163.323541788777
182.431506877707,42.9148263610841,-65.9296717363395,-74.2551653960109,4.58379899579813,6.54716800632741,420.153541824613,-105.570000453376
-236.50504232871,58.0155781491485,-33.4912813915544,-32.0108096997501,26.1455694954493,2.55327148548531,311.012948215983,-83.3007379957635
-229.204997872977,-1.67469946896745,-39.5845910799972,48.40210259991,18.9490617899501,6.89194880370633,999.923746078406,-102.774799793406
81.8328044590889,127.591230590231,-43.1958383213641,-254.497966240713,5.47869651258225,2.13788513053441,-103.698057837697,-60.7636472842787
-87.2129787372978,108.821460994805,-37.631150307124,-79.4383286806769,-15.1194139406143,1.95278643223537,286.014960822824,-38.6941860750994
-140.487873563172,170.634042233665,-37.9959830092557,-254.718916671201,2.91000003430236,-0.756877371357405,271.266816740084,60.7055818789813
63.6996028420544,128.94252776658,-90.7567550305102,-252.025167051303,-7.97256973572075,3.43968659380334,629.515869854629,-50.691325601234
71.3447061097722,44.5995170153474,-67.2218762720713,-64.3036525185889,-7.56185633334098,7.7261276182162,480.94369356276,-12.9739166846412
-546.333062617487,165.34632346889,3.52711819811748,-132.776570352638,32.1283180228293,0.162021526847639,507.519828412398,50.0024724266241
-502.313599721225,109.903765031859,-25.9482849429223,-64.1439431014005,4.68261972611072,7.23126087976561,1096.0186560909,-7.5756492382352
-222.620844451943,134.405216564446,-45.1755367380938,-117.23881382418,21.0022162112728,3.74172436917434,183.930454370522,-141.700245258311
-113.922871674324,48.1711730688112,-9.14995871915016,-112.663444179048,1.18459045353256,4.73834619438276,433.202232970376,12.8022772287077
-104.209246229373,4.17841956343909,-31.8996560000742,-103.312425511904,10.5680676831289,3.86947490501188,288.605803771683,-101.988016825693
67.22844834227,78.8732592067681,-37.5400680862076,-85.8856427814462,-0.929975752369501,8.67613865322346,408.484749790572,-132.19034717594
-213.745955878396,68.2380117252324,-25.1135394860758,-57.0770629910767,0.995329996397231,6.61195636176853,954.662711300098,-41.7116773930356
71.3093987891771,117.69581455669,-50.2046821387485,-26.4424190725258,1.84056652699655,2.55149185235496,361.486082415271,-40.294852362611
-6.1844704807736,155.228555370908,-71.1632198085936,-155.131351183576,-8.08469466340466,11.6406100315071,882.72831563086,-101.96720456714
-109.260908683951,81.3641195411619,-34.2698711660069,-86.4185044629703,-6.68579320479148,7.86569083483482,647.895247527271,43.5779670849188
-161.83742601236,112.358337472717,-40.754296698949,-206.41739745278,-3.2332048836688,6.73404501182085,824.837101931451,32.7940638496948
-70.7466140500037,75.9759181137197,-46.3123031732466,-62.8507753892263,0.207289705780568,4.93073516021832,270.151392761996,27.3147273035975
47.983894968027,157.28318363466,-96.5937137286328,-124.527010930105,-11.0429257028154,7.41592122521979,376.065275272122,-5.24206395111105
51.6782885931207,84.9788549049772,-72.565846102254,5.15470801177435,-4.55576578951877,0.250731440697564,-715.845256711731,80.3027348985925
21.7280020229555,53.1887931886013,-67.1707417310427,-114.069404055459,2.90872834231413,2.31053653222307,-173.864231237269,-69.4669823181175
-19.9024290326342,142.511118360533,-41.6211863629287,-71.3565871787287,-0.325213761803752,5.68402353198167,630.873706142418,-77.1110639521794
29.9515110565117,107.038247543853,-44.0657678884963,-174.349069560383,-15.7167891371064,5.93505079845272,237.346998992303,2.13245138086495
-18.1294719028083,123.274462849382,-74.3723222957633,-158.365349700849,-8.69807933853735,7.68687715436681,1020.36523187626,-5.55003955627035
-111.37596113477,88.1271088151989,-18.0682080815386,-124.995391876379,-7.18839989349362,5.5441337331431,838.111089315254,56.8628928260005
-84.4294006146956,81.3925435524579,-31.6002251441823,-138.502360083483,-1.18489256809698,4.06977619318059,768.226228517407,-32.4479063472681
-196.033650644764,63.9713823635611,-31.3964947347104,-80.1237429364046,3.17789824810461,4.14512071338868,562.857430896765,-9.94012181565006
100.120982362932,72.3544390822353,-59.3555319568113,-68.4413071798554,-0.587118497387564,2.02234323503217,-67.7499363693787,-107.813191297349
121.098711804225,75.6571182299449,-54.1605336254142,-97.5506686544904,2.72509678606366,4.58949094531999,424.878262380711,-127.506202296034
-29.5453213637084,97.7665566474607,-55.2256196909366,-184.355415125465,6.07947711481938,2.36482229047397,830.538341116553,-38.5760231273507
-71.8094404824224,32.4073805533553,-58.2234173216711,3.64221656875452,5.28267449696432,7.3756418566918,1262.47500929942,-55.9794080939828
-136.993685662612,83.7711099916539,-64.9693871833733,-113.924686827253,8.42980429297313,3.78125325786823,219.938124819804,-96.0123921193881
-60.1883178244461,90.7754111836257,-64.2998182896845,-93.9325790729927,6.89288691291586,6.34253199466548,785.056736055882,-124.460258522697
-86.2196376767679,67.9140019084734,-53.7148607863637,-158.863055923895,9.34561995849072,5.87011791682744,393.307349018636,-117.002581410081
-147.01231535176,54.2152465556283,-7.72088150837226,-192.529834072571,20.3119841159787,0.648031531061861,91.5613427737844,-49.4777372908793
-249.268149755168,23.711344169089,-0.0211454813543241,-58.3899462159097,-1.96981785728349,3.54412623726239,791.786599227751,81.9765706533653
-70.8535311458181,117.885185757943,-59.3978185514425,-82.3454619814656,5.86088058245514,3.66587542880734,496.153086533101,-51.2787782433188
-52.5377144934682,117.599954344929,-49.1065831016313,-44.5298722955922,7.39280835881436,1.08343011601391,404.305095931733,-47.6635095155798
-111.447823762195,105.005685284268,-22.4906664117734,-40.065362089721,25.6992982516822,3.11691550212981,1183.95691025846,-138.863835872631
-227.477599296422,108.213738894003,-2.74163200502335,-132.57026502561,20.2109981849499,1.2371226497271,285.197345928085,22.05262394909
-512.853933046848,49.6993980948464,8.67117989127291,-23.4658003547011,13.7519334926183,1.03411965966461,-271.355326535617,102.334700623866
-143.65340671563,210.964622242172,-70.2937354421738,-232.072012791257,3.31872198198084,-1.88549527942087,-976.928322195214,-166.158169524417
-212.63895691475,105.524211945391,-17.3539068888001,-16.5226482498565,21.2535850601344,4.87079195203842,538.657765031545,5.28582539763011
-138.785832109115,202.727081154501,-45.4087067306245,-228.155472812607,-3.57801339834987,3.80683571536792,462.420474094659,44.1796608513432
-185.087677269672,144.781252337292,-48.3561466179162,-62.430523802057,-12.6565805815917,6.25585414824309,34.0147589625776,60.1073719297583
-267.939496596766,76.6291851968563,6.17486687257042,-49.3696024249366,14.9874160546033,5.86914424295537,365.856664282117,-18.55557046373
-120.071105385199,126.948082068106,-84.3193167157442,-138.962390568863,5.96074816300825,4.00003075099085,365.519630759627,-130.710907685076
-125.706869399139,89.0076696487968,-29.2446559107702,-145.12978161544,8.74319763392123,3.10010886754753,946.291599583506,4.96570077250362
-173.037717168951,128.013596215107,-54.9059205133235,-102.607200099211,18.5944292690583,4.78463392045524,601.253811365539,-37.4437422916671
-187.68780001477,166.803647271903,-32.7102363413651,-173.909465649715,7.87238733589425,3.8960604746544,582.393963102442,-37.1164434691018
-135.467564126564,171.300724698469,-41.0652827757294,-123.950379190414,10.3736889501452,-0.652578766417719,724.282944915874,101.69815019911
-137.947757047557,148.923422498614,-24.4941243316043,-171.316866761466,-8.97164650465129,5.73778155561013,186.536609496281,46.0800546165847
-102.572491478728,93.327244670756,-40.6045336096704,-94.3500093738839,4.49043644141784,4.68993724705069,-410.119035413627,35.5918084693549
-46.5346380585106,64.554089909856,-45.5436114683835,-199.693771225655,15.2002566735027,1.05623373347771,222.397692241728,-22.4944484561784
153.110474796515,67.2243560016504,-71.3416465450136,-111.341795566012,-4.1294988826703,1.52842794899334,-319.701480085307,-25.6707103865519
95.8826039519718,176.550448785871,-39.5111451724661,-109.819819877019,2.58913321331784,-0.735010375006823,695.555203689015,18.8630230504787
-141.742677953334,50.8679402548878,-17.7616480175639,-54.5417886767391,3.18486127228243,3.17267371262369,729.911564248192,30.2782962667843
71.1280439913826,70.4158038647729,-41.6442511483219,-127.483497932073,0.582023343187757,3.98406165647611,278.939321239108,-79.3376391740749
35.7704024825653,115.600186688767,-80.0777299763886,-138.767407795021,-11.9372035699198,7.0190701648753,-156.45723892247,-44.1213887273043
-35.112913606019,124.877103269413,-75.9379766927887,-92.5539475157057,-9.14740021353646,6.60337733554479,839.050269137049,-134.502267597476
-2.54496321012266,68.1762236390814,-38.3778052778216,-40.6468531174414,6.3400829010061,7.70071151557204,605.60969902316,-116.176884177174
-91.6422695164529,185.910335725741,-51.368526406528,-155.699087363784,3.16725939011303,6.69032888661604,-2.12791861503501,-94.5402638698724
-113.99294414316,27.4221029825276,-3.246307992129,-41.2399733321363,6.2416390121216,0.0666377984480278,-147.223260066874,59.6194736020552
-124.475491243094,69.2366733617237,-38.4934783747558,-136.269893137087,16.3048835502523,4.33136526640737,207.979527837888,-79.334498480086
-423.995516702329,74.2249880599265,-9.44240133442872,-241.287146103859,21.4678467856138,-0.392736973823048,928.255775446116,-15.9607486034074
38.6329014674766,15.0190050644305,-33.6129486906502,-25.9902547127058,4.81254433008871,6.57339187717298,587.604020387866,-121.262754255076
93.2409735340916,13.2302597836278,-19.6888859301398,-144.143198584919,2.44634429971848,2.29402408767783,346.501188959766,-18.0000426988554
35.8623936636395,55.7825779220439,-44.6444141356333,-164.671754498093,7.33922271860138,1.90730784606421,-468.888907043351,127.457672259421
62.1711789394249,114.320753293112,-92.7696759832033,-121.264204473046,-3.96764453190553,4.45471407301011,1108.97874606513,-188.399009447839
-163.971801323336,86.2379617172119,-24.5934961327439,-24.620239555592,-3.84137041617691,4.54790461318771,995.541285264626,7.90234101163514
-4.98613286401451,74.024860539299,-63.4766248854867,-89.0712058059435,0.0366841112190741,3.99656401817629,294.135260576819,-15.723607341617
-3.17482820704754,168.185747903386,-65.4789261989972,-110.750604099998,-12.4688860365404,8.15578293435101,546.880879595716,-13.6341257392196
-61.756438737837,84.4130643746248,-44.1119323325838,-154.353774432599,1.31597538080314,6.91444148924165,455.181622566604,-78.1753416364954
-175.21467356255,53.5535219088779,-13.1998584541507,-76.8330896743573,1.48127621572348,6.06011397019029,439.35871720033,35.9776731427628
-108.895117948963,105.54758094655,-53.1953214461391,-144.356369813018,1.36628878119518,5.62208891657065,798.709633589897,-41.4608578075422
-111.989329899181,53.0000809674384,-45.4671841402851,-108.637561078678,2.55554382549599,7.27800053620012,962.222232274944,-118.745336628192
-115.835827390835,70.9347446895263,-52.3591353393076,-16.7302028140257,9.56156307159472,2.95141014033288,1563.80883702158,-7.15794313894003
-364.1852611309,57.7241293249535,-14.1492642929516,-26.8661904431956,8.29048275071546,9.11607888045546,577.020199298102,-17.2737570563863
200.12100468736,95.1612678957099,-57.7474657074708,-173.452980340619,1.79611458646832,5.30856578733437,271.595800198922,53.5138378319098
-241.028102024909,124.379123492025,-82.2814566431771,-219.383353569923,9.11665724074282,10.4560614420916,15.3102633613671,-197.465764307912
-145.575576306714,70.0965379395493,-19.000984430646,-134.475303535408,17.9969390897604,0.0944861934331129,202.891538932075,-26.0467410107963
-141.713782217616,64.968229498023,-49.9936525069061,-174.581904149047,9.71382322786667,1.28724036035419,5.5611013760572,-87.5587759728514
-267.203264131094,38.1325660154398,-45.8604412467357,-134.434144911873,9.04449887458759,0.792638414059184,1424.53579346465,-34.0182326457289
-25.7734535954514,159.782654420851,-39.4041284898485,-218.204368866609,-0.282169549536775,6.65664356549678,-177.400983774576,125.456039605779
-798.351464038031,106.208674703119,-6.39545612424263,-68.6341351873454,19.3211327862446,5.12499145130278,700.202306780826,-27.9492673942295
293.1586566818,24.5181663671538,-56.4872440575709,-125.024607504761,15.7221860895042,2.31353956789826,-416.599329222052,20.3411260674766
-185.07146459847,173.927900898852,-13.2554038394883,-97.7192518818638,4.08521784161712,0.943941923294915,587.677472949661,63.5788669831818
-207.62999354225,177.181798158876,-46.6986585379927,-174.867898137862,7.47285510392248,4.18171336662635,225.381244668955,-11.8673479299832
37.5467438948399,57.7756855365878,-25.0963544436381,-105.868733831274,5.27509790050681,4.70478359473054,597.312299760728,-18.1142704955419
-56.1049798870954,202.143483412365,-68.8652674568693,-207.704086739301,-10.2959215921583,6.48716212491854,1026.46899899322,-18.4700852559945
-157.508041026915,48.4246805959265,-48.4703766376915,-113.798636725311,-6.05534515138424,5.56578177131451,651.927950280631,36.6892724932695
-27.9909379802993,115.175030350583,-44.2831438509093,-169.690312596387,-6.88733007758856,6.91822946647881,627.84543470551,28.169225800375
108.193499989961,164.350940523946,-59.7866880134097,-139.853128423681,-4.38130976809771,4.24897390969272,-647.596676229412,15.6343146608597
58.6980862533965,70.5590986440075,-69.9686315398067,-184.524429483077,4.58493823185563,6.1536566934883,468.449597743718,-147.679072636398
-109.254086670786,111.580638599917,-40.2026856450684,-162.954789703617,3.77139825623817,5.4884634805785,571.573812251314,12.381231857813
-273.582580963379,16.9900672253862,-23.5921125195746,-5.18653972868924,2.61953586908567,6.88688349204313,1021.26996817555,15.3782939497869
-192.774311693909,76.549171063969,-6.32000974313996,-166.703532647924,1.30604112352012,7.17404403077671,718.701511560896,80.2845212744724
-34.3883726522618,69.1987126884342,-39.1756196357601,-102.412599654072,10.8096580672718,1.44775489042513,528.286931427483,-157.032881223233
-35.1285610625982,142.209922112961,-67.1541520372994,-183.731173883867,-5.01943272081553,1.67006118257996,692.787050801759,-44.422202479298
5.26684518141701,175.793433406023,-81.7859145482388,-132.928167407481,-12.691457044144,2.6677085988922,-58.4488714260515,-6.72051145345722
-29.9217658222769,101.591659985024,-51.4272353315318,-163.130622541255,4.78168373089284,3.83195640001213,916.601307259058,-138.745669554759
-187.944747517882,118.594645327212,-24.3345038641019,-147.694850861157,-4.33672481683607,8.46787285043683,188.841411981906,0.408106884460722
-129.768203771524,79.390710442869,-48.6954899295379,-149.68043019654,7.73017492948566,5.97911972882866,577.722020757414,-33.657719978868
-68.5476706945046,133.837239399407,-38.0070187450656,-124.108317004691,3.93423594494016,1.69885172481281,1194.51483181524,5.60456700064242
-108.759521464835,102.817327479053,-30.1740723945768,-114.828666542531,-4.31628887901024,2.35860349572613,95.217116888598,140.479336691526
65.0676590443472,84.1122652914455,-29.4136869252688,-23.1443237759759,8.60850269065122,2.48440119691077,650.890458113587,-3.23258063488174
-139.824991580404,136.670914836617,-59.2249595032317,-205.102661453217,-18.7697937194316,9.37296299009176,659.337684273803,-18.0058958461487
-204.00387774672,136.106663835177,-19.4257061786193,-168.981018408711,-3.76164317551593,5.92679557870724,562.342079345726,55.5564109699026
-76.5478540704353,173.226819072879,-77.9698600330921,-4.48709023149331,0.752537840431614,4.40396665636217,688.058209341954,-3.87324638511927
156.984756287246,146.537115881336,-92.7633183134021,-112.80535698741,-3.2192348849876,5.31917015611543,706.696658208151,-99.3855197396479
14.0519839385815,82.1161335196957,-54.7510794284171,-215.27152144337,-3.36617095416295,2.90832098967803,918.890260323707,-59.5792028233045
-304.217258066143,172.019128995351,-29.4008472339483,-193.251875686019,-0.184586128787487,6.34201203851262,898.215551170546,86.8511781397515
43.0924821743247,87.5900471615605,-63.4751433001074,-91.8659943114617,10.7643980187713,3.60643022370641,-112.346096531342,-85.1089943540865
-15.1178362580104,148.919942358873,-77.0263216339372,-84.3444523002545,-11.8033308024715,6.81644726899685,304.374176591886,46.4973436273285
18.2148379254486,192.347643865956,-112.594081399264,-134.994882822088,-20.6429617655012,8.70717648605932,557.88599654095,-55.836033835847
-107.759947084298,186.733594240621,-60.6750292717916,-200.747348586787,1.15281731822324,4.54090714090853,391.303538058579,-2.22669176697673
-101.345668597471,147.852429380029,-51.9371016189834,-134.206989539329,-10.339778816342,8.17489433805895,831.955404028384,-1.72212603330263
121.573879071322,177.65782762671,-71.4449759586496,-164.996791000784,-16.4187302230275,4.52047335082898,-828.082145751367,48.705576561857
-77.3657167221681,123.340869443084,-44.5270384795149,-230.495165991073,4.96192703617271,4.81258148963389,-27.9275752872894,-38.8343979034253
42.6344415600597,54.3164505832974,-33.1799863110064,-103.867259683029,2.58855682777357,0.343456323840655,4.29451001656707,-10.1096744648239
-0.807526730553946,58.9160626083467,-27.465097594184,-105.772462304631,17.186834177468,1.25755641619179,255.717041210723,-43.0231380021432
-81.5360220119401,136.437493932026,-14.9941497158279,-222.52469319028,0.331829610433488,3.15607278532116,214.89244635441,88.4539164529415
-360.849229500629,98.6149242698903,-43.1666200469408,-195.624652530911,13.5340121696772,7.37526034090115,1271.25553806056,-96.1882851223106
53.5669238221526,118.732896518239,-66.4105062140734,-65.0672853254327,-4.01959527435247,5.57243906102667,75.4393495725963,-103.537811131944
-29.403793751233,40.8354787467833,-54.1195950938563,-93.6024357446004,2.20959518867312,5.8368040001078,164.898886586598,-18.2807741613942
-257.872265970458,97.3731971619127,5.2250384545041,-88.3313743284598,1.84124685845745,2.85224222986653,276.690407529071,110.385304254436
-35.8874216513359,73.5709599286129,-75.1923873527617,-108.369103599533,7.70733440230833,1.11049803181959,347.404398840881,-76.666649220555
-865.525606322233,154.955267321522,-5.4501270441051,-150.954169044824,27.5372134594363,-2.76149030785018,414.389783502091,127.54160418731
-399.23571706278,83.8225109097839,-47.3277787428888,-38.1076020242581,-3.6051120525226,3.7515543839836,-18.2838148911542,18.9588119212567
-215.200888992005,156.401479134387,-28.8582878497255,-139.267493279251,5.59887670286116,2.30262306600343,-376.227945549588,-23.5064791089899
-189.5986741294,56.8250910377537,-24.7364575946594,-107.717422871745,13.2141553164984,5.3248648250119,542.191136389949,-98.7819222653452
-7.98836268155719,41.4949812911364,-79.1981355774478,-125.075666758523,11.2640635996941,0.845703916838829,-630.836629159283,-49.6117339959974
-168.575603417635,25.006128191817,-18.9054333697641,-74.4291477956795,12.8554345384473,5.21350282157073,923.961664360255,-37.5803867846626
-68.1687351722476,98.2866601690839,-31.7653030046931,-121.912145909722,16.5541784898866,2.7175695967162,530.711848744264,-37.9187742025242
149.857103339229,172.363920802942,-78.6889356121264,-222.139103983558,-5.72118759047407,3.4901229859388,951.274916265233,-69.2587620052218
-101.861114650761,27.4088367629302,-75.80168580178,-85.4353171049079,12.0633059820248,0.688266196368204,531.364319448599,-33.3723687035163
-163.567647795844,35.0139251692453,-39.1882743834867,-76.833277871825,1.92370903299889,4.40511768769647,339.378860422114,-13.0675623369307
11.4630946208708,50.2961959573149,-34.1311072950193,-66.0308065219142,2.98980927842786,2.45718090735318,-175.749574718036,-43.5440433005278
-162.221070397412,28.4445761770185,5.1254457403993,-41.5074204925695,3.87449756525166,3.64088368937155,417.557183475685,35.7382642085286
-166.19248634325,62.1744290370953,-27.0894888174007,-8.03026644143392,7.77152698807186,1.99461403349414,277.488380585244,-1.18922783194284
-38.1127947169007,153.212593869212,-46.5825354654226,-155.907519135304,2.09537768936571,4.61488760061911,526.826840801907,-40.6895053561602
82.7942522435915,112.042102094973,-57.7629499699542,-116.942372568265,3.72729927813634,1.6855079990637,-195.404458520949,-10.3861968859128
-36.7626611456217,146.078466085339,-38.7453336883773,-131.492212532452,0.818957906281867,3.21524451173173,-45.3521749503707,0.761314357587253
-27.2752916453901,77.9052785288368,-47.6004307128751,-177.644953153293,2.70039845022256,4.0633964612789,612.618647243886,-82.9171484915132
-43.6791224043991,235.576523688491,-50.5205336155486,-280.246366834023,9.99104683659971,5.27581682819437,1011.58382526154,-98.5166428560842
-458.669403883556,38.0322400735749,-14.6457326502132,-65.0986588521337,8.40773240545968,4.10874251234054,606.613036038325,27.8110491359985
-33.8845070891912,54.6548016491142,-67.5485852063393,-38.3185835911572,-8.60483600831503,3.6290604566675,680.338576020935,-82.0480434428173
-1.6946707162133,80.0832652807439,-68.3793140690541,-54.8073034723793,2.90116703401145,3.76478030456929,-114.497688937256,-23.0960125902347
16.0766706602153,117.107789027796,-64.6481727380306,-241.1114253911,1.80734639791626,8.03298339460162,3.33481727671997,-18.4344468674244
-9.60346125222168,129.875687730353,-41.5901641053465,-58.4250785412441,-3.74433551654511,4.89908503710467,565.502350455528,-17.4117170757236
-69.9361262138918,148.499089696197,-30.737700896163,-142.461249712651,-0.259276191765821,4.46028086538718,669.110833589191,2.11660643931828
-152.715955959822,50.5790425897212,-13.9730002989672,-69.2966078233294,-4.41194124249159,2.09287021950149,235.614818817034,111.181123551207
45.1906517202005,144.977729645412,-76.0661364989937,-121.526967090806,-10.3740105854085,4.97574095422169,75.8263786772732,-20.5681941577277
33.574227690493,75.5696960195201,-50.9796658865671,-158.04994254245,1.46251211626804,6.11068809288554,-362.965208592745,-36.5668398403941
159.01040095849,15.3978870914616,-106.646083523163,-61.0668356166425,15.1557011866244,7.72136510434211,57.1863839671569,-175.561743625032
31.0991363770154,134.924653161194,-68.1029945649207,-144.081877393137,6.73273737179989,2.83442012875457,47.5845083163003,-128.696983888593
-65.6051701175311,178.951378973608,-57.9236814299511,-138.035696164181,9.42087136421469,2.29992831406707,554.30964617469,-117.035924160133
-78.3522119522022,117.811982473155,-60.0399050569176,-163.968993143208,-7.10596621691366,4.05873799551046,-151.982193444594,74.6736791260118
47.6414546680899,77.2397622079407,-81.2870994385594,-64.1317560052703,4.82261237053899,0.146254454477457,502.102205860167,-58.4131174138893
-26.7388372874993,125.903994609253,-54.7106087059583,-147.925623279475,1.69721833344374,2.39544949808624,364.188662874985,-45.787762175547
-164.492159343208,56.5151960417861,-18.8526377916824,-172.827055868445,-12.1905299657519,10.2883017755776,758.984433640668,84.9002936783218
60.1843881241221,80.4673845294456,-52.704683194961,-61.8896371737646,2.76935823011445,4.73709535124362,272.358639174105,-31.8032074926159
-100.799218763772,149.415235046825,-28.7730706033035,-172.733089276269,7.05289271692163,2.56772178596293,490.347402773856,9.49870082012785
-127.747684209578,136.082367831932,-21.1948371105391,-34.5888936980773,1.24775641888846,4.94382581956597,864.848708791927,-4.22073718537285
-122.387732017291,70.8873087709217,-61.6759665827558,-124.374325535435,9.50219965304495,2.77182173858455,484.878264665691,-110.267712310699
-125.840582061937,123.494877487843,-19.1757874664181,-60.3921545603662,1.63976982653548,3.08731334436015,-263.072121028003,48.4271983802173
-212.947602558823,59.8055398778088,-17.5643855353119,-162.720651704672,8.59812362447701,1.49628663490444,220.0241246113,-12.8308510634233
-192.358022851133,139.807114061268,-64.5979882383399,-63.1577743179514,9.68524802784668,2.92009147644421,306.132207649469,-108.676003843371
35.408106572926,51.2772618880554,-70.2784300984877,-62.1653691007305,14.5865702949814,1.36438211769564,724.572582942071,-135.62544658636
-51.1195900714956,147.70538860299,-43.9176508384699,-121.471735792133,-3.47218138339149,4.50674270039599,392.608230805575,-70.9744978665258
-9.48656181519254,151.347552955682,-82.684916357277,-196.77840002584,-9.27199517239205,5.71536597845261,891.510390791511,-47.3398957732716
80.3549408648614,150.766921209328,-75.7068052814502,-82.6867940904376,-8.35153544811328,5.16369276256592,-235.066326728876,-6.20823119663328
-67.6721614681883,41.7184983930347,-51.9931349279832,-114.874023166223,-1.53609567588865,1.46673713758355,76.9989670625473,2.6957153135736
-81.2496458287023,-44.4118213230904,-19.7917430374946,2.00997916520282,4.10441348628956,6.29384181030036,346.582651987992,-1.51002888361472
-10.2005583193095,-13.4664898734263,-59.5631841164577,-140.617845179047,-8.52195263265662,9.37513137779024,321.83776689184,-52.5259341025085
-235.753111971302,146.153844495915,-32.9334824425828,-81.1513378255622,3.40333477343393,2.9798996968093,803.439302574101,-12.1867381409147
-187.253361632465,64.9771949444548,-35.3515068174966,-133.853143783962,14.1183251800467,5.45879908071947,611.509849209584,-116.126103089337
-179.410235554904,158.350146416647,-36.03304905404,-134.193048788671,5.54008766319021,5.01924231331941,857.484984248236,-30.4082836699818
-145.378619459341,102.918409301376,-47.9720128346817,-117.993866572957,6.33689682156546,6.57257606078929,573.828578439265,-87.9979027380905
-50.7756465859275,76.6834244250003,-60.3755153801867,-43.2321172375232,5.16725110798143,1.72055963399907,1009.61176139559,-72.6175415161561
-106.840606552149,54.2792871721285,-31.1226185104533,-55.9254225351433,1.40535927417295,2.54807617499227,18.6232488266123,12.796677502356
-31.3124646920405,112.518831223861,-46.834804611819,-17.6207025496406,-6.56244580248313,4.63488660138682,517.573019496405,20.8278031242371
-51.9487639844847,51.5819686363866,-44.823474042315,-155.356913847034,-2.41052076459164,5.05444651193102,80.5911233718925,12.6914244418731
-211.59414215602,60.4569962771275,-1.07176862422784,-107.838241830192,7.53227425125078,5.99759290227666,1287.47657360126,-18.2950442676665
-96.5743043243529,147.061423041938,-37.6925050921891,-104.023554259737,-0.834755329255131,3.27480832855508,-85.1768255532616,33.1730699189357
45.2008454988463,132.196943777286,-52.957250484018,-156.392362418497,7.00727560927044,4.06936073760153,435.545672318083,-75.4165668699243
-268.810549941001,116.451618270999,-43.7482463283959,-178.137542394907,-10.5385595142216,4.97436236552312,237.297998633265,64.0264138059574
-191.819903123498,134.070401697361,-46.9622859226656,-177.111964736541,20.7554955937376,2.92091024010369,1125.53519448296,-93.6700504781656
-220.181696731643,159.574415996101,-37.722533112672,-124.105030367558,4.24099334609491,2.60253221674066,1181.43702553134,40.2746682970756
7.64734717085958,115.529625478463,-66.3602362382517,-197.430852134319,1.68300587532576,4.44378863935708,618.146521040646,14.3925905889864
85.1439690585794,84.6042516568996,-60.2905509928532,-143.486964413227,22.559458849144,3.74051981231605,-187.196975682673,-118.780523693407
-79.0623819491029,52.2823561378755,-18.3910420843022,-40.8887231816188,13.4334351266561,2.18176901612969,530.682756054157,-40.1880194495752
-45.5676828137075,37.409543328984,-21.7745845859972,-28.7965777331992,11.7148254230851,2.37773575620668,466.09865597381,-81.142766899342
28.675848861807,63.6258954525983,-60.8627628381655,-46.0124995436345,3.59501832947717,2.48875741427764,253.083889061523,-45.7368984900131
1.95761575191864,121.336831123903,-37.6636498067819,-220.245159016427,-0.0258435269934125,2.08902428632427,-208.272199566418,9.16798293696775
-29.7046381928667,37.8710395420057,-43.783703661451,-69.7974648217496,-11.4354671977344,6.82367532100398,504.350926246581,2.18438400721789
-94.8738573939727,83.1963362650858,-37.1129169658816,-101.391223896026,6.36115921940291,6.65339447437873,509.320715470116,-27.4391927817487
-56.408125952883,56.017025460369,-34.9300469260634,-73.2473065348895,0.407451513539854,2.80265070780297,175.402663822066,37.6742389575811
-79.0450571687197,77.774450416764,-15.9844043059497,-189.917738304935,-5.90422096278053,-0.272580549542909,473.510852467283,138.757393581858
-111.449197367125,72.3474882704595,-49.2988798889569,-132.173323242925,-7.91603277655668,6.16533777582663,582.70667980201,66.1445485688528
-117.871106008846,64.5903612568945,-59.8374871760861,15.8620468455774,3.33993741595623,8.73709571476502,837.402062146371,-56.8867584410254
0.968028841656633,69.718776905007,-52.0377672045433,-87.7388049853525,6.62894448690349,3.92908601410454,348.570544198388,-91.2201459345742
-280.707648635725,153.928906905669,-11.3014941415677,-70.056908544582,4.7774899819633,2.57863983619609,383.688027934564,-11.8502114357689
-40.0601026047407,98.0827115772918,-20.5072032330936,-148.274605630701,8.64177743386972,1.04030676328694,-562.140982379937,-19.2696006071928
-43.0736551589798,81.4351819836811,-29.6580580057325,-101.362294442253,-5.32451762210985,5.00197459037736,497.179284993734,25.9318041439692
108.614789705563,154.477129386185,-85.8389877557274,-127.866821156291,-4.08170262003841,6.29971189835851,-270.508347159033,-52.7181753876357
-95.3133509762556,200.429916794863,-49.6150849634869,-204.630613891713,-3.59398643409077,0.443519072236086,1067.29728335966,50.6484862020038
-54.5251853656264,111.953450663772,-61.8392758119589,-73.6907243320384,5.98315028820798,6.58550722402288,587.597752121132,-78.3506904192182
-180.877348067814,13.7353648136741,-39.0617483569949,-28.8953549092548,11.8891391299694,6.02813134041207,1414.11434352605,-92.05463400812
-70.3235884247115,69.8790779791088,-72.7672100424825,-28.6346239568884,12.9660813731462,4.17587085506966,309.224578901252,-96.9242218756353
1.46811789185449,29.1354970856919,-40.965415455561,-130.881838830916,8.85896889210562,5.61368252837565,797.665857961343,-71.0118368868862
-39.7336454512115,37.6460152321379,-50.4211999878025,-140.987961759703,5.2628860110126,4.77621816238388,555.899731406898,-106.672160601924
20.8862386681431,92.5045652573972,-84.8546406428395,-108.521041027067,2.01382258067497,1.59609289462969,211.842665848853,-111.198429471842
-137.517954831419,175.833186444215,-51.4483226170487,-213.322266167343,-4.63639425401925,6.47026953696331,-607.960868159891,2.69161302794237
173.997111936129,175.516002993507,-38.9071217998135,-160.516265586914,8.19856211265142,7.04269999207463,505.932960388587,-235.394628212511
-207.602525903785,128.233526082957,-38.6692956124571,-116.702296689058,-4.62257221997424,0.481974951544544,362.033359313529,89.7064208238589
-277.538804995542,96.1146223280921,-47.9675132092816,-236.845147389482,12.9776380274561,5.01434612181038,1093.04169963773,-50.8955938394283
-123.777589865029,91.5073873229412,-39.7292919705505,-217.429477022924,23.8309121574566,2.13580039370572,449.227294306766,-184.103957336018
-317.018808269666,87.6321108363481,-33.017436594615,-69.5486290359113,-6.91950245885528,7.47080324690614,1319.81689014426,-40.5890266281785
-70.0868273721862,79.0946249660337,-38.906247186118,-11.8040698233308,11.1997460417188,0.621970568958204,589.56528113049,-1.61167159934121
-18.8046559165232,30.545012525763,-52.0501192350639,-89.8579422046591,8.26665188327388,6.73716210725252,440.034959346573,-93.6250384713276
6.14443486512027,69.9224870757025,-68.1284383905149,-87.2355691319972,-14.4716273392551,11.2412972742095,412.220453080183,-12.5386019068392
-195.416271033704,67.8621400206632,-32.9400967863985,-77.643120878638,-12.8996407649915,7.84216481899784,237.779986963291,135.74273876482
50.1370729920454,93.5124261334131,-43.710185119684,-212.704145404263,25.2919849139907,1.81785984127146,23.890072417591,-102.781444879043
-250.690315842221,57.8736732527323,-49.1596660694631,-134.329722889426,18.3012910857506,2.97603843272373,623.413834021034,-67.395649977916
-89.537313659268,105.564938001655,-17.3744085915387,20.635066490715,8.52388288224756,2.42628971340309,380.956833138553,3.47010442580358
22.1256470654844,5.04516273841728,-25.5915395483898,-0.525112237533904,1.84847041602552,1.97200503339991,243.977462461771,29.5578571811348
-58.5020749174291,156.054121892385,-44.7243345979368,-150.464219463262,11.1725828716735,2.48268815524352,-1012.16810012152,74.032939301107
-58.6726709162758,104.411662829294,-30.2722768115927,-127.827042264646,7.39874980408786,6.64732514805655,1057.73006278175,73.0707177691511
-316.911552687612,216.730450322502,-30.739029946707,-180.749992156081,4.30225013612653,3.54601147196809,865.135848743346,62.2312940602569
-52.7026376027934,89.8072099292622,-41.8893976850013,-89.2991936139297,5.42809791631589,3.01909857342071,236.756701945706,27.4300223173923
-10.3755191475648,164.378280037869,-65.2666202686378,-242.563618712993,-8.48168401839212,2.06313825794587,916.064374506008,-42.7496507883843
-462.222241201627,119.772073134416,15.5077401804665,-38.7298602670489,-6.26171991793672,6.43018225258857,712.80210026884,115.735417333875
91.1543890576067,131.642179803544,-47.6518511207441,-115.610006620412,20.1269126591797,4.77129868930933,736.476999993851,-165.230300816562
-18.2501016249735,104.021589573918,-69.3550322324299,-186.634146505501,5.42793160887959,4.77921284698095,468.562814228295,-89.7412069486309
12.9822412661819,119.564960797317,-61.1145280304045,-75.3352160212489,-5.55697103924467,3.73269547446398,-430.48461516323,-62.546155052798
-190.728181779748,67.0184516287409,-5.73260273499909,-93.5645279046876,4.32243714340439,1.75750183917989,-269.858957544966,26.493880075448
-181.695959157609,181.915289219221,-34.7699346084974,-157.117023609666,-2.99894338197191,7.40203463280341,471.668117618363,57.9695488172443
-158.914932872169,153.083508862899,-84.3238769702439,-81.6218349579431,-9.82061231932312,5.48994902392587,860.599323816889,83.8462061845057
-114.23271088559,185.280863582004,-66.0876206471439,-60.2263739573427,11.5481728264422,4.73831034036266,1307.39357574807,-123.146398910292
67.9254191403343,110.852579691276,-74.7738150080113,-29.4858770540886,-3.1975179832225,4.37276290478621,730.651896732837,-70.1121576653459
-270.299323251395,147.543512048433,-50.489129920461,-93.6570997905801,-1.22985792687177,6.34621201216214,996.435806272133,-24.3606492178806
-65.3458704546356,128.404868195714,-37.6626230899892,-133.242071512912,-6.50481456773559,2.67647164856317,186.263481079317,83.8271359002101
-205.45587744558,108.858320096129,-37.2938131765404,-50.5419078617415,17.572220675298,2.25965905355406,325.57204235559,-76.6625698043481
97.3256808439619,60.3536810815567,-25.8335949107795,-121.290236230256,-2.71543813275639,3.27755434789287,113.082077601441,-32.4865262520507
310.648244441807,127.265390934917,-50.0412521069156,-91.3499080444381,-9.72187970636878,1.83773065190508,430.092196797923,24.8321708240619
103.355459635699,132.230224454288,-52.5196753996715,-179.285622011765,10.1407099190801,6.80386985541554,744.339340608394,-112.229335424097
-119.569535984723,82.0837801393864,-43.8995795303781,-134.030541385044,-1.81258374452591,1.40905435529567,292.253551926071,7.70935031157569
-22.9760947061295,70.9911641185026,-52.1337882356602,-119.234808315356,11.5255672590574,2.36171792746245,303.810021783735,-76.6171553587483
-224.418800406005,73.7594833632538,-29.6032501170994,-90.6618872816653,12.1163497267662,6.19599656452192,583.142191072544,-19.8330666945112
-14.8446434025245,139.893807540295,-80.5908179650237,-131.983928617177,-4.3818492739083,7.12714271171717,986.459592993346,-64.6903432206018
-148.494547417315,120.307125678431,-38.8356198520923,-50.1372286791957,10.5711643910472,7.36571318923961,145.875391632566,-77.7694558756484
7.33684478203941,215.970461609917,-86.1878718328298,-327.990363099234,-3.87170710157807,-0.164779206577805,-227.011929584682,10.915287306766
-67.332637102023,65.3625159050025,-69.4599606538104,-64.0972042051435,4.42387612216407,5.05507291623508,1116.12733684208,-49.1372225384839
-84.6917620408931,105.872792777649,-40.1160233989867,-127.775111939613,-0.116456386578648,4.50501861982863,461.589170478052,34.5472421002924
14.0842353058979,99.2792391148323,-69.5912619794308,-124.425748230424,-7.94556911679683,3.04422870851704,153.368626891795,-10.8571987141331
-217.389058752284,130.042811870657,-39.3206225391477,-160.746825003363,6.98799996594926,8.67553220625268,1161.18095023332,-75.7105847747298
-168.779112270378,79.8116496158473,-65.228942029571,-72.371327161105,8.90708585006746,1.63323614037654,770.418640739779,-43.6947742398843
-307.209196209689,102.430490658619,-53.9019358897494,-158.298767301596,6.59647622069679,3.493980826388,-454.890752609135,-111.331484397539
-40.1106011882948,125.138034467387,-2.48918621534904,-181.029666089355,9.04573884874117,6.21481726240017,1086.82573158152,-67.6873929843568
-240.968563145696,73.4460939002493,-18.0789911881729,-165.912468803988,11.603801217796,2.27024756428727,555.674262043576,-23.3158719908679
-127.762420626117,79.0356331021612,-38.8605429314339,-98.7371934944968,3.93417819609749,6.06299512993428,781.076361687446,-39.927130497068
-83.5609492816584,48.8229300044477,-43.3291340531723,-22.9067574047367,14.3239244741126,6.51709721444058,1293.89574422593,-140.233375367025
-107.595149493396,122.863716716311,-19.2283195296623,-66.2524627995153,10.6082749423949,4.18434145167703,773.429340710878,11.0593329050316
22.9980044717231,52.9389392094745,-34.5628634246532,-74.9390358718229,5.52359992780839,7.62644692113099,687.371546553899,-143.712708236115
-150.363709509722,113.978237068459,-25.2496735681198,-125.022216091488,-2.8938110715826,6.52808671770617,844.845663725173,-7.97387541085482
-174.281008780643,92.805111484693,-33.3740075011738,-127.602982588185,16.5336002716385,4.29308974693413,553.617023548257,-20.1546430023009
62.6610211098159,111.996302555264,-65.1569671195539,-214.674463928386,-4.4577736164174,7.28797523694811,1084.22393496385,-68.4074758696079
9.25046036060667,120.498359491568,-41.0805320053041,-143.165046592461,-1.99063727796238,4.39738738661981,984.471622586454,-54.8935423041294
-22.574677841505,75.262467933353,-43.6469897962234,-119.377281923662,0.252599412437121,6.12306456772421,1234.32664333263,-104.617584772152
-163.775231213598,48.5522051789376,-11.9916350915155,-42.9875318824561,8.82599062466034,2.03253361978568,874.563140780076,-31.8774805917492
-121.481119576536,52.0922018852325,-45.0625382812286,-131.91417254907,14.7607189259361,0.373475954220339,225.988645323581,-66.5664637062509
-104.018406815854,66.8305253057115,-27.2780141209696,-65.8036646369292,-6.16359240334714,10.5877540145339,244.586984623034,22.9019009640833
-127.989536617068,36.3031699828935,-37.0687012149165,-90.6544193266491,-0.69186371237447,6.31300521159574,837.359598987168,136.01965254535
-45.5054126640716,68.6453106751287,-75.9793372349304,-111.793944684425,3.31485504688317,5.10024961737508,180.598525594411,-26.5208024574822
34.437432573679,64.6505363588949,-68.1492526882939,-84.3054458170809,-3.86648129401874,3.04958664183869,151.074317103355,-10.2709096186227
58.9029648535216,95.7919336960913,-57.4877792200314,-145.426513519146,-11.6361662016643,4.64225239539519,75.1169724870706,49.2510050722631
-54.8668358917203,69.5108037158207,-38.3712494908505,-21.6804827793385,-9.28584848570972,4.95905314362608,663.433771837081,40.0032134428002
-214.111904684542,127.163625372178,-17.3357292321016,-111.084128061872,1.87728782158956,6.96612665562861,1053.8794020924,41.4775074094359
-15.4091767829382,51.8338025653939,-50.3185093464781,-67.5245507007203,-2.50282591904306,3.64092604094185,403.328903661648,-11.7704295705043
-13.3087748203707,82.2769711123256,-37.923354056009,-113.730237198528,-8.06619800254703,6.4629816384404,709.982637705783,-25.5865725974872
-23.7772999290464,129.427364876756,-56.9255743923086,-140.127451542634,-7.90612080748542,2.46981298716673,-254.901792672375,75.0603584518685
-29.4261839711689,107.513058927005,-51.2398180930904,-16.7955786112871,-9.89707537990762,5.30631763966812,69.3297219849701,32.1413744313177
-84.7544400856714,151.467571544315,-60.0524235744051,-15.8814336161013,7.69941183330957,3.1053821708847,553.69759765287,-62.4823964783336
40.5924898870653,193.998670139033,-66.1650146122338,-180.164129430845,-12.4395792502182,2.65402975837787,61.2100227538176,98.9486195684249
-105.631901193614,103.99402822461,-73.0627779665811,-47.98936126841,-5.0713113930251,8.11789611689164,1404.38476284317,-43.6327776731923
-92.1192637216009,170.338091157828,-41.4709553355551,-118.78699467427,-13.2695819055443,6.56026697659399,489.368829626848,94.1684361628108
90.0346164290531,77.288419950215,-83.3231570250646,-80.2249518537484,-5.2796511532797,5.76265100696219,325.83011514075,-112.709505637598
-35.8570290861771,98.7023938653756,-50.9048846488076,-213.900011882302,-6.44499674317194,3.2721086001402,-216.573383273906,146.365805203095
-99.1047899813202,111.456244662433,-52.9097469748813,-49.7324638906284,-4.85787776092434,7.70591814142244,748.408589509534,3.74661101507809
-135.016199305515,96.9582047918957,-28.5391869731684,-78.2582497891417,-9.96974291779043,10.7948347465644,647.21716427755,44.544897764863
-63.6988674523927,105.232831737623,-74.5779545763507,-139.858764851218,0.295126207478461,4.79457676719176,771.841363517968,33.9532533411984
-169.834918778408,37.798581520532,-31.458437979436,-86.5457687389571,-0.962165414559422,5.4320735851652,403.220378791768,105.430204287142
-166.002088893671,71.5989960555162,-27.4128253510426,-155.705005426993,-3.36642474746623,8.62031051541271,831.564845960653,57.880969640697
30.6804808818415,143.08532214309,-80.6097158328339,-73.1545347857464,-13.6262648396369,4.40239968400419,81.1535401784058,46.05022329653
11.1577523335145,144.579735950203,-63.3294427161345,-197.939261619715,-13.6638631426886,4.59769707412306,378.592203474895,-25.8847290596677
-102.052396914776,60.5281794208568,-47.4420068936306,-62.4816939916782,-1.38246861699008,4.49798474113777,596.714112486254,-10.4115768633346
-27.6130407636301,98.2020365943317,-60.8165140111232,-105.114177996795,-0.0165458344824856,6.83723979158822,306.978118350606,-27.492204227834
85.8278302042745,167.44355787598,-101.372835946793,-210.718474988091,-9.18709604407195,7.04787548860622,368.420115276338,-87.7638249414013
-100.327524719789,203.371921002821,-49.8116874655389,-198.826197585266,-19.0472596278341,9.171352925885,926.576451441523,96.9373703617421
-5.49167406235938,157.743736923105,-38.5250854090191,-136.862434755607,-7.77939836472797,5.52206046788342,379.974846587706,-35.4489302876227
-96.591219055641,113.577506604597,-64.0346618704498,-93.2458488252196,5.62856879012543,6.93365409118996,942.37509613471,-82.5980206047534
-36.5101310727187,44.7767647871369,-44.8523644519591,-141.362410553389,-6.75315297711495,5.61123939211029,49.8426309154311,62.8077551686656
-10.9352205116156,119.158895188077,-55.6357245396794,-184.033444915295,-7.52544463931554,5.10195935089723,280.732574942915,22.6749381736736
167.877841258603,165.83230680511,-111.990044156679,-183.46638945568,-12.4302228029846,4.16807833281928,755.808107986384,-62.378118314351
-9.926702117682,108.816759317888,-63.1850767530414,-74.3915327722425,-7.84737693279749,5.54396612054552,-78.6721507067359,20.8553743395314
-71.0293616007548,77.5025814040491,-34.6456010626498,-46.6934597704094,-5.49491553401458,4.70233512150844,792.670132187981,21.9927728126531
-110.232072729697,133.375643207633,-38.5309482303128,-115.590702962899,0.155817851962638,10.1252001471003,923.919126505942,-52.5666735013656
-33.78186547726,36.1754385990498,-38.1769743425748,-74.9166750792356,-6.63276727941411,6.12962572947436,669.465089582984,-7.08640722336713
-134.219323866768,97.0005504479486,-24.3187296191172,-44.0796981516178,-5.9818952663627,6.95994449053251,626.354846616421,61.7957472018388
17.4156029855767,39.0676708019819,-111.700755530619,-39.6882531860028,3.67594893993737,6.96428114859009,805.61630527164,-77.4779509156506
-50.343224674245,113.786618573246,-47.8490785163012,-183.389855381582,3.71950006661064,2.69579072205306,671.327970261409,-38.3077490327851
-87.9824325814261,44.6809021618028,-38.8349691631738,-4.34147838508216,-2.39215216669254,5.22799818862404,536.352995808411,59.810085033183
42.331482347683,134.148485268379,-54.8574117115495,-116.683819152968,-7.23282520650355,3.14622704408976,54.1773749155327,14.3802678185239
-45.2898055109254,138.282463867199,-41.5399474509686,-183.098563590582,-3.71122230111359,4.69468205352314,-20.7736809554081,56.5431811387134
-19.9357933057763,5.78681989242796,-65.0857557141571,-16.3738968979742,-0.636726074357284,10.0010066979339,804.191744369102,-99.7856756605543
-25.3764409981377,144.583803095258,-50.9542914117774,-176.460662638381,-8.09344270878864,4.32168264815846,742.535026697791,-9.0700485452835
-42.1421755017363,37.0285689571501,-53.0545694305183,-47.9024492051103,-2.28119141010393,5.93999211068149,722.120541305188,-30.503372957377
-93.1267224563344,38.5867521573582,-35.8378833851675,-48.1792755111819,-4.71277085332622,9.06750224370626,428.141666612762,48.2424536735271
-74.2196717929874,120.398682423402,-53.7532735454297,-205.14784241395,3.44603657810148,5.26733573182781,319.03190350873,-66.550238991942
-93.3597259003145,132.31485361277,-34.2092169681855,-49.6710565707326,-0.943894979951438,2.10228068313882,-116.655424480072,79.8122452490861
-51.117543277076,90.176148842962,-56.3799194060848,-60.1524124274802,0.208870276183006,5.79959242971381,920.679850282031,-39.1729211998754
-76.2110544075258,127.523719287718,-55.9470479596348,-87.6142319359278,-3.57421942817109,6.63209280506999,604.839345614717,-18.6282864311943
-89.6468527195684,216.608481790478,-65.4731788639547,-160.948044729274,0.468672648188658,5.64434005693329,251.036442991855,32.1504364536086
-126.097274550302,164.724486028586,-38.123602231266,-39.5096127707802,-10.8533886795158,0.542032416706206,487.067123874581,113.879152357069
2.77045110381732,242.873073650924,-71.1587401904335,-188.346112029714,-11.6680776308785,3.87970403340296,557.241273060019,14.1291601850608
-144.228478176017,143.597123516927,-53.9507720266847,-126.7274865043,-0.262953580211615,8.22862381003506,1000.74517553423,57.1749184751825
-153.993876532817,135.09732660788,-53.9194856225986,-82.5200979115907,-2.62925537772026,4.6646580605593,589.525788135477,44.9716030523268
-82.6994357463991,139.604146224214,-37.8476050443787,-56.9628517949168,-1.0411159475625,2.69047965117716,128.661774119333,40.7313740579266
56.9248273252815,45.4444468904694,-51.2735871782788,-143.996507474279,-5.93099278295995,5.83956328099157,156.934920442291,-26.6237611672041
-39.7648847474775,99.0571508975263,-59.9608081443494,-116.761454285204,-9.08944788265217,4.62824789705155,670.651901857986,48.6133906928044
-39.9062061542936,101.755843107487,-77.671535572299,-26.876631123916,-7.46530685627658,7.41896197024835,526.003478199993,30.730878862305
-15.8941283606691,85.9086659549212,-62.7888609928305,-191.274524946755,-8.59643812236027,10.7371773702398,785.030565886074,-17.3007393142398
-55.918500375963,157.258675003788,-42.0866306187236,-126.123664207364,-14.9100194106868,7.05404895663378,839.859388488541,12.2272940281255
129.865573568648,25.9691058996432,-89.8892486247933,-133.355068922989,-8.91158239453216,7.68171729019559,340.622530034532,-89.9216547085525
15.5596380125426,124.556144394024,-62.3598964224075,-132.901859685633,-18.8512334149054,4.69454654998844,983.931495429913,16.4045477785621
-0.545242350719491,68.8176693234491,-62.7051708374347,-123.591873661193,-3.25022257687669,7.85117902698403,318.072681905087,-55.8241563904594
20.2839077930112,101.665986577384,-76.6883905816867,3.06055977285359,-0.686503157456173,0.719404498231597,601.494873814896,-44.592268111217
-130.701695248008,88.4178160986339,-54.1602101966128,-47.3926838097832,-12.6619743188494,9.66256378042453,1187.09216420089,23.7238832624198
-57.6112876901025,67.3220048374496,-30.0001560040109,-163.62421269383,-2.90305202359741,4.98644186417732,-265.053639189951,90.9874686266485
-71.9306349909166,153.439154112319,-47.6911442000128,-95.5104169863043,-4.13915756653296,4.32265711425316,430.561286182077,31.570325745728
-94.3442050349258,149.768360875649,-33.9315809315303,-141.185232875556,4.58445250443765,2.16809976939112,265.290575756291,21.8669794507441
-101.210235419087,217.119672143035,-71.1289343664612,-223.279121412859,-16.0442526459423,4.98219110316131,-63.7136883939384,146.423427324909
137.65209618595,102.647785102134,-79.8286764155782,-136.081463246461,0.921200904049329,2.69759819662431,-211.801394709619,-96.7944824644946
-112.297165199925,42.5945618343612,-45.8551445200137,-129.808279407014,14.5463588280982,6.46673429639486,701.845712677605,-163.501254807459
-19.1973859560603,70.5475615031901,-43.6143650472441,-60.1360068968788,15.4225468907316,6.97754775177054,563.676283771521,-194.866241947457
7.69105209795816,106.583234364705,-51.7252840634801,-133.224396207705,12.6522574612754,4.84541316321702,261.828435427045,-87.846504999703
-83.7808499330022,38.4104400664364,-63.0735650384086,-49.5743200209072,-3.91864887838165,3.22833329712739,902.922460175745,-15.0832541763084
-107.171232518889,85.7590661817667,-38.5048067704265,-40.8161378074292,0.756684005464194,4.69813048435753,136.682281417365,27.4692183110747
-97.9430086117936,194.536036689577,-48.2453230186516,-219.366425388089,-10.7758625072529,6.45857055814122,-187.949910318392,104.99836183164
-79.6727955543611,98.57083250508,-73.1067353732506,5.63143483609019,-9.1230635025895,6.0602467666904,1774.22903918703,-31.2352273865981
17.1337407229294,143.904540623334,-81.6675898325047,-140.359954632397,-0.925341023885267,2.47509315387288,289.983615116376,-80.6863743232825
80.6775681194558,120.429939795289,-63.0131370860036,-159.381210571599,5.60027633233403,3.16004080766288,661.909417024057,-90.1955367074443
54.3694919396949,146.899094254812,-53.941482696624,-142.209911091399,6.70587358622106,5.90263958909782,135.262154924605,-29.1510172462258
-148.283287202052,27.0536038247055,-45.7425300611794,-45.6175462258761,4.10869689375977,5.77398883180285,787.03132937047,-61.8105273149304
-107.794405743538,15.5816938468997,-49.7841460753989,-33.3742599660218,-3.42932533685234,10.0498044832202,1425.82563946932,-50.5768416546343
80.1056820091908,95.0379968637571,-77.1539064191311,-105.118737810037,3.49686738273886,5.42798373010737,122.555434275542,-174.97639095402
-411.213221106336,91.5453724500694,-12.5089421373377,-121.721234133642,15.1185179173335,-0.0561067043599905,-235.94502341433,16.9644885072485
16.3669913623453,153.557292415964,-76.9098777092813,-155.611802576837,-5.00949107797351,3.71853095470578,-681.679584067719,43.0837842118344
-70.8011713450105,94.9272253346426,-37.9245083408096,-169.942347145476,15.7283252744528,6.62076608664211,210.341197083486,-143.838560636315
-112.753202526103,102.246993443812,-32.2630689302314,-87.2603630388039,19.1716696496806,4.74369390399079,663.910297477851,-22.7899229540926
-9.89708431894542,115.432365727029,-57.0983246082469,-111.836683676025,-5.43805183435325,9.75613718661771,434.458608335641,-86.9080332466228
46.5585926985877,19.8908278568124,-51.5489477366646,-75.9896068397356,12.8279415769357,9.47272642962344,222.071142628687,-28.9881793083041
92.6461275558104,137.9856757337,-66.1261237525978,-128.971590380927,-3.20162744032132,2.84001918070135,505.099527472135,-102.456412582978
5.14076080730956,74.5240342580219,-40.9138752462459,-102.44761437719,-0.128100091897068,2.2011379354517,279.426486217897,-42.5031023111587
-64.4435308072516,82.0484586071398,-15.295786820956,-110.442453023432,11.9747300431627,0.870969713801969,76.6466869300057,-48.5964415601775
-246.37129117726,37.7919800389791,-22.3526560506289,-17.3628919359107,16.7342281732854,2.93289835673932,597.440314280902,-36.0524852659137
25.1838142709967,66.1816453043721,-26.1000896769765,-89.8849503783495,-8.704314173905,5.18603335638181,322.221441018308,-21.3533588849423
-101.264403680718,80.2483119324897,-39.7030585056928,-118.305843107344,-3.77030261632899,8.92904188130706,712.08185324138,-16.6924614952004
135.70236924291,133.185862817772,-69.3954057869341,-122.247038613641,-7.73661656712648,0.22661547397729,-12.5412055627676,26.1836663176182
-13.4996265095979,150.166009760731,-74.3289778504986,-276.827974483633,1.39318259601396,4.36060338022799,197.206374055953,-36.5615841030394
-43.1816647466403,124.191195217049,-56.3774502173183,-100.360401977756,-15.1254750643275,7.4847349374686,493.362946128473,82.8604443577187
-11.6838476737994,45.856974244467,-49.8017321936786,-27.137559935878,8.47642931092923,7.51414119449328,324.685496797931,-65.3986795760575
-189.700014027261,196.566767642849,-22.523785090787,-125.862194323105,7.75862932101882,3.8243927207368,935.181388763085,19.0367996260757
-77.2399105619334,69.9460828594429,-28.9514764898049,-69.9615050567727,-0.112822963750659,3.42995321309354,148.396696104654,-17.4884176495543
5.47236315453483,73.9243563629734,-47.3819775601733,-80.8933646220612,0.965795953285124,1.46907398390613,103.45848186046,-22.8238292034516
-148.021880909262,77.7106222848388,-21.0680762634076,-130.667087352966,-0.881793382082833,4.31333691007603,834.151609096909,33.5234347659134
108.157998548082,158.79991166215,-114.24588777023,-61.9532767524652,-10.3368957460407,4.5032993122295,-111.339289443757,-17.5613043962276
-127.603615249682,149.835922130791,-56.7246142672884,-93.8285236964166,-5.64824056722864,7.20602770390269,914.071010297368,45.4460549061841
0.511271295166807,76.662757861588,-68.2504570485908,-111.453696676806,-0.723892687179614,3.95910550904227,550.549188638091,-6.84600529751151
-52.2474649773285,161.886236872189,-49.6975015088319,-172.926851693774,-12.2246983033256,6.66459932033467,727.392718816263,31.2761307853871
-38.425338661662,75.9871281650267,-30.9197534334926,-60.9546844596771,-4.65954277433048,4.27223968239559,145.768275855,23.1098523096257
-61.6452430183363,71.782603305779,-37.1395551085952,-62.3701883875765,-4.2386153597181,3.40948788428068,631.362413188996,19.4449459206371
132.747087526732,111.127306733368,-96.2115178204358,-161.243766308668,-5.29702881212143,6.89471682319709,488.625764946759,-145.204385706682
-76.2213192974741,84.6594748255447,-58.8208533814177,-23.6260740688886,-23.686808466271,8.22417298602522,1141.14807024196,75.6282111620239
-166.690005968507,148.727505041934,-30.2179260979756,-81.4239784858364,-8.48160377232762,4.00639670660894,1311.16098336222,73.1526928535459
29.2133863047638,115.035008282677,-92.4483483629883,-109.107809981841,-16.9300224798808,7.37853198000812,488.678121929144,37.1238643641991
1.05256080758863,142.878101647148,-58.1669089062379,-203.275927781651,-6.57675988741539,2.52205733698793,29.3473163032686,69.3701956693258
-48.7066779256274,63.6153025677777,-29.3442036107444,-105.706784684664,-3.01020678228815,3.86578186551924,524.336041571732,-17.8883533579501
2.33535904139717,78.5691094056529,-51.6405222176254,-70.8246869252835,-2.59812593596871,3.96153459067864,11.0611902879027,-11.1975828100694
-110.046121462976,90.4988536534729,-30.2736777145474,-17.1781804246857,-7.18715543979124,6.65398434476083,474.944122867688,32.7911037600279
-149.320813058635,68.4279322025832,-21.9688342357349,-74.9740743599541,2.04886180426547,2.61260306628537,699.089366778659,92.3471387948575
-62.0336829541484,165.106792002636,-42.8565785004175,-218.224450801717,-10.721714783911,5.4232722264569,754.552574910726,20.0959122955464
-50.5764573571942,65.1111328061379,-76.527473295253,-14.0323249956891,-7.06557596138737,3.51193420754862,199.319173282387,109.771567158328
4.14795343018341,107.378989796562,-57.1632268239919,-110.611073528184,-1.21700695726031,5.54279485071311,513.78696560656,-49.5520411831531
-122.873111632784,90.2095005510782,-34.0278535804973,-133.255912291701,-2.37638293328928,7.93789425692376,694.13871115736,31.9325406006974
-94.4736071450316,1.97245724799723,-61.3677970811405,-34.8811215043679,0.0988288208500308,6.64378177515027,804.617350575442,53.6645089518424
33.2621647377528,151.676701456789,-75.3810285743857,-276.591910779411,-13.3043013319621,7.71771997796895,-96.2736264246778,22.1056294947848
-143.660469299613,82.7328937305938,-44.2552747050941,-43.9795855112552,-1.77839648064401,10.1906491099799,975.349554190023,-4.16655820704182
-118.259206213435,109.337996413815,-34.0615372230968,-91.3424669788037,-8.68099670850279,7.32823329180246,408.557211954016,63.9432490234758
-62.4435742312053,72.4869154498956,-38.4886494097882,-85.4760133983436,2.69694812528905,1.79087276133941,621.355801115104,-3.05069434973484
-43.6980439795443,125.14262650811,-49.117894215713,-114.637387621842,-0.119584461295744,3.57794350976474,251.362624138113,24.1298915517691
-247.856615301353,113.522497968239,-37.567059718931,-61.3732672972328,-0.537786136257637,5.40584693553501,393.170871124152,160.021543209936
-201.958979460018,174.117188125383,-58.8835551166994,-55.8020461553242,3.08645361769595,5.90028543747758,1132.55957278528,13.1105350764992
-86.031480919657,81.2894292514102,-51.9549487223558,-233.091278576045,-3.77075338814393,8.12129342975095,840.130632571818,4.81754973776833
-67.1754587887117,153.073088599831,-49.2630535791395,-164.478275855799,-9.06780254011392,6.31454943027347,299.813076582017,75.2895645569297
-210.502936817607,43.5399674129876,-11.7607655911561,-52.1316682996694,4.11806732183322,5.20578800337535,712.537776918107,76.6222081128217
33.6524212441582,145.694714562389,-84.039257729426,-178.664198948783,-8.98130072883214,3.40170660286822,478.06991952323,-47.3078717274875
-17.2829410086997,201.171696097808,-67.9078802831355,-173.027791522502,-4.74587165992125,5.12515808105672,-93.0423730959883,15.5637575110304
-172.016166713642,55.6976293544067,-24.1033324541131,-95.0990255457291,4.12164190301337,5.77220226285863,257.696135834747,48.1930972710397
-13.635727018147,164.379980867074,-51.622568025894,-112.041566564949,-12.1629989406501,7.10069687832947,399.090946447082,28.940392591292
-69.8169645871967,172.44844756183,-70.829012072878,-231.963366137934,0.51897227011068,5.43076402103907,591.110093200456,17.4054117226624
-207.505740736991,177.426660357945,-50.4729809514101,-150.969405198899,1.43457711389055,7.78018126296229,1017.27894266445,8.88305064682208
-116.474404238077,125.365143698669,-42.8598101144926,-133.037508208581,-14.3228089319055,9.52613012948132,697.110600866668,25.7469331137545
15.3613183553389,120.94211330908,-54.8415728362452,-155.253961045571,-6.88746018342499,3.78408258146374,-336.00165148621,55.9834398040111
-153.259471720376,127.951015283768,-28.255613955509,-83.955298634246,-2.9530955930677,5.40605230475194,713.630780823762,47.0760866729252
-28.2100661703025,73.474013852996,-43.2306797728816,-91.4482961087342,-6.50267320698549,3.16375814093044,309.040061996784,51.4938818477967
38.4985735085938,77.3317519123084,-31.8379313962068,-116.2671626542,-4.11368902501999,3.57752754673129,-35.7827298490884,-23.2838002362987
-69.0593913186021,125.884291018316,-21.1847830166371,-134.326744158257,-4.77339419809869,1.8049024897482,-69.2331373688576,61.7565752745722
-79.0345716962693,67.89277135476,-36.3399753257254,-139.545632261477,-0.434138750977581,7.35777417261852,-93.2465155037789,83.9201427746302
19.4110983433638,84.3363842597391,-61.0862958846665,-77.3442793097747,-10.3755713957944,4.00002505854354,364.193646120373,19.9601888876932
-90.4646472932654,92.3527917434112,-35.8991932456011,-111.545400648552,-0.588344518720987,6.46820391318761,517.521629128722,31.4105572039298
-27.0783015718553,124.389892065945,-67.7869283182663,-109.030880154241,-5.09234583541547,7.23275569995894,701.769249387129,-38.5088995225087
-0.471910198728438,70.7417661500913,-39.6281550430504,-88.1099264697004,-16.3141827130319,3.19117071856454,523.225761496869,65.3655639299541
-160.591460611337,151.285773706935,-43.0982567089741,-196.078079097701,-0.122967760646134,3.63396846875548,1261.46466605658,-11.9556090490005
-56.1512498012453,140.930198174887,-47.9834715379984,-109.395891741678,-6.89674108318286,6.35350500962022,366.05521044886,17.4005836166616
-82.9650162211037,144.738014273651,-32.600981894604,-122.33156305967,-11.3551349813424,2.00752575595106,417.651245849309,112.030058990029
-0.1624964605071,49.0301163893637,-50.1558577287724,-80.2678475361499,-2.63641606589954,4.52470956521574,368.57712364645,-51.8460362068727
-153.995577509737,114.307265037569,-41.410690040153,-106.256753379508,-2.13056839512137,9.63141646546137,1371.77102140198,-43.6228776368371
15.3342014119626,114.580929657968,-76.9515155786066,-91.6126911035972,-0.397363645068253,6.23135003443167,555.342503656844,-45.4274064719611
-82.6853021212009,194.355175882563,-48.2591593803518,-203.705585742937,3.5586093946913,1.07418399186281,277.576054235557,14.4429767178517
-103.388819903164,75.6483312199707,-56.4712942472008,-66.1114108856855,3.64103617343062,6.97345056050108,283.592059802118,34.1389241694269
-80.5276096297748,96.1156197049713,-40.4630840667814,-54.8753364382574,-1.59749059269234,-0.427226979882107,138.908070748206,71.7942635620711
90.290108925823,137.848174365456,-82.1942724343971,-272.690312283092,-23.1118099372252,3.0499934910622,156.238640404103,45.5875696538642
-124.259406292505,75.8072947874025,-69.0670287902612,-86.8188507517189,5.44857932384184,7.04880351778775,704.685303933034,-76.4079338118318
-79.4711494256044,91.2240547243855,-55.2764490380796,-171.701250584691,8.03716867818366,6.38324228736019,337.416152460792,-94.4619555097888
-184.725771492973,163.493114615094,-3.43342568466323,-135.236452734331,20.9943416491296,2.89582598699781,666.666786914939,18.0942928567092
-282.154832718923,104.118308983958,-43.817472078561,-105.04570859675,32.8394261532667,3.96147412828577,1101.14869619152,-118.789864687395
-212.518755782985,142.568074523588,-44.8561247738253,-205.007752362886,1.61814519786276,3.37120354376384,631.283838103176,-72.8438721391576
211.362799151175,42.3163337916776,-74.3753788509202,-193.381288468081,13.4927808518041,4.15647034587892,649.769369103451,-112.172478356679
167.906558200251,68.391069534875,-77.6213444887253,-156.571652664596,5.86007594440889,4.76409993112611,-20.4978486603359,-101.145156101556
-76.4159024093533,3.32148948035092,-43.5532554236634,-89.1968557529945,12.348148669611,2.19091803472838,677.118696537538,-99.7731949587542
-9.73950218223763,83.9479862280132,-56.8266345843404,-38.4362273053921,10.3076315580256,2.94304910645178,166.146830429756,-72.3223452741804
-27.526219823485,124.090153508121,-60.02634058895,-150.907115399939,4.95331182949303,5.10132478499145,730.481347839127,-28.5866625993294
-124.895338753369,89.7998981798737,-54.465554219576,-116.332910885678,12.5007705794415,4.63191624979663,452.305193022661,-9.06062482536072
-105.753742544417,104.974365926086,-64.3633835000946,-119.368242498633,20.9284345714113,4.9373879727209,-476.938865473407,-136.314574958902
40.3847986522815,153.056263073733,-63.4487481527249,-140.159753887099,-5.84148719065706,4.18168980282735,915.343127805958,-26.07926415783
79.9152640637476,179.725781695597,-48.899690810329,-138.443341375343,-2.27019653408206,6.01350042966806,688.839400550929,-46.8909023712513
2.54497278475901,88.67567650879,-86.1641597492144,-120.613024424274,-7.51737757085357,5.43501382217801,461.590480909159,-40.3330126633882
-49.55694621148,126.301790359663,-47.500252090452,-119.632180588786,-11.600282667292,9.89407739287708,232.256133120289,-52.4909890725394
-58.9808990615602,62.6808605189726,-52.8022154355895,-186.13344500689,4.2783510775771,9.47449604265421,931.542882951031,-119.699537113716
124.729479904585,79.2533910304192,-91.137315011496,-66.9126228278315,-8.58336174377473,2.91446110718243,11.3318860980798,-81.0662665922428
-55.1400607927353,175.904173820833,-51.3740659750401,-218.886945794089,-5.63201145856874,11.3492217118037,652.566950350923,-33.6576570411562
-284.751781859326,156.071108285174,-6.279988456105,-145.151794547011,3.87337895779638,8.43325145688141,359.932067598289,52.2237900884647
64.1930521756149,107.711593704502,-83.2330376188474,-172.422329787049,-11.5000870566873,5.51493424644286,563.025687161055,-19.2065336184241
-143.102775239735,112.338201929364,-16.5369554781937,-197.984946723533,4.11987528816098,1.89428907388356,47.7437513333571,48.0048446022702
-50.7852636294992,147.997653097015,-53.5459855578883,-143.367327092252,-5.13543254938668,3.72527937318227,683.011569646849,36.3446776008932
-175.198021839198,150.173169961075,-38.6164208827104,-136.94191046746,5.63585544942907,5.00317830540007,337.943020396167,37.7953195587324
-158.994265177098,85.1001774848555,-56.218525749897,-66.9693805929455,-3.76389174231736,10.5781910244405,897.55097256368,1.19384640869976
7.79572683407605,89.365203570509,-55.4859588269719,-55.1227292962576,-6.10593826611876,3.08165516260487,132.126380748101,25.4344702219532
-92.0754456402647,129.277966860434,-52.7169081266766,-160.869108181265,-1.19841276342049,8.28193830265809,576.200731583006,-10.2730005504272
42.2700505514804,209.887791331157,-68.1526265896173,-185.556682983035,-12.1046051113008,6.91671530570602,446.178982250392,-41.5514836407674
1.23517225536671,48.0900274795858,-63.4999255587718,-100.419945572852,-7.43014675284212,5.04750302307366,446.25483609864,51.0541011775058
-159.191528255149,148.20943192979,-44.7922108921339,-82.7259786930954,1.54525284183001,8.24254389667476,835.278571749681,-17.7508870577003
-189.848005369597,144.662912699685,-24.5062765892581,-200.354629319627,-13.35795690948,5.49771117681667,638.896590980061,163.887503327991
-69.6702866610431,80.8676653646471,-34.9206038762641,-71.2365157020217,-2.0307292706857,5.30721020209603,411.801426910213,3.88274979930429
-7.07991399263847,136.216729530948,-78.3423877294263,-241.225104211306,-16.5206299256097,3.8846076966729,840.005755186416,88.4597196011164
-27.1141347904922,158.11318398072,-49.8273561500173,-175.188524190242,-7.17694439838124,5.53204889465542,852.579945967882,-38.7636211822246
121.972959683575,61.2216779204136,-106.395695731691,-49.7091740825635,-13.6852184695745,8.39877931948649,886.331642471589,-107.832157542871
-54.8363334897113,94.25614460422,-80.4591306584462,-109.017671386566,-8.40807788367965,5.02278539915551,1076.32150377519,43.1869631754817
78.1239689601207,54.3180519885209,-61.2537762588381,-123.01042279297,-14.0109606372716,4.85072681101155,-356.238678514914,55.4353651621786
-31.907038750287,70.2655625088373,-49.7009538022976,-77.7977317982586,2.1969152334932,7.88093549956102,418.982257280542,-70.2613908133662
-132.182503642121,163.947766397941,-32.4391920930648,-98.155868430229,-1.07257021879195,4.71673915597057,401.392383054408,35.6411040908279
108.344658446062,125.953858272507,-84.2742333340066,-161.99059388368,-2.31209988077171,1.89584253582143,42.7479473603307,-78.8673286661215
117.337827107083,132.358127470884,-98.3505991108823,-163.856059610858,-19.280934337301,2.08203680303268,505.606927970919,-2.67457780396217
-70.7193047741457,126.162642376177,-43.7045519048916,-162.736516700679,1.14532322855007,3.32410187077949,334.394660929131,42.250782616904
-60.8805339249375,128.700192167118,-100.717550665657,-70.3879634109326,-2.08083756354426,3.7201858558401,628.968607146075,6.73668316933617
15.1822526854958,145.86986803227,-83.4927389246591,-61.5615816341597,0.283436758640164,3.73918442244758,552.655148115577,-19.2966403102328
-130.581660325581,76.5474242453201,-56.3228471545663,-61.1032508317148,1.20036220402108,5.9670389906023,698.100261253952,21.889712851058
-43.2295768757176,138.816280949621,-57.6293147820834,-123.60710684277,-4.62498663924634,5.75538259839232,972.467341933458,-57.3247255266469
23.8385449873404,140.938082873516,-58.3254722241982,-126.890196329361,-14.1166864641273,5.4110914231569,432.590625534649,25.8354019749095
-33.3994165467015,96.1805295836602,-58.1264614345855,-87.7514668667136,-2.54275823455828,6.26538615906611,668.776525391386,-64.2380955704721
-30.7615193489255,84.1054793404764,-65.575935574685,-115.343236912726,-5.56053190419334,6.67223676508002,480.368766380765,25.0236512151168
-133.612349006435,98.9743686360089,-29.1874561646873,-59.2626795928081,6.51307568803895,3.25973539733968,558.797866795401,50.9761630365756
-54.2181728810683,1.77218634515884,-50.0666969140875,9.45121808839031,-2.18062095265867,7.62108144582453,284.529265815989,-14.0023389241833
-91.9305475024266,67.8281021263683,-40.8105986677838,-58.6395020222408,-6.50175551022403,6.78486688032081,573.319935325009,54.2207427197573
-44.2982774385964,135.966383491312,-56.8548728699388,-152.501751096279,-14.9876550716726,5.66120469940506,833.444279846153,60.2849877970293
9.94169352901372,101.585668040665,-69.1179417861204,-125.270653325802,-3.36096977989291,4.49798992608703,732.93400127576,-11.4959678128289
-134.045606923321,170.869569847426,-69.5513789560646,-117.522971591286,-0.218671042937785,6.37816740211565,715.679861504526,24.0973129935301
-107.695801000933,150.604158704373,-60.5562966616963,-237.59677877566,1.57267566686642,5.83490020845784,480.633507586294,-10.7035507443215
-73.2603900978866,97.9774423161798,-68.2130680139962,-84.5771367205816,3.4068357773358,6.35483471053885,725.281213762704,-47.2432271011567
119.259429049278,84.1391276710965,-96.6063310359532,-65.6584821776196,-1.39022680837661,4.03614410369482,-221.507614353279,-84.1681039232644
-43.7478900942369,32.5146181580203,-69.0500341496081,-101.224780248758,-1.32913273125814,5.98602296650643,518.160292990506,35.7531653686237
-60.1002461454173,127.73963087962,-55.3286770439299,8.50738554721465,-21.8385289566941,5.92960397459683,486.796089121563,93.1730176315905
-267.682510408886,169.752286531817,-9.80284496894365,-100.486780129475,9.51711352224447,4.66907378149335,1519.47995804076,-46.1471218495863
-94.9482340629911,144.152966558442,-55.4694499671605,-51.0250638982507,-8.57004963536747,6.30052748639719,484.281738692313,48.2012030138139
-147.226302184223,82.147594279726,-38.8241858400288,-123.980749501337,-9.51765374886236,9.95105945106479,376.912064401367,74.1096982716936
-26.4520284826285,84.9538371401723,-85.1011903960307,-98.3221570170717,-2.6353664397393,4.11893586680526,1011.15167604963,-37.2937481403351
-109.189738355608,136.440683564244,-57.5240654257941,-144.068460484254,8.35088658988388,3.90329677130649,847.809008856711,-38.5594609997752
-76.5213578106523,69.4000042201951,-45.713574129375,-69.4700592492509,-7.9480346654309,6.54345456941519,566.17217474019,84.8148730749308
-312.15253236183,110.07970731103,-9.57191760248679,-16.4821118677282,9.87065103536588,6.36888159799855,876.431228276575,59.5694934305575
-21.9292241838994,92.9008593236322,-53.9091187401791,-86.3861727454923,-5.4658997334991,4.06040253646643,447.987971453156,14.0841936750803
-84.624303920602,85.0994116140937,-32.6838626476529,-43.1526436444474,-8.68032724349177,7.04855117973057,141.823587746883,51.5225928842228
36.5399255862103,128.238982348143,-72.1060189278942,-166.949163688929,-6.48667844726879,5.04338763045962,99.8773289529781,-16.3441842278989
-126.147179733292,124.723765459285,-45.5766732505581,-34.742538036764,-4.28497760075697,4.5060883439437,966.905845019582,10.0998286121994
-54.6514167803107,99.280193377941,-34.7669693275093,-90.1194022416748,-4.6045974327717,6.23122610378778,164.881973024225,19.2994684274236
-61.4881800163275,93.3048915287081,-42.7431323305645,-21.4956791010918,-9.98782121475233,5.88238986293436,276.977026866603,67.372406432376
-115.313761793983,171.472007821896,-39.427532348127,-197.619676270391,-1.20346776524093,4.94409272815392,202.829737245076,66.7277278623369
-218.786975600025,149.365619833879,-43.8193289201008,-5.45077501494598,18.8942157168931,3.84393412015925,517.277432613839,-37.1441326718705
-9.82589012173412,63.0592925229139,-54.8389023023337,-36.7459636423955,-0.988071858970216,3.92311785712263,182.550026751065,-27.9656168110669
27.1771279593813,54.8494486451164,-59.6252171125016,-92.3704432564846,-13.0049802547146,5.60161146480823,339.600223954068,40.2362370601404
-236.9409272025,169.811064875888,-37.2943692964764,-165.39573875002,-7.11475674153189,8.24791417046799,2063.52776281025,33.7855451173964
-58.1942921359732,76.0461057921057,-69.5600761170354,-52.5579869414942,4.09827489229792,6.79689749493264,705.856967407759,-34.9975515272708
-133.39622037916,87.4779205619852,-30.7238352879358,-86.1453553449101,2.02297651324989,3.7293275596021,659.459154087876,30.2545658748131
49.1902150093811,122.83039694286,-65.8866385195361,-86.9555977570999,-10.8886775503634,4.2524280892103,474.309241809075,8.10801345242362
-53.353005748635,128.018526116648,-52.1046585077129,-107.275090728468,0.359496446226331,5.08606078580488,463.803266325529,-28.861555967771
-67.229880429004,56.3868502532878,-41.917778042116,-83.4433631004504,4.00218981795479,8.28076916396094,353.8401463966,-26.0838771329709
-104.364363480985,93.9235211803025,-46.1423347919772,-151.289658423209,-10.9950593785179,7.2812121201132,840.409205821867,45.1290140520177
140.532414865041,98.4000098359829,-95.3787244044834,-100.593143492348,-4.63169445173116,7.6995665946888,-40.88478059919,-116.289469945696
-120.345625611968,218.469256992525,-61.702304761533,-180.58112991706,-6.17278836588957,2.43770844026585,352.469056811729,55.3921230552514
-83.7664727956872,85.1073359960428,-54.8814001271367,-51.8509722947783,1.90474806530983,4.43800908720004,786.989788296662,17.7526588991359
13.7133286438338,153.352754073479,-81.0108341069683,-199.743915180821,-18.3885695511672,10.4646004083334,238.261674285954,-13.9065505658364
6.84209387761439,108.672108526225,-82.0984111008875,-185.379687698631,-5.16642381917336,3.24873060343089,395.895773959914,31.3439875854674
-58.6416284839797,125.129731823319,-36.0555298553372,-52.1828695152799,-9.45471298497432,2.65692457489786,273.261668679653,80.3274186660565
-19.323230796319,154.949897813931,-52.4865509767551,-218.511939380347,-0.284946186900925,-0.135342356821639,439.925657006783,44.5278559058643
108.644385913396,109.351921239353,-105.251613184802,-141.6626106275,-6.71634320633893,6.6267301144544,-60.5483498554968,-54.4275974853881
-49.2171760664351,63.0610790540954,-33.3741743464852,-56.7870484215091,-4.12889422329317,1.41731376409007,-103.008982380081,114.476688028932
23.1368777739758,57.2675120452332,-60.8812202208501,-164.339396200507,0.595900341548258,5.08240143331433,527.513165550743,-45.2384899577373
-50.7253571423207,94.5238490879347,-51.6216412429931,-92.4867990071216,-7.18973332665337,1.45371686621365,89.3016036080808,106.627558166816
-25.4682537285407,81.5589137832139,-67.4955734550094,-11.826084442524,0.850072553825157,5.98691513313679,949.328244800825,-84.0594355418289
59.4214128596941,70.8986579458287,-95.8249703375404,-167.262154968528,-1.10748285835143,3.91400542982592,335.823301081851,-4.70097271986742
39.9960807118041,65.4233009754535,-69.4675917444838,-136.029168385459,-2.12790403395775,4.94733028180781,627.013396658585,-39.1228062971786
45.2527810534957,118.865277843404,-66.7347927262017,-216.660193073621,-3.00020989501354,2.98016643534356,327.435977858679,-100.986906861988
-100.062353664063,119.821259029297,-47.2544315784471,-92.1481066562956,1.32914457545849,4.38970865233568,476.23070119321,-35.7478407847229
-71.5329463929593,99.9108920885483,-40.9373160755849,-136.746402199184,2.35769342358253,5.2011467996781,531.567950504934,-136.12849271503
-37.2112569173041,201.612101729756,-32.9717735668819,-261.539785906352,-7.20425029070793,5.8135227302846,586.021509672515,69.6106861818116
-55.1265745580458,119.125875116095,-49.742529810057,-200.324296619881,-8.62223950457701,5.27196128228752,561.570548994103,31.7010435825196
13.3473624029139,140.729610831782,-77.187795167556,-108.844608020197,8.59612607082818,6.36856352328323,646.483504134158,-85.6394355340744
-144.891882906377,43.723241825719,-40.647112114857,-30.4357331749634,-5.00586313896929,4.79070138800671,933.988303094462,61.5980360405083
-178.183824064417,41.9772609610955,-13.6661046755326,-74.3833276310033,4.29966566768235,3.89364359660976,-298.462544525165,70.7450733400619
-634.232984317336,103.948848283078,-22.964631421436,-103.036656868626,30.6296163124234,3.90299479675014,284.698708681331,-74.8340485777226
18.3000971493893,158.525814620429,-70.2562285752792,-103.067180447739,8.69307840989495,6.41247502341866,-353.313501578887,-24.739409947244
-20.2268264949453,150.70019652255,-60.8615951230604,-106.999631329236,-3.32119616682758,5.10809336096281,180.158254991518,78.4373930668735
4.09200998910819,46.9060176217099,-53.6551268028088,-134.062486579773,-11.0528933689639,8.16718960967046,460.012125470108,50.0615845078137
-46.6252057032907,83.4499517891381,-53.028906047999,-136.820161356678,10.2905172180836,1.60772484021436,324.772847862856,-124.827876407919
-52.0264321278955,55.548082743393,-75.5521251352911,-55.3237558625406,-0.192614467567182,4.75047081442608,166.804412343881,27.8669876918866
83.1478142862979,132.257725008181,-71.3473083358404,-134.378851012265,9.73462815381936,0.962495971900353,-225.869380707241,-90.8223391773427
-222.658184961896,128.201901000768,-5.19921000739851,-241.105122180605,4.76004909243784,4.33267613063799,728.961952405685,-22.3062221038854
-212.417323455622,75.5321811152098,-51.9963739180239,-79.8775999796053,-3.93398069336399,10.5111813078838,683.30573969055,-29.7366327866946
-131.081651073007,33.5741470634239,-44.3646642164313,-42.85169241119,-0.371363481346634,5.51439128263155,909.013548556657,-86.0041202070279
-172.978399138574,97.37528005067,-18.0080078792453,-54.2263917788005,8.04514240197022,3.48653408728569,417.417647839888,23.2880493221546
-93.0857419655367,-0.590614961431129,-27.6291000603524,-92.2440517899522,5.48844005131832,4.31791808776325,285.738363868259,30.3783339238871
33.9633163890685,26.8166480903565,-42.5879944776825,-81.9704841717357,-1.24965182691813,3.7773159397475,159.571522714803,-29.5213922548865
