Pagel's Directional Test for MSSB and SDT
--------------------
Both Independent or Dependent

Pagel's binary character correlation test:

Assumes "ARD" substitution model for both characters

Independent model rate matrix:
          0|0       0|1       1|0       1|1
0|0 -0.397789  0.021769  0.376020  0.000000
0|1  0.024582 -0.400602  0.000000  0.376020
1|0  0.691357  0.000000 -0.713126  0.021769
1|1  0.000000  0.691357  0.024582 -0.715939

Dependent (x & y) model rate matrix:
          0|0       0|1       1|0       1|1
0|0 -0.054816  0.000274  0.054542  0.000000
0|1  0.026812 -0.092975  0.000000  0.066163
1|0  0.034817  0.000000 -0.081427  0.046609
1|1  0.000000  0.295436  0.000000 -0.295436

Model fit:
            log-likelihood      AIC
independent      -444.5394 897.0788
dependent        -424.6975 865.3950

Hypothesis test result:
  likelihood-ratio:  39.6838 
  p-value:  5.03168e-08 

Model fitting method used was fitMk 

R thinks one or both likelihood optimizations did not converge.

--------------------
Dependent MSSB

Pagel's binary character correlation test:

Assumes "ARD" substitution model for both characters

Independent model rate matrix:
          0|0       0|1       1|0       1|1
0|0 -0.397789  0.021769  0.376020  0.000000
0|1  0.024582 -0.400602  0.000000  0.376020
1|0  0.691357  0.000000 -0.713126  0.021769
1|1  0.000000  0.691357  0.024582 -0.715939

Dependent (x only) model rate matrix:
          0|0       0|1       1|0       1|1
0|0 -0.490360  0.021906  0.468454  0.000000
0|1  0.024290 -0.184825  0.000000  0.160534
1|0  0.545814  0.000000 -0.567719  0.021906
1|1  0.000000  0.526278  0.024290 -0.550569

Model fit:
            log-likelihood      AIC
independent      -444.5394 897.0788
dependent        -436.0604 884.1207

Hypothesis test result:
  likelihood-ratio:  16.9581 
  p-value:  0.000207779 

Model fitting method used was fitMk 

R thinks one or both likelihood optimizations did not converge.

--------------------
Dependent SDT

Pagel's binary character correlation test:

Assumes "ARD" substitution model for both characters

Independent model rate matrix:
          0|0       0|1       1|0       1|1
0|0 -0.397789  0.021769  0.376020  0.000000
0|1  0.024582 -0.400602  0.000000  0.376020
1|0  0.691357  0.000000 -0.713126  0.021769
1|1  0.000000  0.691357  0.024582 -0.715939

Dependent (y only) model rate matrix:
          0|0       0|1       1|0       1|1
0|0 -0.521887  0.021247  0.500641  0.000000
0|1  0.003952 -0.504592  0.000000  0.500641
1|0  0.930178  0.000000 -0.954836  0.024658
1|1  0.000000  0.930178  0.068442 -0.998620

Model fit:
            log-likelihood      AIC
independent      -444.5394 897.0788
dependent        -444.5447 901.0894

Hypothesis test result:
  likelihood-ratio:  -0.0105792 
  p-value:  1 

Model fitting method used was fitMk 

R thinks one or both likelihood optimizations did not converge.

--------------------
AIC
        independent       dependent SSB       dependent SDT dependent SSB & SDT 
           897.0788            884.1207            901.0894            865.3950 
Weights
        independent       dependent SSB       dependent SDT dependent SSB & SDT 
         0.00000013          0.00008585          0.00000002          0.99991400 
