Pagel's Directional Test for FSSB and RDM
--------------------
Both Independent or Dependent

Pagel's binary character correlation test:

Assumes "ARD" substitution model for both characters

Independent model rate matrix:
          0|0       0|1       1|0       1|1
0|0 -0.040390  0.009189  0.031201  0.000000
0|1  0.047746 -0.078947  0.000000  0.031201
1|0  0.102425  0.000000 -0.111614  0.009189
1|1  0.000000  0.102425  0.047746 -0.150171

Dependent (x & y) model rate matrix:
          0|0       0|1       1|0       1|1
0|0 -0.035397  0.007966  0.027431  0.000000
0|1  0.000000 -0.090168  0.000000  0.090168
1|0  0.189447  0.000000 -0.207163  0.017716
1|1  0.000000  0.044688  0.115418 -0.160106

Model fit:
            log-likelihood      AIC
independent      -382.5608 773.1216
dependent        -367.1620 750.3241

Hypothesis test result:
  likelihood-ratio:  30.7975 
  p-value:  3.36675e-06 

Model fitting method used was fitMk 

R thinks both model optimizations converged.

--------------------
Dependent FSSB

Pagel's binary character correlation test:

Assumes "ARD" substitution model for both characters

Independent model rate matrix:
          0|0       0|1       1|0       1|1
0|0 -0.040390  0.009189  0.031201  0.000000
0|1  0.047746 -0.078947  0.000000  0.031201
1|0  0.102425  0.000000 -0.111614  0.009189
1|1  0.000000  0.102425  0.047746 -0.150171

Dependent (x only) model rate matrix:
          0|0        0|1       1|0        1|1
0|0 -0.021688    0.00861  0.013078    0.00000
0|1  0.048640 -267.67482  0.000000  267.62617
1|0  0.083196    0.00000 -0.091806    0.00861
1|1  0.000000  324.82085  0.048640 -324.86949

Model fit:
            log-likelihood      AIC
independent      -382.5608 773.1216
dependent        -367.2496 746.4991

Hypothesis test result:
  likelihood-ratio:  30.6225 
  p-value:  2.24082e-07 

Model fitting method used was fitMk 

R thinks one or both likelihood optimizations did not converge.

--------------------
Dependent RDM

Pagel's binary character correlation test:

Assumes "ARD" substitution model for both characters

Independent model rate matrix:
          0|0       0|1       1|0       1|1
0|0 -0.040390  0.009189  0.031201  0.000000
0|1  0.047746 -0.078947  0.000000  0.031201
1|0  0.102425  0.000000 -0.111614  0.009189
1|1  0.000000  0.102425  0.047746 -0.150171

Dependent (y only) model rate matrix:
          0|0       0|1       1|0       1|1
0|0 -0.028169  0.002337  0.025832  0.000000
0|1  0.068597 -0.094428  0.000000  0.025832
1|0  0.094086  0.000000 -0.148417  0.054331
1|1  0.000000  0.094086  0.036477 -0.130563

Model fit:
            log-likelihood      AIC
independent      -382.5608 773.1216
dependent        -374.6315 761.2629

Hypothesis test result:
  likelihood-ratio:  15.8587 
  p-value:  0.000360018 

Model fitting method used was fitMk 

R thinks both model optimizations converged.

--------------------
AIC
        independent       dependent SSB       dependent RDM dependent SSB & RDM 
           773.1216            746.4991            761.2629            750.3241 
Weights
        independent       dependent SSB       dependent RDM dependent SSB & RDM 
         0.00000144          0.87082465          0.00054202          0.12863189 
