Pagel's Directional Test for FSSB and SDT
--------------------
Both Independent or Dependent

Pagel's binary character correlation test:

Assumes "ARD" substitution model for both characters

Independent model rate matrix:
          0|0       0|1       1|0       1|1
0|0 -0.041036  0.019624  0.021412  0.000000
0|1  0.020672 -0.042083  0.000000  0.021412
1|0  0.068986  0.000000 -0.088610  0.019624
1|1  0.000000  0.068986  0.020672 -0.089658

Dependent (x & y) model rate matrix:
          0|0       0|1       1|0       1|1
0|0 -0.030332  0.007101  0.023231  0.000000
0|1  0.022643 -0.077687  0.000000  0.055044
1|0  0.016638  0.000000 -0.062056  0.045418
1|1  0.000000  0.320023  0.000000 -0.320023

Model fit:
            log-likelihood      AIC
independent      -402.1655 812.3310
dependent        -387.5470 791.0941

Hypothesis test result:
  likelihood-ratio:  29.2369 
  p-value:  6.99713e-06 

Model fitting method used was fitMk 

R thinks both model optimizations converged.

--------------------
Dependent FSSB

Pagel's binary character correlation test:

Assumes "ARD" substitution model for both characters

Independent model rate matrix:
          0|0       0|1       1|0       1|1
0|0 -0.041036  0.019624  0.021412  0.000000
0|1  0.020672 -0.042083  0.000000  0.021412
1|0  0.068986  0.000000 -0.088610  0.019624
1|1  0.000000  0.068986  0.020672 -0.089658

Dependent (x only) model rate matrix:
          0|0       0|1       1|0       1|1
0|0 -0.040961  0.020394  0.020568  0.000000
0|1  0.019999 -0.056869  0.000000  0.036870
1|0  0.036654  0.000000 -0.057048  0.020394
1|1  0.000000  0.211357  0.019999 -0.231356

Model fit:
            log-likelihood      AIC
independent      -402.1655 812.3310
dependent        -395.7827 803.5654

Hypothesis test result:
  likelihood-ratio:  12.7656 
  p-value:  0.00169035 

Model fitting method used was fitMk 

R thinks both model optimizations converged.

--------------------
Dependent SDT

Pagel's binary character correlation test:

Assumes "ARD" substitution model for both characters

Independent model rate matrix:
          0|0       0|1       1|0       1|1
0|0 -0.041036  0.019624  0.021412  0.000000
0|1  0.020672 -0.042083  0.000000  0.021412
1|0  0.068986  0.000000 -0.088610  0.019624
1|1  0.000000  0.068986  0.020672 -0.089658

Dependent (y only) model rate matrix:
          0|0       0|1       1|0       1|1
0|0 -0.037625  0.016945  0.020680  0.000000
0|1  0.015960 -0.036640  0.000000  0.020680
1|0  0.067490  0.000000 -0.096797  0.029307
1|1  0.000000  0.067490  0.054885 -0.122375

Model fit:
            log-likelihood      AIC
independent      -402.1655 812.3310
dependent        -400.8132 813.6263

Hypothesis test result:
  likelihood-ratio:  2.7047 
  p-value:  0.258631 

Model fitting method used was fitMk 

R thinks both model optimizations converged.

--------------------
AIC
        independent       dependent SSB       dependent SDT dependent SSB & SDT 
           812.3310            803.5654            813.6263            791.0941 
Weights
        independent       dependent SSB       dependent SDT dependent SSB & SDT 
         0.00002441          0.00195446          0.00001277          0.99800835 
