Pagel's Directional Test for FSSB and SDT
--------------------
Both Independent or Dependent

Pagel's binary character correlation test:

Assumes "ARD" substitution model for both characters

Independent model rate matrix:
          0|0       0|1       1|0       1|1
0|0 -0.047793  0.021806  0.025987  0.000000
0|1  0.024573 -0.050560  0.000000  0.025987
1|0  0.084704  0.000000 -0.106510  0.021806
1|1  0.000000  0.084704  0.024573 -0.109277

Dependent (x & y) model rate matrix:
          0|0       0|1       1|0       1|1
0|0 -0.032396  0.004529  0.027867  0.000000
0|1  0.024905 -0.106741  0.000000  0.081836
1|0  0.022075  0.000000 -0.078065  0.055990
1|1  0.000000  0.482284  0.000000 -0.482284

Model fit:
            log-likelihood      AIC
independent      -409.3746 826.7492
dependent        -395.6746 807.3492

Hypothesis test result:
  likelihood-ratio:  27.4 
  p-value:  1.65001e-05 

Model fitting method used was fitMk 

R thinks both model optimizations converged.

--------------------
Dependent FSSB

Pagel's binary character correlation test:

Assumes "ARD" substitution model for both characters

Independent model rate matrix:
          0|0       0|1       1|0       1|1
0|0 -0.047793  0.021806  0.025987  0.000000
0|1  0.024573 -0.050560  0.000000  0.025987
1|0  0.084704  0.000000 -0.106510  0.021806
1|1  0.000000  0.084704  0.024573 -0.109277

Dependent (x only) model rate matrix:
          0|0       0|1       1|0       1|1
0|0 -0.048155  0.022644  0.025511  0.000000
0|1  0.023809 -0.079716  0.000000  0.055907
1|0  0.052854  0.000000 -0.075498  0.022644
1|1  0.000000  0.311869  0.023809 -0.335679

Model fit:
            log-likelihood      AIC
independent      -409.3746 826.7492
dependent        -404.2290 820.4581

Hypothesis test result:
  likelihood-ratio:  10.2911 
  p-value:  0.00582513 

Model fitting method used was fitMk 

R thinks both model optimizations converged.

--------------------
Dependent SDT

Pagel's binary character correlation test:

Assumes "ARD" substitution model for both characters

Independent model rate matrix:
          0|0       0|1       1|0       1|1
0|0 -0.047793  0.021806  0.025987  0.000000
0|1  0.024573 -0.050560  0.000000  0.025987
1|0  0.084704  0.000000 -0.106510  0.021806
1|1  0.000000  0.084704  0.024573 -0.109277

Dependent (y only) model rate matrix:
          0|0       0|1       1|0       1|1
0|0 -0.041992  0.017774  0.024218  0.000000
0|1  0.017914 -0.042132  0.000000  0.024218
1|0  0.082127  0.000000 -0.119515  0.037388
1|1  0.000000  0.082127  0.067146 -0.149273

Model fit:
            log-likelihood      AIC
independent      -409.3746 826.7492
dependent        -407.4020 826.8040

Hypothesis test result:
  likelihood-ratio:  3.94524 
  p-value:  0.139092 

Model fitting method used was fitMk 

R thinks both model optimizations converged.

--------------------
AIC
        independent       dependent SSB       dependent SDT dependent SSB & SDT 
           826.7492            820.4581            826.8040            807.3492 
Weights
        independent       dependent SSB       dependent SDT dependent SSB & SDT 
         0.00006119          0.00142162          0.00005954          0.99845765 
