Pagel's Directional Test for MSSB and SPI
--------------------
Both Independent or Dependent

Pagel's binary character correlation test:

Assumes "ARD" substitution model for both characters

Independent model rate matrix:
          0|0       0|1       1|0       1|1
0|0 -0.041775  0.008114  0.033661  0.000000
0|1  0.034194 -0.067856  0.000000  0.033661
1|0  0.066543  0.000000 -0.074656  0.008114
1|1  0.000000  0.066543  0.034194 -0.100737

Dependent (x & y) model rate matrix:
          0|0       0|1       1|0       1|1
0|0 -0.046770  0.009362  0.037408  0.000000
0|1  0.036834 -0.051855  0.000000  0.015021
1|0  0.068012  0.000000 -0.074093  0.006081
1|1  0.000000  0.052540  0.032350 -0.084890

Model fit:
            log-likelihood      AIC
independent      -363.2302 734.4604
dependent        -361.9456 739.8912

Hypothesis test result:
  likelihood-ratio:  2.56916 
  p-value:  0.632296 

Model fitting method used was fitMk 

--------------------
Dependent MSSB

Pagel's binary character correlation test:

Assumes "ARD" substitution model for both characters

Independent model rate matrix:
          0|0       0|1       1|0       1|1
0|0 -0.041775  0.008114  0.033661  0.000000
0|1  0.034194 -0.067856  0.000000  0.033661
1|0  0.066543  0.000000 -0.074656  0.008114
1|1  0.000000  0.066543  0.034194 -0.100737

Dependent (x only) model rate matrix:
          0|0       0|1       1|0       1|1
0|0 -0.046161  0.008127  0.038035  0.000000
0|1  0.035050 -0.048834  0.000000  0.013784
1|0  0.068539  0.000000 -0.076666  0.008127
1|1  0.000000  0.053316  0.035050 -0.088366

Model fit:
            log-likelihood      AIC
independent      -363.2302 734.4604
dependent        -362.1256 736.2513

Hypothesis test result:
  likelihood-ratio:  2.20908 
  p-value:  0.331363 

Model fitting method used was fitMk 

--------------------
Dependent SPI

Pagel's binary character correlation test:

Assumes "ARD" substitution model for both characters

Independent model rate matrix:
          0|0       0|1       1|0       1|1
0|0 -0.041775  0.008114  0.033661  0.000000
0|1  0.034194 -0.067856  0.000000  0.033661
1|0  0.066543  0.000000 -0.074656  0.008114
1|1  0.000000  0.066543  0.034194 -0.100737

Dependent (y only) model rate matrix:
          0|0       0|1       1|0       1|1
0|0 -0.042885  0.009876  0.033008  0.000000
0|1  0.032112 -0.065120  0.000000  0.033008
1|0  0.065073  0.000000 -0.069741  0.004668
1|1  0.000000  0.065073  0.038863 -0.103936

Model fit:
            log-likelihood      AIC
independent      -363.2302 734.4604
dependent        -362.6747 737.3494

Hypothesis test result:
  likelihood-ratio:  1.11093 
  p-value:  0.573807 

Model fitting method used was fitMk 

--------------------
AIC
        independent       dependent SSB       dependent SPI dependent SSB & SPI 
           734.4604            736.2513            737.3494            739.8912 
Weights
        independent       dependent SSB       dependent SPI dependent SSB & SPI 
         0.58464058          0.23877902          0.13789056          0.03868984 
