Pagel's Directional Test for FSSB and RDM
--------------------
Both Independent or Dependent

Pagel's binary character correlation test:

Assumes "ARD" substitution model for both characters

Independent model rate matrix:
          0|0       0|1       1|0       1|1
0|0 -0.037815  0.009461  0.028355  0.000000
0|1  0.051486 -0.079841  0.000000  0.028355
1|0  0.093069  0.000000 -0.102530  0.009461
1|1  0.000000  0.093069  0.051486 -0.144555

Dependent (x & y) model rate matrix:
          0|0       0|1       1|0       1|1
0|0 -0.021802  0.000000  0.021802  0.000000
0|1  0.000000 -0.741557  0.000000  0.741557
1|0  0.136843  0.000000 -0.222093  0.085251
1|1  0.000000  1.017258  0.145186 -1.162444

Model fit:
            log-likelihood      AIC
independent      -377.0161 762.0322
dependent        -358.0038 732.0076

Hypothesis test result:
  likelihood-ratio:  38.0245 
  p-value:  1.10758e-07 

Model fitting method used was fitMk 

R thinks both model optimizations converged.

--------------------
Dependent FSSB

Pagel's binary character correlation test:

Assumes "ARD" substitution model for both characters

Independent model rate matrix:
          0|0       0|1       1|0       1|1
0|0 -0.037815  0.009461  0.028355  0.000000
0|1  0.051486 -0.079841  0.000000  0.028355
1|0  0.093069  0.000000 -0.102530  0.009461
1|1  0.000000  0.093069  0.051486 -0.144555

Dependent (x only) model rate matrix:
          0|0       0|1       1|0       1|1
0|0 -0.021323  0.008985  0.012338  0.000000
0|1  0.049927 -0.194312  0.000000  0.144385
1|0  0.071915  0.000000 -0.080899  0.008985
1|1  0.000000  0.173946  0.049927 -0.223873

Model fit:
            log-likelihood      AIC
independent      -377.0161 762.0322
dependent        -364.3555 740.7109

Hypothesis test result:
  likelihood-ratio:  25.3212 
  p-value:  3.17369e-06 

Model fitting method used was fitMk 

R thinks one or both likelihood optimizations did not converge.

--------------------
Dependent RDM

Pagel's binary character correlation test:

Assumes "ARD" substitution model for both characters

Independent model rate matrix:
          0|0       0|1       1|0       1|1
0|0 -0.037815  0.009461  0.028355  0.000000
0|1  0.051486 -0.079841  0.000000  0.028355
1|0  0.093069  0.000000 -0.102530  0.009461
1|1  0.000000  0.093069  0.051486 -0.144555

Dependent (y only) model rate matrix:
          0|0       0|1       1|0       1|1
0|0 -0.031032  0.000335  0.030698  0.000000
0|1  0.064184 -0.094881  0.000000  0.030698
1|0  0.107588  0.000000 -0.173755  0.066167
1|1  0.000000  0.107588  0.055300 -0.162888

Model fit:
            log-likelihood      AIC
independent      -377.0161 762.0322
dependent        -370.0141 752.0281

Hypothesis test result:
  likelihood-ratio:  14.004 
  p-value:  0.000910055 

Model fitting method used was fitMk 

R thinks both model optimizations converged.

--------------------
AIC
        independent       dependent SSB       dependent RDM dependent SSB & RDM 
           762.0322            740.7109            752.0281            732.0076 
Weights
        independent       dependent SSB       dependent RDM dependent SSB & RDM 
         0.00000030          0.01272105          0.00004436          0.98723428 
