Pagel's Directional Test for SSB and RDM
--------------------
Both Independent or Dependent

Pagel's binary character correlation test:

Assumes "ARD" substitution model for both characters

Independent model rate matrix:
          0|0       0|1       1|0       1|1
0|0 -0.050349  0.009887  0.040462  0.000000
0|1  0.047743 -0.088205  0.000000  0.040462
1|0  0.069890  0.000000 -0.079777  0.009887
1|1  0.000000  0.069890  0.047743 -0.117633

Dependent (x & y) model rate matrix:
          0|0       0|1       1|0       1|1
0|0 -0.071345  0.008795  0.062550  0.000000
0|1  0.000000 -0.107709  0.000000  0.107709
1|0  0.183257  0.000000 -0.197488  0.014231
1|1  0.000000  0.029190  0.096060 -0.125250

Model fit:
            log-likelihood      AIC
independent      -414.2581 836.5162
dependent        -399.2264 814.4529

Hypothesis test result:
  likelihood-ratio:  30.0633 
  p-value:  4.75134e-06 

Model fitting method used was fitMk 

R thinks both model optimizations converged.

--------------------
Dependent SSB

Pagel's binary character correlation test:

Assumes "ARD" substitution model for both characters

Independent model rate matrix:
          0|0       0|1       1|0       1|1
0|0 -0.050349  0.009887  0.040462  0.000000
0|1  0.047743 -0.088205  0.000000  0.040462
1|0  0.069890  0.000000 -0.079777  0.009887
1|1  0.000000  0.069890  0.047743 -0.117633

Dependent (x only) model rate matrix:
          0|0       0|1       1|0       1|1
0|0 -0.069084  0.009877  0.059207  0.000000
0|1  0.048046 -0.125145  0.000000  0.077099
1|0  0.152768  0.000000 -0.162645  0.009877
1|1  0.000000  0.032475  0.048046 -0.080521

Model fit:
            log-likelihood      AIC
independent      -414.2581 836.5162
dependent        -403.3748 818.7497

Hypothesis test result:
  likelihood-ratio:  21.7665 
  p-value:  1.87701e-05 

Model fitting method used was fitMk 

R thinks both model optimizations converged.

--------------------
Dependent RDM

Pagel's binary character correlation test:

Assumes "ARD" substitution model for both characters

Independent model rate matrix:
          0|0       0|1       1|0       1|1
0|0 -0.050349  0.009887  0.040462  0.000000
0|1  0.047743 -0.088205  0.000000  0.040462
1|0  0.069890  0.000000 -0.079777  0.009887
1|1  0.000000  0.069890  0.047743 -0.117633

Dependent (y only) model rate matrix:
          0|0       0|1       1|0       1|1
0|0 -0.041046  0.004238  0.036808  0.000000
0|1  0.082311 -0.119119  0.000000  0.036808
1|0  0.068422  0.000000 -0.101144  0.032722
1|1  0.000000  0.068422  0.031432 -0.099854

Model fit:
            log-likelihood      AIC
independent      -414.2581 836.5162
dependent        -408.4366 828.8731

Hypothesis test result:
  likelihood-ratio:  11.6431 
  p-value:  0.00296308 

Model fitting method used was fitMk 

R thinks both model optimizations converged.

--------------------
AIC
        independent       dependent SSB       dependent RDM dependent SSB & RDM 
           836.5162            818.7497            828.8731            814.4529 
Weights
        independent       dependent SSB       dependent RDM dependent SSB & RDM 
         0.00001448          0.10440983          0.00066140          0.89491429 
