Pagel's Directional Test for MSSB and RDM
--------------------
Both Independent or Dependent

Pagel's binary character correlation test:

Assumes "ARD" substitution model for both characters

Independent model rate matrix:
          0|0       0|1       1|0       1|1
0|0 -0.052184  0.009887  0.042296  0.000000
0|1  0.047743 -0.090040  0.000000  0.042296
1|0  0.085170  0.000000 -0.095058  0.009887
1|1  0.000000  0.085170  0.047743 -0.132913

Dependent (x & y) model rate matrix:
          0|0       0|1       1|0       1|1
0|0 -0.084544  0.009472  0.075072  0.000000
0|1  0.000000 -0.110887  0.000000  0.110887
1|0  0.249661  0.000000 -0.261699  0.012038
1|1  0.000000  0.037827  0.099323 -0.137150

Model fit:
            log-likelihood      AIC
independent      -411.0007 830.0015
dependent        -398.0361 812.0721

Hypothesis test result:
  likelihood-ratio:  25.9294 
  p-value:  3.26994e-05 

Model fitting method used was fitMk 

R thinks both model optimizations converged.

--------------------
Dependent MSSB

Pagel's binary character correlation test:

Assumes "ARD" substitution model for both characters

Independent model rate matrix:
          0|0       0|1       1|0       1|1
0|0 -0.052184  0.009887  0.042296  0.000000
0|1  0.047743 -0.090040  0.000000  0.042296
1|0  0.085170  0.000000 -0.095058  0.009887
1|1  0.000000  0.085170  0.047743 -0.132913

Dependent (x only) model rate matrix:
          0|0       0|1       1|0       1|1
0|0 -0.060780  0.009811  0.050969  0.000000
0|1  0.047352 -0.208894  0.000000  0.161542
1|0  0.153572  0.000000 -0.163383  0.009811
1|1  0.000000  0.114548  0.047352 -0.161900

Model fit:
            log-likelihood      AIC
independent      -411.0007 830.0015
dependent        -400.9770 813.9539

Hypothesis test result:
  likelihood-ratio:  20.0476 
  p-value:  4.43331e-05 

Model fitting method used was fitMk 

R thinks both model optimizations converged.

--------------------
Dependent RDM

Pagel's binary character correlation test:

Assumes "ARD" substitution model for both characters

Independent model rate matrix:
          0|0       0|1       1|0       1|1
0|0 -0.052184  0.009887  0.042296  0.000000
0|1  0.047743 -0.090040  0.000000  0.042296
1|0  0.085170  0.000000 -0.095058  0.009887
1|1  0.000000  0.085170  0.047743 -0.132913

Dependent (y only) model rate matrix:
          0|0       0|1       1|0       1|1
0|0 -0.042166  0.004040  0.038126  0.000000
0|1  0.091744 -0.129870  0.000000  0.038126
1|0  0.083579  0.000000 -0.119017  0.035439
1|1  0.000000  0.083579  0.020878 -0.104457

Model fit:
            log-likelihood      AIC
independent      -411.0007 830.0015
dependent        -404.5193 821.0386

Hypothesis test result:
  likelihood-ratio:  12.9629 
  p-value:  0.0015316 

Model fitting method used was fitMk 

R thinks both model optimizations converged.

--------------------
AIC
        independent       dependent SSB       dependent RDM dependent SSB & RDM 
           830.0015            813.9539            821.0386            812.0721 
Weights
        independent       dependent SSB       dependent RDM dependent SSB & RDM 
         0.00009121          0.27842926          0.00805929          0.71342024 
