Pagel's Directional Test for MSSB and NAC
--------------------
Both Independent or Dependent

Pagel's binary character correlation test:

Assumes "ARD" substitution model for both characters

Independent model rate matrix:
          0|0       0|1       1|0       1|1
0|0 -0.060302  0.016105  0.044196  0.000000
0|1  0.043055 -0.087252  0.000000  0.044196
1|0  0.092236  0.000000 -0.108341  0.016105
1|1  0.000000  0.092236  0.043055 -0.135291

Dependent (x & y) model rate matrix:
          0|0       0|1       1|0       1|1
0|0 -0.038820  0.002783  0.036037  0.000000
0|1  0.070691 -0.142147  0.000000  0.071456
1|0  0.045972  0.000000 -0.100802  0.054830
1|1  0.000000  0.172202  0.000000 -0.172202

Model fit:
            log-likelihood      AIC
independent      -428.7617 865.5234
dependent        -422.4359 860.8719

Hypothesis test result:
  likelihood-ratio:  12.6516 
  p-value:  0.0131099 

Model fitting method used was fitMk 

R thinks one or both likelihood optimizations did not converge.

--------------------
Dependent MSSB

Pagel's binary character correlation test:

Assumes "ARD" substitution model for both characters

Independent model rate matrix:
          0|0       0|1       1|0       1|1
0|0 -0.060302  0.016105  0.044196  0.000000
0|1  0.043055 -0.087252  0.000000  0.044196
1|0  0.092236  0.000000 -0.108341  0.016105
1|1  0.000000  0.092236  0.043055 -0.135291

Dependent (x only) model rate matrix:
          0|0       0|1       1|0       1|1
0|0 -0.059256  0.015763  0.043493  0.000000
0|1  0.045675 -0.086011  0.000000  0.040335
1|0  0.125204  0.000000 -0.140967  0.015763
1|1  0.000000  0.041990  0.045675 -0.087665

Model fit:
            log-likelihood      AIC
independent      -428.7617 865.5234
dependent        -424.6626 861.3253

Hypothesis test result:
  likelihood-ratio:  8.19815 
  p-value:  0.016588 

Model fitting method used was fitMk 

R thinks one or both likelihood optimizations did not converge.

--------------------
Dependent NAC

Pagel's binary character correlation test:

Assumes "ARD" substitution model for both characters

Independent model rate matrix:
          0|0       0|1       1|0       1|1
0|0 -0.060302  0.016105  0.044196  0.000000
0|1  0.043055 -0.087252  0.000000  0.044196
1|0  0.092236  0.000000 -0.108341  0.016105
1|1  0.000000  0.092236  0.043055 -0.135291

Dependent (y only) model rate matrix:
          0|0       0|1       1|0       1|1
0|0 -0.064720  0.004393  0.060327  0.000000
0|1  0.053099 -0.113425  0.000000  0.060327
1|0  0.125644  0.000000 -0.172000  0.046357
1|1  0.000000  0.125644  0.025782 -0.151425

Model fit:
            log-likelihood      AIC
independent      -428.7617 865.5234
dependent        -424.5373 861.0746

Hypothesis test result:
  likelihood-ratio:  8.44883 
  p-value:  0.0146339 

Model fitting method used was fitMk 

R thinks one or both likelihood optimizations did not converge.

--------------------
AIC
        independent       dependent SSB       dependent NAC dependent SSB & NAC 
           865.5234            861.3253            861.0746            860.8719 
Weights
        independent       dependent SSB       dependent NAC dependent SSB & NAC 
         0.03491445          0.28485345          0.32289189          0.35734021 
