Pagel's Directional Test for FSSB and TSP
--------------------
Both Independent or Dependent

Pagel's binary character correlation test:

Assumes "ARD" substitution model for both characters

Independent model rate matrix:
          0|0       0|1       1|0       1|1
0|0 -0.034667  0.003765  0.030902  0.000000
0|1  0.007281 -0.038183  0.000000  0.030902
1|0  0.102312  0.000000 -0.106077  0.003765
1|1  0.000000  0.102312  0.007281 -0.109593

Dependent (x & y) model rate matrix:
          0|0       0|1       1|0       1|1
0|0 -0.297497  0.004479  0.293018  0.000000
0|1  0.000000 -0.044874  0.000000  0.044874
1|0  1.620702  0.000000 -1.620702  0.000000
1|1  0.000000  0.083213  0.021690 -0.104903

Model fit:
            log-likelihood      AIC
independent      -320.0701 648.1401
dependent        -309.5798 635.1597

Hypothesis test result:
  likelihood-ratio:  20.9805 
  p-value:  0.000319502 

Model fitting method used was fitMk 

R thinks both model optimizations converged.

--------------------
Dependent FSSB

Pagel's binary character correlation test:

Assumes "ARD" substitution model for both characters

Independent model rate matrix:
          0|0       0|1       1|0       1|1
0|0 -0.034667  0.003765  0.030902  0.000000
0|1  0.007281 -0.038183  0.000000  0.030902
1|0  0.102312  0.000000 -0.106077  0.003765
1|1  0.000000  0.102312  0.007281 -0.109593

Dependent (x only) model rate matrix:
          0|0       0|1       1|0       1|1
0|0 -0.263946  0.003815  0.260131  0.000000
0|1  0.007278 -0.054433  0.000000  0.047154
1|0  1.448838  0.000000 -1.452653  0.003815
1|1  0.000000  0.099414  0.007278 -0.106692

Model fit:
            log-likelihood      AIC
independent      -320.0701 648.1401
dependent        -312.5514 637.1029

Hypothesis test result:
  likelihood-ratio:  15.0373 
  p-value:  0.00054287 

Model fitting method used was fitMk 

R thinks both model optimizations converged.

--------------------
Dependent TSP

Pagel's binary character correlation test:

Assumes "ARD" substitution model for both characters

Independent model rate matrix:
          0|0       0|1       1|0       1|1
0|0 -0.034667  0.003765  0.030902  0.000000
0|1  0.007281 -0.038183  0.000000  0.030902
1|0  0.102312  0.000000 -0.106077  0.003765
1|1  0.000000  0.102312  0.007281 -0.109593

Dependent (y only) model rate matrix:
          0|0       0|1       1|0       1|1
0|0 -0.033828  0.004494  0.029334  0.000000
0|1  0.005731 -0.035065  0.000000  0.029334
1|0  0.096943  0.000000 -0.096943  0.000000
1|1  0.000000  0.096943  0.010881 -0.107824

Model fit:
            log-likelihood      AIC
independent      -320.0701 648.1401
dependent        -319.8046 651.6092

Hypothesis test result:
  likelihood-ratio:  0.530963 
  p-value:  0.766837 

Model fitting method used was fitMk 

R thinks one or both likelihood optimizations did not converge.

--------------------
AIC
        independent       dependent SSB       dependent TSP dependent SSB & TSP 
           648.1401            637.1029            651.6092            635.1597 
Weights
        independent       dependent SSB       dependent TSP dependent SSB & TSP 
         0.00109992          0.27420555          0.00019412          0.72450041 
