Pagel's Directional Test for SSB and NAC
--------------------
Both Independent or Dependent

Pagel's binary character correlation test:

Assumes "ARD" substitution model for both characters

Independent model rate matrix:
          0|0       0|1       1|0       1|1
0|0 -0.053175  0.017024  0.036151  0.000000
0|1  0.044422 -0.080573  0.000000  0.036151
1|0  0.061848  0.000000 -0.078872  0.017024
1|1  0.000000  0.061848  0.044422 -0.106270

Dependent (x & y) model rate matrix:
          0|0       0|1       1|0       1|1
0|0 -0.038006  0.004358  0.033648  0.000000
0|1  0.089700 -0.154486  0.000000  0.064786
1|0  0.013179  0.000000 -0.073078  0.059898
1|1  0.000000  0.171056  0.000000 -0.171056

Model fit:
            log-likelihood      AIC
independent      -434.0390 876.0779
dependent        -426.8687 869.7375

Hypothesis test result:
  likelihood-ratio:  14.3404 
  p-value:  0.00628417 

Model fitting method used was fitMk 

R thinks both model optimizations converged.

--------------------
Dependent SSB

Pagel's binary character correlation test:

Assumes "ARD" substitution model for both characters

Independent model rate matrix:
          0|0       0|1       1|0       1|1
0|0 -0.053175  0.017024  0.036151  0.000000
0|1  0.044422 -0.080573  0.000000  0.036151
1|0  0.061848  0.000000 -0.078872  0.017024
1|1  0.000000  0.061848  0.044422 -0.106270

Dependent (x only) model rate matrix:
          0|0       0|1       1|0       1|1
0|0 -0.056100  0.017121  0.038978  0.000000
0|1  0.046518 -0.091176  0.000000  0.044658
1|0  0.087306  0.000000 -0.104427  0.017121
1|1  0.000000  0.043594  0.046518 -0.090113

Model fit:
            log-likelihood      AIC
independent      -434.0390 876.0779
dependent        -432.2596 876.5192

Hypothesis test result:
  likelihood-ratio:  3.55873 
  p-value:  0.168745 

Model fitting method used was fitMk 

R thinks both model optimizations converged.

--------------------
Dependent NAC

Pagel's binary character correlation test:

Assumes "ARD" substitution model for both characters

Independent model rate matrix:
          0|0       0|1       1|0       1|1
0|0 -0.053175  0.017024  0.036151  0.000000
0|1  0.044422 -0.080573  0.000000  0.036151
1|0  0.061848  0.000000 -0.078872  0.017024
1|1  0.000000  0.061848  0.044422 -0.106270

Dependent (y only) model rate matrix:
          0|0       0|1       1|0       1|1
0|0 -0.046426  0.008636  0.037790  0.000000
0|1  0.049189 -0.086979  0.000000  0.037790
1|0  0.066217  0.000000 -0.103807  0.037590
1|1  0.000000  0.066217  0.038588 -0.104805

Model fit:
            log-likelihood      AIC
independent       -434.039 876.0779
dependent         -430.817 873.6340

Hypothesis test result:
  likelihood-ratio:  6.44393 
  p-value:  0.0398767 

Model fitting method used was fitMk 

R thinks both model optimizations converged.

--------------------
AIC
        independent       dependent SSB       dependent NAC dependent SSB & NAC 
           876.0779            876.5192            873.6340            869.7375 
Weights
        independent       dependent SSB       dependent NAC dependent SSB & NAC 
         0.03447264          0.02764744          0.11699474          0.82088517 
