Pagel's Directional Test for SSB and NAC
--------------------
Both Independent or Dependent

Pagel's binary character correlation test:

Assumes "ARD" substitution model for both characters

Independent model rate matrix:
          0|0       0|1       1|0       1|1
0|0 -0.053523  0.016011  0.037512  0.000000
0|1  0.040556 -0.078067  0.000000  0.037512
1|0  0.067189  0.000000 -0.083200  0.016011
1|1  0.000000  0.067189  0.040556 -0.107744

Dependent (x & y) model rate matrix:
          0|0       0|1       1|0       1|1
0|0 -0.039167  0.001279  0.037888  0.000000
0|1  0.085972 -0.121090  0.000000  0.035117
1|0  0.013781  0.000000 -0.078677  0.064896
1|1  0.000000  0.142723  0.000000 -0.142723

Model fit:
            log-likelihood      AIC
independent      -435.2678 878.5357
dependent        -428.4154 872.8309

Hypothesis test result:
  likelihood-ratio:  13.7048 
  p-value:  0.00829939 

Model fitting method used was fitMk 

R thinks both model optimizations converged.

--------------------
Dependent SSB

Pagel's binary character correlation test:

Assumes "ARD" substitution model for both characters

Independent model rate matrix:
          0|0       0|1       1|0       1|1
0|0 -0.053523  0.016011  0.037512  0.000000
0|1  0.040556 -0.078067  0.000000  0.037512
1|0  0.067189  0.000000 -0.083200  0.016011
1|1  0.000000  0.067189  0.040556 -0.107744

Dependent (x only) model rate matrix:
          0|0       0|1       1|0       1|1
0|0 -0.053080  0.015950  0.037130  0.000000
0|1  0.041676 -0.085110  0.000000  0.043435
1|0  0.083198  0.000000 -0.099148  0.015950
1|1  0.000000  0.047488  0.041676 -0.089163

Model fit:
            log-likelihood      AIC
independent      -435.2678 878.5357
dependent        -433.6529 879.3058

Hypothesis test result:
  likelihood-ratio:  3.22987 
  p-value:  0.198904 

Model fitting method used was fitMk 

R thinks both model optimizations converged.

--------------------
Dependent NAC

Pagel's binary character correlation test:

Assumes "ARD" substitution model for both characters

Independent model rate matrix:
          0|0       0|1       1|0       1|1
0|0 -0.053523  0.016011  0.037512  0.000000
0|1  0.040556 -0.078067  0.000000  0.037512
1|0  0.067189  0.000000 -0.083200  0.016011
1|1  0.000000  0.067189  0.040556 -0.107744

Dependent (y only) model rate matrix:
          0|0       0|1       1|0       1|1
0|0 -0.047111  0.008045  0.039066  0.000000
0|1  0.044727 -0.083793  0.000000  0.039066
1|0  0.069922  0.000000 -0.103603  0.033681
1|1  0.000000  0.069922  0.034617 -0.104539

Model fit:
            log-likelihood      AIC
independent      -435.2678 878.5357
dependent        -432.4849 876.9699

Hypothesis test result:
  likelihood-ratio:  5.56578 
  p-value:  0.0618595 

Model fitting method used was fitMk 

R thinks both model optimizations converged.

--------------------
AIC
        independent       dependent SSB       dependent NAC dependent SSB & NAC 
           878.5357            879.3058            876.9699            872.8309 
Weights
        independent       dependent SSB       dependent NAC dependent SSB & NAC 
         0.04717566          0.03209857          0.10321026          0.81751551 
