Pagel's Directional Test for SSB and NAC
--------------------
Both Independent or Dependent

Pagel's binary character correlation test:

Assumes "ARD" substitution model for both characters

Independent model rate matrix:
          0|0       0|1       1|0       1|1
0|0 -0.057845  0.016090  0.041755  0.000000
0|1  0.039466 -0.081220  0.000000  0.041755
1|0  0.072914  0.000000 -0.089004  0.016090
1|1  0.000000  0.072914  0.039466 -0.112380

Dependent (x & y) model rate matrix:
          0|0       0|1       1|0       1|1
0|0 -0.042506  0.002503  0.040003  0.000000
0|1  0.071834 -0.125056  0.000000  0.053223
1|0  0.038660  0.000000 -0.089115  0.050455
1|1  0.000000  0.139971  0.000000 -0.139971

Model fit:
            log-likelihood      AIC
independent      -435.0897 878.1795
dependent        -428.5272 873.0545

Hypothesis test result:
  likelihood-ratio:  13.125 
  p-value:  0.0106809 

Model fitting method used was fitMk 

R thinks both model optimizations converged.

--------------------
Dependent SSB

Pagel's binary character correlation test:

Assumes "ARD" substitution model for both characters

Independent model rate matrix:
          0|0       0|1       1|0       1|1
0|0 -0.057845  0.016090  0.041755  0.000000
0|1  0.039466 -0.081220  0.000000  0.041755
1|0  0.072914  0.000000 -0.089004  0.016090
1|1  0.000000  0.072914  0.039466 -0.112380

Dependent (x only) model rate matrix:
          0|0       0|1       1|0       1|1
0|0 -0.063272  0.015880  0.047392  0.000000
0|1  0.041559 -0.080884  0.000000  0.039325
1|0  0.106355  0.000000 -0.122235  0.015880
1|1  0.000000  0.037446  0.041559 -0.079005

Model fit:
            log-likelihood      AIC
independent      -435.0897 878.1795
dependent        -432.5260 877.0520

Hypothesis test result:
  likelihood-ratio:  5.12748 
  p-value:  0.0770163 

Model fitting method used was fitMk 

R thinks both model optimizations converged.

--------------------
Dependent NAC

Pagel's binary character correlation test:

Assumes "ARD" substitution model for both characters

Independent model rate matrix:
          0|0       0|1       1|0       1|1
0|0 -0.057845  0.016090  0.041755  0.000000
0|1  0.039466 -0.081220  0.000000  0.041755
1|0  0.072914  0.000000 -0.089004  0.016090
1|1  0.000000  0.072914  0.039466 -0.112380

Dependent (y only) model rate matrix:
          0|0       0|1       1|0       1|1
0|0 -0.048842  0.005859  0.042983  0.000000
0|1  0.042627 -0.085609  0.000000  0.042983
1|0  0.076756  0.000000 -0.115862  0.039106
1|1  0.000000  0.076756  0.033598 -0.110355

Model fit:
            log-likelihood      AIC
independent      -435.0897 878.1795
dependent        -430.7314 873.4629

Hypothesis test result:
  likelihood-ratio:  8.71662 
  p-value:  0.0128 

Model fitting method used was fitMk 

R thinks both model optimizations converged.

--------------------
AIC
        independent       dependent SSB       dependent NAC dependent SSB & NAC 
           878.1795            877.0520            873.4629            873.0545 
Weights
        independent       dependent SSB       dependent NAC dependent SSB & NAC 
         0.03802496          0.06681858          0.40204091          0.49311554 
