Pagel's Directional Test for SSB and SDT
--------------------
Both Independent or Dependent

Pagel's binary character correlation test:

Assumes "ARD" substitution model for both characters

Independent model rate matrix:
          0|0       0|1       1|0       1|1
0|0 -0.055811  0.019837  0.035973  0.000000
0|1  0.021349 -0.057323  0.000000  0.035973
1|0  0.062180  0.000000 -0.082017  0.019837
1|1  0.000000  0.062180  0.021349 -0.083529

Dependent (x & y) model rate matrix:
          0|0       0|1       1|0       1|1
0|0 -0.044643  0.000000  0.044643  0.000000
0|1  0.026732 -0.164548  0.000000  0.137816
1|0  0.014670  0.000000 -0.056219  0.041549
1|1  0.000000  0.424357  0.000000 -0.424357

Model fit:
            log-likelihood      AIC
independent      -440.0763 888.1526
dependent        -421.7811 859.5623

Hypothesis test result:
  likelihood-ratio:  36.5903 
  p-value:  2.18758e-07 

Model fitting method used was fitMk 

R thinks both model optimizations converged.

--------------------
Dependent SSB

Pagel's binary character correlation test:

Assumes "ARD" substitution model for both characters

Independent model rate matrix:
          0|0       0|1       1|0       1|1
0|0 -0.055811  0.019837  0.035973  0.000000
0|1  0.021349 -0.057323  0.000000  0.035973
1|0  0.062180  0.000000 -0.082017  0.019837
1|1  0.000000  0.062180  0.021349 -0.083529

Dependent (x only) model rate matrix:
          0|0       0|1       1|0       1|1
0|0 -0.061410  0.020447  0.040963  0.000000
0|1  0.020843 -0.076717  0.000000  0.055874
1|0  0.037630  0.000000 -0.058077  0.020447
1|1  0.000000  0.179879  0.020843 -0.200722

Model fit:
            log-likelihood      AIC
independent      -440.0763 888.1526
dependent        -431.6605 875.3210

Hypothesis test result:
  likelihood-ratio:  16.8315 
  p-value:  0.00022135 

Model fitting method used was fitMk 

R thinks one or both likelihood optimizations did not converge.

--------------------
Dependent SDT

Pagel's binary character correlation test:

Assumes "ARD" substitution model for both characters

Independent model rate matrix:
          0|0       0|1       1|0       1|1
0|0 -0.055811  0.019837  0.035973  0.000000
0|1  0.021349 -0.057323  0.000000  0.035973
1|0  0.062180  0.000000 -0.082017  0.019837
1|1  0.000000  0.062180  0.021349 -0.083529

Dependent (y only) model rate matrix:
          0|0       0|1       1|0       1|1
0|0 -0.083004  0.020564  0.062440  0.000000
0|1  0.016592 -0.079032  0.000000  0.062440
1|0  0.107397  0.000000 -0.127756  0.020359
1|1  0.000000  0.107397  0.039462 -0.146860

Model fit:
            log-likelihood      AIC
independent      -440.0763 888.1526
dependent        -441.3776 894.7552

Hypothesis test result:
  likelihood-ratio:  -2.60267 
  p-value:  1 

Model fitting method used was fitMk 

R thinks one or both likelihood optimizations did not converge.

--------------------
AIC
        independent       dependent SSB       dependent SDT dependent SSB & SDT 
           888.1526            875.3210            894.7552            859.5623 
Weights
        independent       dependent SSB       dependent SDT dependent SSB & SDT 
         0.00000062          0.00037832          0.00000002          0.99962104 
