Pagel's Directional Test for SSB and SDT
--------------------
Both Independent or Dependent

Pagel's binary character correlation test:

Assumes "ARD" substitution model for both characters

Independent model rate matrix:
          0|0       0|1       1|0       1|1
0|0 -0.058273  0.020335  0.037938  0.000000
0|1  0.022012 -0.059950  0.000000  0.037938
1|0  0.068420  0.000000 -0.088755  0.020335
1|1  0.000000  0.068420  0.022012 -0.090431

Dependent (x & y) model rate matrix:
          0|0       0|1       1|0       1|1
0|0 -0.041080  0.000000  0.041080  0.000000
0|1  0.025279 -0.102712  0.000000  0.077432
1|0  0.015145  0.000000 -0.059464  0.044320
1|1  0.000000  0.277894  0.000000 -0.277894

Model fit:
            log-likelihood      AIC
independent      -448.2685 904.5370
dependent        -428.4262 872.8525

Hypothesis test result:
  likelihood-ratio:  39.6845 
  p-value:  5.02999e-08 

Model fitting method used was fitMk 

R thinks both model optimizations converged.

--------------------
Dependent SSB

Pagel's binary character correlation test:

Assumes "ARD" substitution model for both characters

Independent model rate matrix:
          0|0       0|1       1|0       1|1
0|0 -0.058273  0.020335  0.037938  0.000000
0|1  0.022012 -0.059950  0.000000  0.037938
1|0  0.068420  0.000000 -0.088755  0.020335
1|1  0.000000  0.068420  0.022012 -0.090431

Dependent (x only) model rate matrix:
          0|0       0|1       1|0       1|1
0|0 -0.076611  0.021314  0.055297  0.000000
0|1  0.020601 -0.267844  0.000000  0.247243
1|0  0.056193  0.000000 -0.077507  0.021314
1|1  0.000000  0.676800  0.020601 -0.697401

Model fit:
            log-likelihood     AIC
independent      -448.2685 904.537
dependent        -441.0100 894.020

Hypothesis test result:
  likelihood-ratio:  14.517 
  p-value:  0.000704169 

Model fitting method used was fitMk 

R thinks one or both likelihood optimizations did not converge.

--------------------
Dependent SDT

Pagel's binary character correlation test:

Assumes "ARD" substitution model for both characters

Independent model rate matrix:
          0|0       0|1       1|0       1|1
0|0 -0.058273  0.020335  0.037938  0.000000
0|1  0.022012 -0.059950  0.000000  0.037938
1|0  0.068420  0.000000 -0.088755  0.020335
1|1  0.000000  0.068420  0.022012 -0.090431

Dependent (y only) model rate matrix:
          0|0       0|1       1|0       1|1
0|0 -0.053347  0.019234  0.034113  0.000000
0|1  0.012969 -0.047082  0.000000  0.034113
1|0  0.063238  0.000000 -0.091029  0.027791
1|1  0.000000  0.063238  0.062275 -0.125513

Model fit:
            log-likelihood      AIC
independent      -448.2685 904.5370
dependent        -445.2837 902.5674

Hypothesis test result:
  likelihood-ratio:  5.96957 
  p-value:  0.0505504 

Model fitting method used was fitMk 

R thinks both model optimizations converged.

--------------------
AIC
        independent       dependent SSB       dependent SDT dependent SSB & SDT 
           904.5370            894.0200            902.5674            872.8525 
Weights
        independent       dependent SSB       dependent SDT dependent SSB & SDT 
         0.00000013          0.00002532          0.00000035          0.99997419 
