Pagel's Directional Test for SSB and RDM
--------------------
Both Independent or Dependent

Pagel's binary character correlation test:

Assumes "ARD" substitution model for both characters

Independent model rate matrix:
          0|0       0|1       1|0       1|1
0|0 -0.043375  0.008688  0.034687  0.000000
0|1  0.044197 -0.078884  0.000000  0.034687
1|0  0.059610  0.000000 -0.068299  0.008688
1|1  0.000000  0.059610  0.044197 -0.103807

Dependent (x & y) model rate matrix:
          0|0       0|1       1|0       1|1
0|0 -0.059334  0.008261  0.051073  0.000000
0|1  0.000000 -0.089533  0.000000  0.089533
1|0  0.148916  0.000000 -0.160056  0.011140
1|1  0.000000  0.021484  0.083785 -0.105269

Model fit:
            log-likelihood      AIC
independent      -407.0822 822.1644
dependent        -392.2305 800.4610

Hypothesis test result:
  likelihood-ratio:  29.7034 
  p-value:  5.62431e-06 

Model fitting method used was fitMk 

R thinks both model optimizations converged.

--------------------
Dependent SSB

Pagel's binary character correlation test:

Assumes "ARD" substitution model for both characters

Independent model rate matrix:
          0|0       0|1       1|0       1|1
0|0 -0.043375  0.008688  0.034687  0.000000
0|1  0.044197 -0.078884  0.000000  0.034687
1|0  0.059610  0.000000 -0.068299  0.008688
1|1  0.000000  0.059610  0.044197 -0.103807

Dependent (x only) model rate matrix:
          0|0       0|1       1|0       1|1
0|0 -0.047661  0.008669  0.038992  0.000000
0|1  0.044184 -0.113909  0.000000  0.069724
1|0  0.101777  0.000000 -0.110446  0.008669
1|1  0.000000  0.028627  0.044184 -0.072812

Model fit:
            log-likelihood      AIC
independent      -407.0822 822.1644
dependent        -397.0800 806.1599

Hypothesis test result:
  likelihood-ratio:  20.0045 
  p-value:  4.52978e-05 

Model fitting method used was fitMk 

R thinks both model optimizations converged.

--------------------
Dependent RDM

Pagel's binary character correlation test:

Assumes "ARD" substitution model for both characters

Independent model rate matrix:
          0|0       0|1       1|0       1|1
0|0 -0.043375  0.008688  0.034687  0.000000
0|1  0.044197 -0.078884  0.000000  0.034687
1|0  0.059610  0.000000 -0.068299  0.008688
1|1  0.000000  0.059610  0.044197 -0.103807

Dependent (y only) model rate matrix:
          0|0       0|1       1|0       1|1
0|0 -0.036671  0.003902  0.032769  0.000000
0|1  0.076987 -0.109756  0.000000  0.032769
1|0  0.060450  0.000000 -0.090688  0.030238
1|1  0.000000  0.060450  0.029587 -0.090037

Model fit:
            log-likelihood      AIC
independent      -407.0822 822.1644
dependent        -401.5142 815.0284

Hypothesis test result:
  likelihood-ratio:  11.136 
  p-value:  0.00381812 

Model fitting method used was fitMk 

R thinks both model optimizations converged.

--------------------
AIC
        independent       dependent SSB       dependent RDM dependent SSB & RDM 
           822.1644            806.1599            815.0284            800.4610 
Weights
        independent       dependent SSB       dependent RDM dependent SSB & RDM 
         0.00001830          0.05467396          0.00064865          0.94465909 
