Pagel's Directional Test for SSB and RDM
--------------------
Both Independent or Dependent

Pagel's binary character correlation test:

Assumes "ARD" substitution model for both characters

Independent model rate matrix:
          0|0       0|1       1|0       1|1
0|0 -0.048925  0.009915  0.039010  0.000000
0|1  0.047788 -0.086798  0.000000  0.039010
1|0  0.067882  0.000000 -0.077797  0.009915
1|1  0.000000  0.067882  0.047788 -0.115670

Dependent (x & y) model rate matrix:
          0|0       0|1       1|0       1|1
0|0 -0.065956  0.008758  0.057197  0.000000
0|1  0.000000 -0.094003  0.000000  0.094003
1|0  0.162360  0.000000 -0.175651  0.013291
1|1  0.000000  0.023936  0.095575 -0.119511

Model fit:
            log-likelihood      AIC
independent      -408.8798 825.7596
dependent        -396.0804 808.1608

Hypothesis test result:
  likelihood-ratio:  25.5988 
  p-value:  3.81201e-05 

Model fitting method used was fitMk 

R thinks both model optimizations converged.

--------------------
Dependent SSB

Pagel's binary character correlation test:

Assumes "ARD" substitution model for both characters

Independent model rate matrix:
          0|0       0|1       1|0       1|1
0|0 -0.048925  0.009915  0.039010  0.000000
0|1  0.047788 -0.086798  0.000000  0.039010
1|0  0.067882  0.000000 -0.077797  0.009915
1|1  0.000000  0.067882  0.047788 -0.115670

Dependent (x only) model rate matrix:
          0|0       0|1       1|0       1|1
0|0 -0.056697  0.009806  0.046891  0.000000
0|1  0.048806 -0.116128  0.000000  0.067322
1|0  0.118846  0.000000 -0.128652  0.009806
1|1  0.000000  0.030382  0.048806 -0.079189

Model fit:
            log-likelihood      AIC
independent      -408.8798 825.7596
dependent        -399.9555 811.9110

Hypothesis test result:
  likelihood-ratio:  17.8486 
  p-value:  0.000133112 

Model fitting method used was fitMk 

R thinks both model optimizations converged.

--------------------
Dependent RDM

Pagel's binary character correlation test:

Assumes "ARD" substitution model for both characters

Independent model rate matrix:
          0|0       0|1       1|0       1|1
0|0 -0.048925  0.009915  0.039010  0.000000
0|1  0.047788 -0.086798  0.000000  0.039010
1|0  0.067882  0.000000 -0.077797  0.009915
1|1  0.000000  0.067882  0.047788 -0.115670

Dependent (y only) model rate matrix:
          0|0       0|1       1|0       1|1
0|0 -0.040765  0.004665  0.036100  0.000000
0|1  0.068388 -0.104489  0.000000  0.036100
1|0  0.066602  0.000000 -0.097156  0.030554
1|1  0.000000  0.066602  0.038671 -0.105273

Model fit:
            log-likelihood      AIC
independent      -408.8798 825.7596
dependent        -404.4605 820.9209

Hypothesis test result:
  likelihood-ratio:  8.83866 
  p-value:  0.0120423 

Model fitting method used was fitMk 

R thinks both model optimizations converged.

--------------------
AIC
        independent       dependent SSB       dependent RDM dependent SSB & RDM 
           825.7596            811.9110            820.9209            808.1608 
Weights
        independent       dependent SSB       dependent RDM dependent SSB & RDM 
         0.00013056          0.13274333          0.00146730          0.86565880 
