Pagel's Directional Test for SSB and RDM
--------------------
Both Independent or Dependent

Pagel's binary character correlation test:

Assumes "ARD" substitution model for both characters

Independent model rate matrix:
          0|0       0|1       1|0       1|1
0|0 -0.047025  0.009972  0.037052  0.000000
0|1  0.044511 -0.081563  0.000000  0.037052
1|0  0.067629  0.000000 -0.077602  0.009972
1|1  0.000000  0.067629  0.044511 -0.112140

Dependent (x & y) model rate matrix:
          0|0       0|1       1|0       1|1
0|0 -0.068346  0.010257  0.058089  0.000000
0|1  0.003502 -0.082296  0.000000  0.078794
1|0  0.171597  0.000000 -0.185087  0.013489
1|1  0.000000  0.006968  0.096857 -0.103826

Model fit:
            log-likelihood      AIC
independent      -417.0824 842.1648
dependent        -403.7978 823.5956

Hypothesis test result:
  likelihood-ratio:  26.5692 
  p-value:  2.42906e-05 

Model fitting method used was fitMk 

R thinks both model optimizations converged.

--------------------
Dependent SSB

Pagel's binary character correlation test:

Assumes "ARD" substitution model for both characters

Independent model rate matrix:
          0|0       0|1       1|0       1|1
0|0 -0.047025  0.009972  0.037052  0.000000
0|1  0.044511 -0.081563  0.000000  0.037052
1|0  0.067629  0.000000 -0.077602  0.009972
1|1  0.000000  0.067629  0.044511 -0.112140

Dependent (x only) model rate matrix:
          0|0       0|1       1|0       1|1
0|0 -0.055494  0.009764  0.045730  0.000000
0|1  0.046426 -0.118939  0.000000  0.072513
1|0  0.122600  0.000000 -0.132365  0.009764
1|1  0.000000  0.034823  0.046426 -0.081249

Model fit:
            log-likelihood      AIC
independent      -417.0824 842.1648
dependent        -407.4075 826.8150

Hypothesis test result:
  likelihood-ratio:  19.3497 
  p-value:  6.28431e-05 

Model fitting method used was fitMk 

R thinks both model optimizations converged.

--------------------
Dependent RDM

Pagel's binary character correlation test:

Assumes "ARD" substitution model for both characters

Independent model rate matrix:
          0|0       0|1       1|0       1|1
0|0 -0.047025  0.009972  0.037052  0.000000
0|1  0.044511 -0.081563  0.000000  0.037052
1|0  0.067629  0.000000 -0.077602  0.009972
1|1  0.000000  0.067629  0.044511 -0.112140

Dependent (y only) model rate matrix:
          0|0       0|1       1|0       1|1
0|0 -0.039458  0.005301  0.034157  0.000000
0|1  0.078520 -0.112677  0.000000  0.034157
1|0  0.066820  0.000000 -0.098129  0.031310
1|1  0.000000  0.066820  0.023163 -0.089982

Model fit:
            log-likelihood      AIC
independent      -417.0824 842.1648
dependent        -410.7276 833.4552

Hypothesis test result:
  likelihood-ratio:  12.7096 
  p-value:  0.0017384 

Model fitting method used was fitMk 

R thinks both model optimizations converged.

--------------------
AIC
        independent       dependent SSB       dependent RDM dependent SSB & RDM 
           842.1648            826.8150            833.4552            823.5956 
Weights
        independent       dependent SSB       dependent RDM dependent SSB & RDM 
         0.00007690          0.16561528          0.00598697          0.82832084 
