Pagel's Directional Test for SSB and RDM
--------------------
Both Independent or Dependent

Pagel's binary character correlation test:

Assumes "ARD" substitution model for both characters

Independent model rate matrix:
          0|0       0|1       1|0       1|1
0|0 -0.052773  0.009469  0.043304  0.000000
0|1  0.048105 -0.091408  0.000000  0.043304
1|0  0.077032  0.000000 -0.086501  0.009469
1|1  0.000000  0.077032  0.048105 -0.125137

Dependent (x & y) model rate matrix:
          0|0       0|1       1|0       1|1
0|0 -0.077118  0.008655  0.068463  0.000000
0|1  0.000000 -0.078671  0.000000  0.078671
1|0  0.190709  0.000000 -0.204634  0.013924
1|1  0.000000  0.015671  0.089712 -0.105383

Model fit:
            log-likelihood      AIC
independent      -410.7446 829.4891
dependent        -397.9008 811.8016

Hypothesis test result:
  likelihood-ratio:  25.6876 
  p-value:  3.65825e-05 

Model fitting method used was fitMk 

R thinks both model optimizations converged.

--------------------
Dependent SSB

Pagel's binary character correlation test:

Assumes "ARD" substitution model for both characters

Independent model rate matrix:
          0|0       0|1       1|0       1|1
0|0 -0.052773  0.009469  0.043304  0.000000
0|1  0.048105 -0.091408  0.000000  0.043304
1|0  0.077032  0.000000 -0.086501  0.009469
1|1  0.000000  0.077032  0.048105 -0.125137

Dependent (x only) model rate matrix:
          0|0       0|1       1|0       1|1
0|0 -0.068576  0.009550  0.059026  0.000000
0|1  0.048160 -0.106174  0.000000  0.058015
1|0  0.149307  0.000000 -0.158857  0.009550
1|1  0.000000  0.023721  0.048160 -0.071880

Model fit:
            log-likelihood      AIC
independent      -410.7446 829.4891
dependent        -401.0378 814.0756

Hypothesis test result:
  likelihood-ratio:  19.4135 
  p-value:  6.08725e-05 

Model fitting method used was fitMk 

R thinks one or both likelihood optimizations did not converge.

--------------------
Dependent RDM

Pagel's binary character correlation test:

Assumes "ARD" substitution model for both characters

Independent model rate matrix:
          0|0       0|1       1|0       1|1
0|0 -0.052773  0.009469  0.043304  0.000000
0|1  0.048105 -0.091408  0.000000  0.043304
1|0  0.077032  0.000000 -0.086501  0.009469
1|1  0.000000  0.077032  0.048105 -0.125137

Dependent (y only) model rate matrix:
          0|0       0|1       1|0       1|1
0|0 -0.044340  0.002385  0.041955  0.000000
0|1  0.064117 -0.106072  0.000000  0.041955
1|0  0.079303  0.000000 -0.114993  0.035690
1|1  0.000000  0.079303  0.045607 -0.124910

Model fit:
            log-likelihood      AIC
independent      -410.7446 829.4891
dependent        -406.2753 824.5505

Hypothesis test result:
  likelihood-ratio:  8.93858 
  p-value:  0.0114555 

Model fitting method used was fitMk 

R thinks both model optimizations converged.

--------------------
AIC
        independent       dependent SSB       dependent RDM dependent SSB & RDM 
           829.4891            814.0756            824.5505            811.8016 
Weights
        independent       dependent SSB       dependent RDM dependent SSB & RDM 
         0.00010908          0.24252351          0.00128873          0.75607867 
