Pagel's Directional Test for FSSB and NAC
--------------------
Both Independent or Dependent

Pagel's binary character correlation test:

Assumes "ARD" substitution model for both characters

Independent model rate matrix:
          0|0       0|1       1|0       1|1
0|0 -0.037542  0.015386  0.022156  0.000000
0|1  0.041373 -0.063528  0.000000  0.022156
1|0  0.078640  0.000000 -0.094027  0.015386
1|1  0.000000  0.078640  0.041373 -0.120013

Dependent (x & y) model rate matrix:
          0|0       0|1       1|0       1|1
0|0 -0.024448  0.001989  0.022460  0.000000
0|1  0.082678 -0.097785  0.000000  0.015107
1|0  0.013818  0.000000 -0.115685  0.101868
1|1  0.000000  0.139352  0.000000 -0.139352

Model fit:
            log-likelihood      AIC
independent      -396.6012 801.2024
dependent        -381.6113 779.2225

Hypothesis test result:
  likelihood-ratio:  29.9799 
  p-value:  4.94088e-06 

Model fitting method used was fitMk 

R thinks both model optimizations converged.

--------------------
Dependent FSSB

Pagel's binary character correlation test:

Assumes "ARD" substitution model for both characters

Independent model rate matrix:
          0|0       0|1       1|0       1|1
0|0 -0.037542  0.015386  0.022156  0.000000
0|1  0.041373 -0.063528  0.000000  0.022156
1|0  0.078640  0.000000 -0.094027  0.015386
1|1  0.000000  0.078640  0.041373 -0.120013

Dependent (x only) model rate matrix:
          0|0       0|1       1|0       1|1
0|0 -0.037661  0.015049  0.022612  0.000000
0|1  0.044618 -0.087006  0.000000  0.042388
1|0  0.139481  0.000000 -0.154530  0.015049
1|1  0.000000  0.048413  0.044618 -0.093031

Model fit:
            log-likelihood      AIC
independent      -396.6012 801.2024
dependent        -389.0014 790.0028

Hypothesis test result:
  likelihood-ratio:  15.1996 
  p-value:  0.000500544 

Model fitting method used was fitMk 

R thinks both model optimizations converged.

--------------------
Dependent NAC

Pagel's binary character correlation test:

Assumes "ARD" substitution model for both characters

Independent model rate matrix:
          0|0       0|1       1|0       1|1
0|0 -0.037542  0.015386  0.022156  0.000000
0|1  0.041373 -0.063528  0.000000  0.022156
1|0  0.078640  0.000000 -0.094027  0.015386
1|1  0.000000  0.078640  0.041373 -0.120013

Dependent (y only) model rate matrix:
          0|0       0|1       1|0       1|1
0|0 -0.027305  0.005529  0.021776  0.000000
0|1  0.051735 -0.073511  0.000000  0.021776
1|0  0.076964  0.000000 -0.145558  0.068593
1|1  0.000000  0.076964  0.029687 -0.106651

Model fit:
            log-likelihood      AIC
independent      -396.6012 801.2024
dependent        -384.6710 781.3420

Hypothesis test result:
  likelihood-ratio:  23.8604 
  p-value:  6.58842e-06 

Model fitting method used was fitMk 

R thinks both model optimizations converged.

--------------------
AIC
        independent       dependent SSB       dependent NAC dependent SSB & NAC 
           801.2024            790.0028            781.3420            779.2225 
Weights
        independent       dependent SSB       dependent NAC dependent SSB & NAC 
         0.00001249          0.00337604          0.25648944          0.74012204 
