Pagel's Directional Test for MSSB and SDT
--------------------
Both Independent or Dependent

Pagel's binary character correlation test:

Assumes "ARD" substitution model for both characters

Independent model rate matrix:
          0|0       0|1       1|0       1|1
0|0 -0.247327  0.019946  0.227381  0.000000
0|1  0.022367 -0.249748  0.000000  0.227381
1|0  0.428290  0.000000 -0.448236  0.019946
1|1  0.000000  0.428290  0.022367 -0.450658

Dependent (x & y) model rate matrix:
          0|0       0|1       1|0       1|1
0|0 -0.050408  0.000472  0.049936  0.000000
0|1  0.023772 -0.076654  0.000000  0.052882
1|0  0.034355  0.000000 -0.077114  0.042758
1|1  0.000000  0.244490  0.000000 -0.244490

Model fit:
            log-likelihood      AIC
independent      -444.0794 896.1588
dependent        -425.0054 866.0109

Hypothesis test result:
  likelihood-ratio:  38.1479 
  p-value:  1.04453e-07 

Model fitting method used was fitMk 

R thinks one or both likelihood optimizations did not converge.

--------------------
Dependent MSSB

Pagel's binary character correlation test:

Assumes "ARD" substitution model for both characters

Independent model rate matrix:
          0|0       0|1       1|0       1|1
0|0 -0.247327  0.019946  0.227381  0.000000
0|1  0.022367 -0.249748  0.000000  0.227381
1|0  0.428290  0.000000 -0.448236  0.019946
1|1  0.000000  0.428290  0.022367 -0.450658

Dependent (x only) model rate matrix:
          0|0       0|1       1|0       1|1
0|0 -0.199482  0.020060  0.179422  0.000000
0|1  0.021691 -0.102128  0.000000  0.080437
1|0  0.221939  0.000000 -0.241999  0.020060
1|1  0.000000  0.279355  0.021691 -0.301046

Model fit:
            log-likelihood      AIC
independent      -444.0794 896.1588
dependent        -435.4906 882.9812

Hypothesis test result:
  likelihood-ratio:  17.1776 
  p-value:  0.000186179 

Model fitting method used was fitMk 

R thinks one or both likelihood optimizations did not converge.

--------------------
Dependent SDT

Pagel's binary character correlation test:

Assumes "ARD" substitution model for both characters

Independent model rate matrix:
          0|0       0|1       1|0       1|1
0|0 -0.247327  0.019946  0.227381  0.000000
0|1  0.022367 -0.249748  0.000000  0.227381
1|0  0.428290  0.000000 -0.448236  0.019946
1|1  0.000000  0.428290  0.022367 -0.450658

Dependent (y only) model rate matrix:
          0|0       0|1       1|0       1|1
0|0 -0.048483  0.019088  0.029395  0.000000
0|1  0.013687 -0.043082  0.000000  0.029395
1|0  0.060516  0.000000 -0.086532  0.026016
1|1  0.000000  0.060516  0.064030 -0.124546

Model fit:
            log-likelihood      AIC
independent      -444.0794 896.1588
dependent        -434.3682 880.7365

Hypothesis test result:
  likelihood-ratio:  19.4223 
  p-value:  6.06037e-05 

Model fitting method used was fitMk 

R thinks one or both likelihood optimizations did not converge.

--------------------
AIC
        independent       dependent SSB       dependent SDT dependent SSB & SDT 
           896.1588            882.9812            880.7365            866.0109 
Weights
        independent       dependent SSB       dependent SDT dependent SSB & SDT 
         0.00000028          0.00020634          0.00063389          0.99915949 
