Pagel's Directional Test for MSSB and SDT
--------------------
Both Independent or Dependent

Pagel's binary character correlation test:

Assumes "ARD" substitution model for both characters

Independent model rate matrix:
          0|0       0|1       1|0       1|1
0|0 -0.243512  0.019597  0.223915  0.000000
0|1  0.020714 -0.244629  0.000000  0.223915
1|0  0.410607  0.000000 -0.430204  0.019597
1|1  0.000000  0.410607  0.020714 -0.431321

Dependent (x & y) model rate matrix:
          0|0       0|1       1|0       1|1
0|0 -0.054712  0.000353  0.054359  0.000000
0|1  0.022785 -0.058016  0.000000  0.035232
1|0  0.035076  0.000000 -0.074848  0.039772
1|1  0.000000  0.184852  0.000000 -0.184852

Model fit:
            log-likelihood      AIC
independent      -438.6993 885.3985
dependent        -417.8522 851.7044

Hypothesis test result:
  likelihood-ratio:  41.6941 
  p-value:  1.93037e-08 

Model fitting method used was fitMk 

R thinks one or both likelihood optimizations did not converge.

--------------------
Dependent MSSB

Pagel's binary character correlation test:

Assumes "ARD" substitution model for both characters

Independent model rate matrix:
          0|0       0|1       1|0       1|1
0|0 -0.243512  0.019597  0.223915  0.000000
0|1  0.020714 -0.244629  0.000000  0.223915
1|0  0.410607  0.000000 -0.430204  0.019597
1|1  0.000000  0.410607  0.020714 -0.431321

Dependent (x only) model rate matrix:
          0|0       0|1       1|0       1|1
0|0 -0.215376  0.019463  0.195912  0.000000
0|1  0.020142 -0.082666  0.000000  0.062524
1|0  0.230533  0.000000 -0.249996  0.019463
1|1  0.000000  0.231991  0.020142 -0.252133

Model fit:
            log-likelihood      AIC
independent      -438.6993 885.3985
dependent        -428.1755 868.3509

Hypothesis test result:
  likelihood-ratio:  21.0476 
  p-value:  2.68892e-05 

Model fitting method used was fitMk 

R thinks one or both likelihood optimizations did not converge.

--------------------
Dependent SDT

Pagel's binary character correlation test:

Assumes "ARD" substitution model for both characters

Independent model rate matrix:
          0|0       0|1       1|0       1|1
0|0 -0.243512  0.019597  0.223915  0.000000
0|1  0.020714 -0.244629  0.000000  0.223915
1|0  0.410607  0.000000 -0.430204  0.019597
1|1  0.000000  0.410607  0.020714 -0.431321

Dependent (y only) model rate matrix:
          0|0       0|1       1|0       1|1
0|0 -0.050679  0.022243  0.028436  0.000000
0|1  0.014131 -0.042567  0.000000  0.028436
1|0  0.057752  0.000000 -0.080177  0.022426
1|1  0.000000  0.057752  0.062960 -0.120712

Model fit:
            log-likelihood      AIC
independent      -438.6993 885.3985
dependent        -429.3565 870.7130

Hypothesis test result:
  likelihood-ratio:  18.6855 
  p-value:  8.75987e-05 

Model fitting method used was fitMk 

R thinks one or both likelihood optimizations did not converge.

--------------------
AIC
        independent       dependent SSB       dependent SDT dependent SSB & SDT 
           885.3985            868.3509            870.7130            851.7044 
Weights
        independent       dependent SSB       dependent SDT dependent SSB & SDT 
         0.00000005          0.00024273          0.00007451          0.99968271 
