Pagel's Directional Test for MSSB and SDT
--------------------
Both Independent or Dependent

Pagel's binary character correlation test:

Assumes "ARD" substitution model for both characters

Independent model rate matrix:
          0|0       0|1       1|0       1|1
0|0 -0.058275  0.021486  0.036789  0.000000
0|1  0.023079 -0.059868  0.000000  0.036789
1|0  0.076517  0.000000 -0.098003  0.021486
1|1  0.000000  0.076517  0.023079 -0.099596

Dependent (x & y) model rate matrix:
          0|0       0|1       1|0       1|1
0|0 -0.119399  0.000000  0.119399  0.000000
0|1  0.023429 -0.072916  0.000000  0.049487
1|0  0.121278  0.000000 -0.168591  0.047312
1|1  0.000000  0.252192  0.004865 -0.257056

Model fit:
            log-likelihood      AIC
independent      -435.4881 878.9763
dependent        -425.8927 867.7855

Hypothesis test result:
  likelihood-ratio:  19.1908 
  p-value:  0.000720921 

Model fitting method used was fitMk 

R thinks one or both likelihood optimizations did not converge.

--------------------
Dependent MSSB

Pagel's binary character correlation test:

Assumes "ARD" substitution model for both characters

Independent model rate matrix:
          0|0       0|1       1|0       1|1
0|0 -0.058275  0.021486  0.036789  0.000000
0|1  0.023079 -0.059868  0.000000  0.036789
1|0  0.076517  0.000000 -0.098003  0.021486
1|1  0.000000  0.076517  0.023079 -0.099596

Dependent (x only) model rate matrix:
          0|0       0|1       1|0       1|1
0|0 -0.504557  0.021527  0.483030  0.000000
0|1  0.022626 -0.175757  0.000000  0.153130
1|0  0.570406  0.000000 -0.591934  0.021527
1|1  0.000000  0.498598  0.022626 -0.521224

Model fit:
            log-likelihood      AIC
independent      -435.4881 878.9763
dependent        -436.5315 885.0631

Hypothesis test result:
  likelihood-ratio:  -2.08681 
  p-value:  1 

Model fitting method used was fitMk 

R thinks one or both likelihood optimizations did not converge.

--------------------
Dependent SDT

Pagel's binary character correlation test:

Assumes "ARD" substitution model for both characters

Independent model rate matrix:
          0|0       0|1       1|0       1|1
0|0 -0.058275  0.021486  0.036789  0.000000
0|1  0.023079 -0.059868  0.000000  0.036789
1|0  0.076517  0.000000 -0.098003  0.021486
1|1  0.000000  0.076517  0.023079 -0.099596

Dependent (y only) model rate matrix:
          0|0       0|1       1|0       1|1
0|0 -0.054744  0.022764  0.031980  0.000000
0|1  0.015037 -0.047016  0.000000  0.031980
1|0  0.069221  0.000000 -0.096235  0.027013
1|1  0.000000  0.069221  0.071971 -0.141193

Model fit:
            log-likelihood      AIC
independent      -435.4881 878.9763
dependent        -432.1578 876.3155

Hypothesis test result:
  likelihood-ratio:  6.66074 
  p-value:  0.0357798 

Model fitting method used was fitMk 

R thinks one or both likelihood optimizations did not converge.

--------------------
AIC
        independent       dependent SSB       dependent SDT dependent SSB & SDT 
           878.9763            885.0631            876.3155            867.7855 
Weights
        independent       dependent SSB       dependent SDT dependent SSB & SDT 
         0.00364943          0.00017398          0.01380377          0.98237282 
