Pagel's Directional Test for MSSB and SDT
--------------------
Both Independent or Dependent

Pagel's binary character correlation test:

Assumes "ARD" substitution model for both characters

Independent model rate matrix:
          0|0       0|1       1|0       1|1
0|0 -0.052753  0.021173  0.031580  0.000000
0|1  0.020355 -0.051935  0.000000  0.031580
1|0  0.067725  0.000000 -0.088898  0.021173
1|1  0.000000  0.067725  0.020355 -0.088080

Dependent (x & y) model rate matrix:
          0|0       0|1       1|0       1|1
0|0 -0.053809  0.002212  0.051597  0.000000
0|1  0.022838 -0.053024  0.000000  0.030187
1|0  0.035329  0.000000 -0.077564  0.042235
1|1  0.000000  0.169680  0.000000 -0.169680

Model fit:
            log-likelihood      AIC
independent      -440.1543 888.3087
dependent        -428.2228 872.4457

Hypothesis test result:
  likelihood-ratio:  23.863 
  p-value:  8.50857e-05 

Model fitting method used was fitMk 

R thinks both model optimizations converged.

--------------------
Dependent MSSB

Pagel's binary character correlation test:

Assumes "ARD" substitution model for both characters

Independent model rate matrix:
          0|0       0|1       1|0       1|1
0|0 -0.052753  0.021173  0.031580  0.000000
0|1  0.020355 -0.051935  0.000000  0.031580
1|0  0.067725  0.000000 -0.088898  0.021173
1|1  0.000000  0.067725  0.020355 -0.088080

Dependent (x only) model rate matrix:
          0|0       0|1       1|0       1|1
0|0 -0.263398  0.021217  0.242180  0.000000
0|1  0.019711 -0.078299  0.000000  0.058588
1|0  0.280187  0.000000 -0.301404  0.021217
1|1  0.000000  0.221748  0.019711 -0.241459

Model fit:
            log-likelihood      AIC
independent      -440.1543 888.3087
dependent        -437.5771 887.1543

Hypothesis test result:
  likelihood-ratio:  5.15442 
  p-value:  0.0759859 

Model fitting method used was fitMk 

R thinks one or both likelihood optimizations did not converge.

--------------------
Dependent SDT

Pagel's binary character correlation test:

Assumes "ARD" substitution model for both characters

Independent model rate matrix:
          0|0       0|1       1|0       1|1
0|0 -0.052753  0.021173  0.031580  0.000000
0|1  0.020355 -0.051935  0.000000  0.031580
1|0  0.067725  0.000000 -0.088898  0.021173
1|1  0.000000  0.067725  0.020355 -0.088080

Dependent (y only) model rate matrix:
          0|0       0|1       1|0       1|1
0|0 -0.209668  0.021805  0.187864  0.000000
0|1  0.014766 -0.202630  0.000000  0.187864
1|0  0.355362  0.000000 -0.376996  0.021634
1|1  0.000000  0.355362  0.033792 -0.389154

Model fit:
            log-likelihood      AIC
independent      -440.1543 888.3087
dependent        -448.3205 908.6409

Hypothesis test result:
  likelihood-ratio:  -16.3322 
  p-value:  1 

Model fitting method used was fitMk 

R thinks one or both likelihood optimizations did not converge.

--------------------
AIC
        independent       dependent SSB       dependent SDT dependent SSB & SDT 
           888.3087            887.1543            908.6409            872.4457 
Weights
        independent       dependent SSB       dependent SDT dependent SSB & SDT 
         0.00035888          0.00063919          0.00000001          0.99900191 
