Pagel's Directional Test for MSSB and SPI
--------------------
Both Independent or Dependent

Pagel's binary character correlation test:

Assumes "ARD" substitution model for both characters

Independent model rate matrix:
          0|0       0|1       1|0       1|1
0|0 -0.037692  0.007792  0.029900  0.000000
0|1  0.033067 -0.062967  0.000000  0.029900
1|0  0.064949  0.000000 -0.072741  0.007792
1|1  0.000000  0.064949  0.033067 -0.098015

Dependent (x & y) model rate matrix:
          0|0       0|1       1|0       1|1
0|0 -0.043663  0.008864  0.034799  0.000000
0|1  0.036700 -0.051508  0.000000  0.014808
1|0  0.068730  0.000000 -0.074643  0.005912
1|1  0.000000  0.053116  0.029250 -0.082367

Model fit:
            log-likelihood      AIC
independent      -375.1970 758.3940
dependent        -373.8871 763.7742

Hypothesis test result:
  likelihood-ratio:  2.6198 
  p-value:  0.623319 

Model fitting method used was fitMk 

R thinks both model optimizations converged.

--------------------
Dependent MSSB

Pagel's binary character correlation test:

Assumes "ARD" substitution model for both characters

Independent model rate matrix:
          0|0       0|1       1|0       1|1
0|0 -0.037692  0.007792  0.029900  0.000000
0|1  0.033067 -0.062967  0.000000  0.029900
1|0  0.064949  0.000000 -0.072741  0.007792
1|1  0.000000  0.064949  0.033067 -0.098015

Dependent (x only) model rate matrix:
          0|0       0|1       1|0       1|1
0|0 -0.043394  0.007709  0.035685  0.000000
0|1  0.034165 -0.048257  0.000000  0.014092
1|0  0.069911  0.000000 -0.077620  0.007709
1|1  0.000000  0.053476  0.034165 -0.087641

Model fit:
            log-likelihood      AIC
independent      -375.1970 758.3940
dependent        -374.0919 760.1838

Hypothesis test result:
  likelihood-ratio:  2.21016 
  p-value:  0.331185 

Model fitting method used was fitMk 

R thinks both model optimizations converged.

--------------------
Dependent SPI

Pagel's binary character correlation test:

Assumes "ARD" substitution model for both characters

Independent model rate matrix:
          0|0       0|1       1|0       1|1
0|0 -0.037692  0.007792  0.029900  0.000000
0|1  0.033067 -0.062967  0.000000  0.029900
1|0  0.064949  0.000000 -0.072741  0.007792
1|1  0.000000  0.064949  0.033067 -0.098015

Dependent (y only) model rate matrix:
          0|0       0|1       1|0       1|1
0|0 -0.038828  0.009669  0.029158  0.000000
0|1  0.033006 -0.062165  0.000000  0.029158
1|0  0.063355  0.000000 -0.067797  0.004441
1|1  0.000000  0.063355  0.034201 -0.097556

Model fit:
            log-likelihood      AIC
independent      -375.1970 758.3940
dependent        -374.6534 761.3068

Hypothesis test result:
  likelihood-ratio:  1.0872 
  p-value:  0.580654 

Model fitting method used was fitMk 

R thinks both model optimizations converged.

--------------------
AIC
        independent       dependent SSB       dependent SPI dependent SSB & SPI 
           758.3940            760.1838            761.3068            763.7742 
Weights
        independent       dependent SSB       dependent SPI dependent SSB & SPI 
         0.58493631          0.23902825          0.13633335          0.03970209 
