Pagel's Directional Test for MSSB and TSP
--------------------
Both Independent or Dependent

Pagel's binary character correlation test:

Assumes "ARD" substitution model for both characters

Independent model rate matrix:
          0|0       0|1       1|0       1|1
0|0 -0.048474  0.003645  0.044828  0.000000
0|1  0.007266 -0.052094  0.000000  0.044828
1|0  0.089153  0.000000 -0.092798  0.003645
1|1  0.000000  0.089153  0.007266 -0.096419

Dependent (x & y) model rate matrix:
          0|0       0|1       1|0       1|1
0|0 -0.037425  0.000000  0.037425  0.000000
0|1  0.000000 -0.104781  0.000000  0.104781
1|0  0.140454  0.000000 -0.159766  0.019312
1|1  0.000000  0.122134  0.017152 -0.139286

Model fit:
            log-likelihood      AIC
independent      -347.2473 702.4947
dependent        -335.0389 686.0777

Hypothesis test result:
  likelihood-ratio:  24.4169 
  p-value:  6.5884e-05 

Model fitting method used was fitMk 

R thinks both model optimizations converged.

--------------------
Dependent MSSB

Pagel's binary character correlation test:

Assumes "ARD" substitution model for both characters

Independent model rate matrix:
          0|0       0|1       1|0       1|1
0|0 -0.048474  0.003645  0.044828  0.000000
0|1  0.007266 -0.052094  0.000000  0.044828
1|0  0.089153  0.000000 -0.092798  0.003645
1|1  0.000000  0.089153  0.007266 -0.096419

Dependent (x only) model rate matrix:
          0|0       0|1       1|0       1|1
0|0 -0.039961  0.003633  0.036328  0.000000
0|1  0.007320 -0.084633  0.000000  0.077313
1|0  0.126813  0.000000 -0.130445  0.003633
1|1  0.000000  0.088348  0.007320 -0.095669

Model fit:
            log-likelihood      AIC
independent      -347.2473 702.4947
dependent        -339.2526 690.5051

Hypothesis test result:
  likelihood-ratio:  15.9896 
  p-value:  0.000337219 

Model fitting method used was fitMk 

R thinks one or both likelihood optimizations did not converge.

--------------------
Dependent TSP

Pagel's binary character correlation test:

Assumes "ARD" substitution model for both characters

Independent model rate matrix:
          0|0       0|1       1|0       1|1
0|0 -0.048474  0.003645  0.044828  0.000000
0|1  0.007266 -0.052094  0.000000  0.044828
1|0  0.089153  0.000000 -0.092798  0.003645
1|1  0.000000  0.089153  0.007266 -0.096419

Dependent (y only) model rate matrix:
          0|0       0|1       1|0       1|1
0|0 -0.033662  0.000000  0.033662  0.000000
0|1  0.003074 -0.036736  0.000000  0.033662
1|0  0.070218  0.000000 -0.090568  0.020350
1|1  0.000000  0.070218  0.012936 -0.083153

Model fit:
            log-likelihood      AIC
independent      -347.2473 702.4947
dependent        -342.8582 697.7164

Hypothesis test result:
  likelihood-ratio:  8.77827 
  p-value:  0.0124115 

Model fitting method used was fitMk 

R thinks both model optimizations converged.

--------------------
AIC
        independent       dependent SSB       dependent TSP dependent SSB & TSP 
           702.4947            690.5051            697.7164            686.0777 
Weights
        independent       dependent SSB       dependent TSP dependent SSB & TSP 
         0.00024479          0.09824018          0.00266919          0.89884585 
