Pagel's Directional Test for MSSB and TSP
--------------------
Both Independent or Dependent

Pagel's binary character correlation test:

Assumes "ARD" substitution model for both characters

Independent model rate matrix:
          0|0       0|1       1|0       1|1
0|0 -0.037237  0.003604  0.033632  0.000000
0|1  0.007087 -0.040719  0.000000  0.033632
1|0  0.069183  0.000000 -0.072787  0.003604
1|1  0.000000  0.069183  0.007087 -0.076269

Dependent (x & y) model rate matrix:
          0|0       0|1       1|0       1|1
0|0 -0.028586  0.000099  0.028486  0.000000
0|1  0.000000 -0.065199  0.000000  0.065199
1|0  0.100664  0.000000 -0.118394  0.017730
1|1  0.000000  0.079484  0.016998 -0.096482

Model fit:
            log-likelihood      AIC
independent      -341.6621 691.3242
dependent        -330.5842 677.1683

Hypothesis test result:
  likelihood-ratio:  22.1559 
  p-value:  0.000186597 

Model fitting method used was fitMk 

R thinks one or both likelihood optimizations did not converge.

--------------------
Dependent MSSB

Pagel's binary character correlation test:

Assumes "ARD" substitution model for both characters

Independent model rate matrix:
          0|0       0|1       1|0       1|1
0|0 -0.037237  0.003604  0.033632  0.000000
0|1  0.007087 -0.040719  0.000000  0.033632
1|0  0.069183  0.000000 -0.072787  0.003604
1|1  0.000000  0.069183  0.007087 -0.076269

Dependent (x only) model rate matrix:
          0|0       0|1       1|0       1|1
0|0 -0.048092  0.003488  0.044604  0.000000
0|1  0.007234 -0.069068  0.000000  0.061834
1|0  0.155910  0.000000 -0.159398  0.003488
1|1  0.000000  0.074535  0.007234 -0.081769

Model fit:
            log-likelihood      AIC
independent      -341.6621 691.3242
dependent        -335.2024 682.4049

Hypothesis test result:
  likelihood-ratio:  12.9193 
  p-value:  0.00156533 

Model fitting method used was fitMk 

R thinks one or both likelihood optimizations did not converge.

--------------------
Dependent TSP

Pagel's binary character correlation test:

Assumes "ARD" substitution model for both characters

Independent model rate matrix:
          0|0       0|1       1|0       1|1
0|0 -0.037237  0.003604  0.033632  0.000000
0|1  0.007087 -0.040719  0.000000  0.033632
1|0  0.069183  0.000000 -0.072787  0.003604
1|1  0.000000  0.069183  0.007087 -0.076269

Dependent (y only) model rate matrix:
          0|0       0|1       1|0       1|1
0|0 -0.031628  0.000000  0.031628  0.000000
0|1  0.001986 -0.033614  0.000000  0.031628
1|0  0.066528  0.000000 -0.085955  0.019427
1|1  0.000000  0.066528  0.014021 -0.080549

Model fit:
            log-likelihood      AIC
independent      -341.6621 691.3242
dependent        -336.8455 685.6909

Hypothesis test result:
  likelihood-ratio:  9.63329 
  p-value:  0.00809389 

Model fitting method used was fitMk 

R thinks both model optimizations converged.

--------------------
AIC
        independent       dependent SSB       dependent TSP dependent SSB & TSP 
           691.3242            682.4049            685.6909            677.1683 
Weights
        independent       dependent SSB       dependent TSP dependent SSB & TSP 
         0.00077537          0.06703717          0.01296477          0.91922268 
