Pagel's Directional Test for MSSB and TSP
--------------------
Both Independent or Dependent

Pagel's binary character correlation test:

Assumes "ARD" substitution model for both characters

Independent model rate matrix:
          0|0       0|1       1|0       1|1
0|0 -0.041197  0.003475  0.037722  0.000000
0|1  0.007237 -0.044959  0.000000  0.037722
1|0  0.077717  0.000000 -0.081192  0.003475
1|1  0.000000  0.077717  0.007237 -0.084954

Dependent (x & y) model rate matrix:
          0|0       0|1       1|0       1|1
0|0 -0.032487  0.000000  0.032487  0.000000
0|1  0.000000 -0.076405  0.000000  0.076405
1|0  0.122256  0.000000 -0.140188  0.017932
1|1  0.000000  0.089640  0.017194 -0.106833

Model fit:
            log-likelihood      AIC
independent      -348.5617 705.1234
dependent        -336.3426 688.6852

Hypothesis test result:
  likelihood-ratio:  24.4382 
  p-value:  6.52403e-05 

Model fitting method used was fitMk 

R thinks both model optimizations converged.

--------------------
Dependent MSSB

Pagel's binary character correlation test:

Assumes "ARD" substitution model for both characters

Independent model rate matrix:
          0|0       0|1       1|0       1|1
0|0 -0.041197  0.003475  0.037722  0.000000
0|1  0.007237 -0.044959  0.000000  0.037722
1|0  0.077717  0.000000 -0.081192  0.003475
1|1  0.000000  0.077717  0.007237 -0.084954

Dependent (x only) model rate matrix:
          0|0       0|1       1|0       1|1
0|0 -0.077413  0.003298  0.074115  0.000000
0|1  0.007345 -0.079456  0.000000  0.072111
1|0  0.272776  0.000000 -0.276074  0.003298
1|1  0.000000  0.086713  0.007345 -0.094058

Model fit:
            log-likelihood      AIC
independent      -348.5617 705.1234
dependent        -340.0301 692.0602

Hypothesis test result:
  likelihood-ratio:  17.0632 
  p-value:  0.000197134 

Model fitting method used was fitMk 

R thinks one or both likelihood optimizations did not converge.

--------------------
Dependent TSP

Pagel's binary character correlation test:

Assumes "ARD" substitution model for both characters

Independent model rate matrix:
          0|0       0|1       1|0       1|1
0|0 -0.041197  0.003475  0.037722  0.000000
0|1  0.007237 -0.044959  0.000000  0.037722
1|0  0.077717  0.000000 -0.081192  0.003475
1|1  0.000000  0.077717  0.007237 -0.084954

Dependent (y only) model rate matrix:
          0|0       0|1       1|0       1|1
0|0 -0.032584  0.000000  0.032584  0.000000
0|1  0.002221 -0.034805  0.000000  0.032584
1|0  0.069454  0.000000 -0.088841  0.019387
1|1  0.000000  0.069454  0.013882 -0.083336

Model fit:
            log-likelihood      AIC
independent      -348.5617 705.1234
dependent        -343.9008 699.8015

Hypothesis test result:
  likelihood-ratio:  9.32189 
  p-value:  0.0094575 

Model fitting method used was fitMk 

R thinks both model optimizations converged.

--------------------
AIC
        independent       dependent SSB       dependent TSP dependent SSB & TSP 
           705.1234            692.0602            699.8015            688.6852 
Weights
        independent       dependent SSB       dependent TSP dependent SSB & TSP 
         0.00022660          0.15556716          0.00324268          0.84096356 
