Pagel's Directional Test for MSSB and NAC
--------------------
Both Independent or Dependent

Pagel's binary character correlation test:

Assumes "ARD" substitution model for both characters

Independent model rate matrix:
          0|0       0|1       1|0       1|1
0|0 -0.045692  0.015792  0.029900  0.000000
0|1  0.042311 -0.072211  0.000000  0.029900
1|0  0.064949  0.000000 -0.080741  0.015792
1|1  0.000000  0.064949  0.042311 -0.107259

Dependent (x & y) model rate matrix:
          0|0       0|1       1|0       1|1
0|0 -0.035476  0.003622  0.031854  0.000000
0|1  0.067881 -0.126586  0.000000  0.058705
1|0  0.040489  0.000000 -0.088723  0.048234
1|1  0.000000  0.153283  0.000000 -0.153283

Model fit:
            log-likelihood      AIC
independent      -424.8185 857.6369
dependent        -418.2612 852.5223

Hypothesis test result:
  likelihood-ratio:  13.1146 
  p-value:  0.0107293 

Model fitting method used was fitMk 

R thinks one or both likelihood optimizations did not converge.

--------------------
Dependent MSSB

Pagel's binary character correlation test:

Assumes "ARD" substitution model for both characters

Independent model rate matrix:
          0|0       0|1       1|0       1|1
0|0 -0.045692  0.015792  0.029900  0.000000
0|1  0.042311 -0.072211  0.000000  0.029900
1|0  0.064949  0.000000 -0.080741  0.015792
1|1  0.000000  0.064949  0.042311 -0.107259

Dependent (x only) model rate matrix:
          0|0       0|1       1|0       1|1
0|0 -0.041380  0.015965  0.025415  0.000000
0|1  0.043584 -0.094158  0.000000  0.050574
1|0  0.075462  0.000000 -0.091427  0.015965
1|1  0.000000  0.057376  0.043584 -0.100960

Model fit:
            log-likelihood      AIC
independent      -424.8185 857.6369
dependent        -422.2454 856.4909

Hypothesis test result:
  likelihood-ratio:  5.14604 
  p-value:  0.0763047 

Model fitting method used was fitMk 

R thinks both model optimizations converged.

--------------------
Dependent NAC

Pagel's binary character correlation test:

Assumes "ARD" substitution model for both characters

Independent model rate matrix:
          0|0       0|1       1|0       1|1
0|0 -0.045692  0.015792  0.029900  0.000000
0|1  0.042311 -0.072211  0.000000  0.029900
1|0  0.064949  0.000000 -0.080741  0.015792
1|1  0.000000  0.064949  0.042311 -0.107259

Dependent (y only) model rate matrix:
          0|0       0|1       1|0       1|1
0|0 -0.038913  0.007633  0.031280  0.000000
0|1  0.048029 -0.079308  0.000000  0.031280
1|0  0.068914  0.000000 -0.106820  0.037906
1|1  0.000000  0.068914  0.031901 -0.100815

Model fit:
            log-likelihood      AIC
independent      -424.8185 857.6369
dependent        -420.6735 853.3470

Hypothesis test result:
  likelihood-ratio:  8.28995 
  p-value:  0.0158438 

Model fitting method used was fitMk 

R thinks both model optimizations converged.

--------------------
AIC
        independent       dependent SSB       dependent NAC dependent SSB & NAC 
           857.6369            856.4909            853.3470            852.5223 
Weights
        independent       dependent SSB       dependent NAC dependent SSB & NAC 
         0.04129456          0.07324074          0.35273157          0.53273312 
