Pagel's Directional Test for MSSB and NAC
--------------------
Both Independent or Dependent

Pagel's binary character correlation test:

Assumes "ARD" substitution model for both characters

Independent model rate matrix:
          0|0       0|1       1|0       1|1
0|0 -0.051433  0.016108  0.035325  0.000000
0|1  0.043609 -0.078934  0.000000  0.035325
1|0  0.070025  0.000000 -0.086132  0.016108
1|1  0.000000  0.070025  0.043609 -0.113633

Dependent (x & y) model rate matrix:
          0|0       0|1       1|0       1|1
0|0 -0.060821  0.012268  0.048553  0.000000
0|1  0.034858 -0.071181  0.000000  0.036323
1|0  0.135950  0.000000 -0.160223  0.024273
1|1  0.000000  0.031655  0.056600 -0.088254

Model fit:
            log-likelihood      AIC
independent      -436.2535 880.5070
dependent        -430.1169 876.2338

Hypothesis test result:
  likelihood-ratio:  12.2732 
  p-value:  0.0154312 

Model fitting method used was fitMk 

R thinks one or both likelihood optimizations did not converge.

--------------------
Dependent MSSB

Pagel's binary character correlation test:

Assumes "ARD" substitution model for both characters

Independent model rate matrix:
          0|0       0|1       1|0       1|1
0|0 -0.051433  0.016108  0.035325  0.000000
0|1  0.043609 -0.078934  0.000000  0.035325
1|0  0.070025  0.000000 -0.086132  0.016108
1|1  0.000000  0.070025  0.043609 -0.113633

Dependent (x only) model rate matrix:
          0|0       0|1       1|0       1|1
0|0 -0.061519  0.015701  0.045818  0.000000
0|1  0.045391 -0.084005  0.000000  0.038614
1|0  0.129255  0.000000 -0.144956  0.015701
1|1  0.000000  0.032740  0.045391 -0.078131

Model fit:
            log-likelihood      AIC
independent      -436.2535 880.5070
dependent        -430.8648 873.7297

Hypothesis test result:
  likelihood-ratio:  10.7773 
  p-value:  0.00456817 

Model fitting method used was fitMk 

R thinks both model optimizations converged.

--------------------
Dependent NAC

Pagel's binary character correlation test:

Assumes "ARD" substitution model for both characters

Independent model rate matrix:
          0|0       0|1       1|0       1|1
0|0 -0.051433  0.016108  0.035325  0.000000
0|1  0.043609 -0.078934  0.000000  0.035325
1|0  0.070025  0.000000 -0.086132  0.016108
1|1  0.000000  0.070025  0.043609 -0.113633

Dependent (y only) model rate matrix:
          0|0       0|1       1|0       1|1
0|0 -0.051122  0.005781  0.045342  0.000000
0|1  0.052989 -0.098331  0.000000  0.045342
1|0  0.090640  0.000000 -0.134555  0.043915
1|1  0.000000  0.090640  0.032096 -0.122736

Model fit:
            log-likelihood     AIC
independent      -436.2535 880.507
dependent        -432.1910 876.382

Hypothesis test result:
  likelihood-ratio:  8.12494 
  p-value:  0.0172065 

Model fitting method used was fitMk 

R thinks one or both likelihood optimizations did not converge.

--------------------
AIC
        independent       dependent SSB       dependent NAC dependent SSB & NAC 
           880.5070            873.7297            876.3820            876.2338 
Weights
        independent       dependent SSB       dependent NAC dependent SSB & NAC 
         0.02129396          0.63084901          0.16748504          0.18037200 
