Pagel's Directional Test for MSSB and NAC
--------------------
Both Independent or Dependent

Pagel's binary character correlation test:

Assumes "ARD" substitution model for both characters

Independent model rate matrix:
          0|0       0|1       1|0       1|1
0|0 -0.057532  0.016498  0.041035  0.000000
0|1  0.043197 -0.084232  0.000000  0.041035
1|0  0.082341  0.000000 -0.098838  0.016498
1|1  0.000000  0.082341  0.043197 -0.125538

Dependent (x & y) model rate matrix:
          0|0       0|1       1|0       1|1
0|0 -0.037838  0.002226  0.035612  0.000000
0|1  0.078896 -0.155129  0.000000  0.076233
1|0  0.038223  0.000000 -0.095949  0.057725
1|1  0.000000  0.166864  0.000000 -0.166864

Model fit:
            log-likelihood      AIC
independent      -435.8981 879.7962
dependent        -427.6442 871.2884

Hypothesis test result:
  likelihood-ratio:  16.5078 
  p-value:  0.00240827 

Model fitting method used was fitMk 

R thinks one or both likelihood optimizations did not converge.

--------------------
Dependent MSSB

Pagel's binary character correlation test:

Assumes "ARD" substitution model for both characters

Independent model rate matrix:
          0|0       0|1       1|0       1|1
0|0 -0.057532  0.016498  0.041035  0.000000
0|1  0.043197 -0.084232  0.000000  0.041035
1|0  0.082341  0.000000 -0.098838  0.016498
1|1  0.000000  0.082341  0.043197 -0.125538

Dependent (x only) model rate matrix:
          0|0       0|1       1|0       1|1
0|0 -0.055663  0.016603  0.039060  0.000000
0|1  0.045151 -0.109396  0.000000  0.064245
1|0  0.108608  0.000000 -0.125211  0.016603
1|1  0.000000  0.065123  0.045151 -0.110274

Model fit:
            log-likelihood      AIC
independent      -435.8981 879.7962
dependent        -432.3486 876.6972

Hypothesis test result:
  likelihood-ratio:  7.09897 
  p-value:  0.0287394 

Model fitting method used was fitMk 

R thinks both model optimizations converged.

--------------------
Dependent NAC

Pagel's binary character correlation test:

Assumes "ARD" substitution model for both characters

Independent model rate matrix:
          0|0       0|1       1|0       1|1
0|0 -0.057532  0.016498  0.041035  0.000000
0|1  0.043197 -0.084232  0.000000  0.041035
1|0  0.082341  0.000000 -0.098838  0.016498
1|1  0.000000  0.082341  0.043197 -0.125538

Dependent (y only) model rate matrix:
          0|0       0|1       1|0       1|1
0|0 -0.047745  0.006189  0.041557  0.000000
0|1  0.057094 -0.098650  0.000000  0.041557
1|0  0.084582  0.000000 -0.127453  0.042871
1|1  0.000000  0.084582  0.024009 -0.108591

Model fit:
            log-likelihood      AIC
independent      -435.8981 879.7962
dependent        -430.1847 872.3695

Hypothesis test result:
  likelihood-ratio:  11.4267 
  p-value:  0.00330153 

Model fitting method used was fitMk 

R thinks both model optimizations converged.

--------------------
AIC
        independent       dependent SSB       dependent NAC dependent SSB & NAC 
           879.7962            876.6972            872.3695            871.2884 
Weights
        independent       dependent SSB       dependent NAC dependent SSB & NAC 
          0.0085412           0.0402209           0.3501184           0.6011195 
