Pagel's Directional Test for SSB and TSP
--------------------
Both Independent or Dependent

Pagel's binary character correlation test:

Assumes "ARD" substitution model for both characters

Independent model rate matrix:
          0|0       0|1       1|0       1|1
0|0 -0.037455  0.003414  0.034041  0.000000
0|1  0.007376 -0.041417  0.000000  0.034041
1|0  0.061010  0.000000 -0.064424  0.003414
1|1  0.000000  0.061010  0.007376 -0.068387

Dependent (x & y) model rate matrix:
          0|0       0|1       1|0       1|1
0|0 -0.075334  0.002356  0.072978  0.000000
0|1  0.000000 -0.046147  0.000000  0.046147
1|0  0.237865  0.000000 -0.244143  0.006277
1|1  0.000000  0.043990  0.015809 -0.059799

Model fit:
            log-likelihood      AIC
independent      -344.6904 697.3807
dependent        -332.1015 680.2031

Hypothesis test result:
  likelihood-ratio:  25.1776 
  p-value:  4.63372e-05 

Model fitting method used was fitMk 

R thinks both model optimizations converged.

--------------------
Dependent SSB

Pagel's binary character correlation test:

Assumes "ARD" substitution model for both characters

Independent model rate matrix:
          0|0       0|1       1|0       1|1
0|0 -0.037455  0.003414  0.034041  0.000000
0|1  0.007376 -0.041417  0.000000  0.034041
1|0  0.061010  0.000000 -0.064424  0.003414
1|1  0.000000  0.061010  0.007376 -0.068387

Dependent (x only) model rate matrix:
          0|0       0|1       1|0       1|1
0|0 -0.045355  0.003316  0.042039  0.000000
0|1  0.007449 -0.055722  0.000000  0.048273
1|0  0.126534  0.000000 -0.129850  0.003316
1|1  0.000000  0.049047  0.007449 -0.056496

Model fit:
            log-likelihood      AIC
independent      -344.6904 697.3807
dependent        -336.4700 684.9399

Hypothesis test result:
  likelihood-ratio:  16.4408 
  p-value:  0.000269107 

Model fitting method used was fitMk 

R thinks one or both likelihood optimizations did not converge.

--------------------
Dependent TSP

Pagel's binary character correlation test:

Assumes "ARD" substitution model for both characters

Independent model rate matrix:
          0|0       0|1       1|0       1|1
0|0 -0.037455  0.003414  0.034041  0.000000
0|1  0.007376 -0.041417  0.000000  0.034041
1|0  0.061010  0.000000 -0.064424  0.003414
1|1  0.000000  0.061010  0.007376 -0.068387

Dependent (y only) model rate matrix:
          0|0       0|1       1|0       1|1
0|0 -0.031703  0.000000  0.031703  0.000000
0|1  0.002349 -0.034052  0.000000  0.031703
1|0  0.057547  0.000000 -0.075800  0.018252
1|1  0.000000  0.057547  0.013437 -0.070985

Model fit:
            log-likelihood      AIC
independent      -344.6904 697.3807
dependent        -340.0210 692.0421

Hypothesis test result:
  likelihood-ratio:  9.33865 
  p-value:  0.00937862 

Model fitting method used was fitMk 

R thinks both model optimizations converged.

--------------------
AIC
        independent       dependent SSB       dependent TSP dependent SSB & TSP 
           697.3807            684.9399            692.0421            680.2031 
Weights
        independent       dependent SSB       dependent TSP dependent SSB & TSP 
         0.00016979          0.08538928          0.00245013          0.91199080 
