Pagel's Directional Test for SSB and TSP
--------------------
Both Independent or Dependent

Pagel's binary character correlation test:

Assumes "ARD" substitution model for both characters

Independent model rate matrix:
          0|0       0|1       1|0       1|1
0|0 -0.040722  0.003670  0.037053  0.000000
0|1  0.007361 -0.044414  0.000000  0.037053
1|0  0.067629  0.000000 -0.071299  0.003670
1|1  0.000000  0.067629  0.007361 -0.074991

Dependent (x & y) model rate matrix:
          0|0       0|1       1|0       1|1
0|0 -0.034988  0.000000  0.034988  0.000000
0|1  0.001211 -0.067727  0.000000  0.066517
1|0  0.114434  0.000000 -0.131969  0.017535
1|1  0.000000  0.067140  0.014830 -0.081970

Model fit:
            log-likelihood      AIC
independent      -352.8276 713.6553
dependent        -340.5647 697.1294

Hypothesis test result:
  likelihood-ratio:  24.5259 
  p-value:  6.26488e-05 

Model fitting method used was fitMk 

R thinks both model optimizations converged.

--------------------
Dependent SSB

Pagel's binary character correlation test:

Assumes "ARD" substitution model for both characters

Independent model rate matrix:
          0|0       0|1       1|0       1|1
0|0 -0.040722  0.003670  0.037053  0.000000
0|1  0.007361 -0.044414  0.000000  0.037053
1|0  0.067629  0.000000 -0.071299  0.003670
1|1  0.000000  0.067629  0.007361 -0.074991

Dependent (x only) model rate matrix:
          0|0       0|1       1|0       1|1
0|0 -0.056736  0.003552  0.053184  0.000000
0|1  0.007471 -0.070919  0.000000  0.063448
1|0  0.171015  0.000000 -0.174567  0.003552
1|1  0.000000  0.063062  0.007471 -0.070533

Model fit:
            log-likelihood      AIC
independent      -352.8276 713.6553
dependent        -344.0903 700.1806

Hypothesis test result:
  likelihood-ratio:  17.4747 
  p-value:  0.000160476 

Model fitting method used was fitMk 

R thinks both model optimizations converged.

--------------------
Dependent TSP

Pagel's binary character correlation test:

Assumes "ARD" substitution model for both characters

Independent model rate matrix:
          0|0       0|1       1|0       1|1
0|0 -0.040722  0.003670  0.037053  0.000000
0|1  0.007361 -0.044414  0.000000  0.037053
1|0  0.067629  0.000000 -0.071299  0.003670
1|1  0.000000  0.067629  0.007361 -0.074991

Dependent (y only) model rate matrix:
          0|0       0|1       1|0       1|1
0|0 -0.033035  0.000000  0.033035  0.000000
0|1  0.003473 -0.036508  0.000000  0.033035
1|0  0.061509  0.000000 -0.081358  0.019848
1|1  0.000000  0.061509  0.012066 -0.073575

Model fit:
            log-likelihood      AIC
independent      -352.8276 713.6553
dependent        -347.8600 707.7200

Hypothesis test result:
  likelihood-ratio:  9.93531 
  p-value:  0.00695945 

Model fitting method used was fitMk 

R thinks both model optimizations converged.

--------------------
AIC
        independent       dependent SSB       dependent TSP dependent SSB & TSP 
           713.6553            700.1806            707.7200            697.1294 
Weights
        independent       dependent SSB       dependent TSP dependent SSB & TSP 
         0.00021091          0.17787172          0.00410150          0.81781586 
