Pagel's Directional Test for FSSB and RDM
--------------------
Both Independent or Dependent

Pagel's binary character correlation test:

Assumes "ARD" substitution model for both characters

Independent model rate matrix:
          0|0       0|1       1|0       1|1
0|0 -0.033337  0.008362  0.024976  0.000000
0|1  0.046188 -0.071163  0.000000  0.024976
1|0  0.082941  0.000000 -0.091302  0.008362
1|1  0.000000  0.082941  0.046188 -0.129128

Dependent (x & y) model rate matrix:
          0|0       0|1       1|0       1|1
0|0 -0.035078  0.010202  0.024876  0.000000
0|1  0.017471 -0.075399  0.000000  0.057928
1|0  0.171677  0.000000 -0.180179  0.008502
1|1  0.000000  0.000000  0.104886 -0.104886

Model fit:
            log-likelihood      AIC
independent      -371.7268 751.4537
dependent        -358.7403 733.4806

Hypothesis test result:
  likelihood-ratio:  25.973 
  p-value:  3.20434e-05 

Model fitting method used was fitMk 

R thinks both model optimizations converged.

--------------------
Dependent FSSB

Pagel's binary character correlation test:

Assumes "ARD" substitution model for both characters

Independent model rate matrix:
          0|0       0|1       1|0       1|1
0|0 -0.033337  0.008362  0.024976  0.000000
0|1  0.046188 -0.071163  0.000000  0.024976
1|0  0.082941  0.000000 -0.091302  0.008362
1|1  0.000000  0.082941  0.046188 -0.129128

Dependent (x only) model rate matrix:
          0|0       0|1       1|0       1|1
0|0 -0.026408  0.008367  0.018041  0.000000
0|1  0.046555 -0.121393  0.000000  0.074838
1|0  0.103164  0.000000 -0.111531  0.008367
1|1  0.000000  0.075954  0.046555 -0.122509

Model fit:
            log-likelihood      AIC
independent      -371.7268 751.4537
dependent        -361.6855 735.3711

Hypothesis test result:
  likelihood-ratio:  20.0826 
  p-value:  4.35634e-05 

Model fitting method used was fitMk 

R thinks both model optimizations converged.

--------------------
Dependent RDM

Pagel's binary character correlation test:

Assumes "ARD" substitution model for both characters

Independent model rate matrix:
          0|0       0|1       1|0       1|1
0|0 -0.033337  0.008362  0.024976  0.000000
0|1  0.046188 -0.071163  0.000000  0.024976
1|0  0.082941  0.000000 -0.091302  0.008362
1|1  0.000000  0.082941  0.046188 -0.129128

Dependent (y only) model rate matrix:
          0|0       0|1       1|0       1|1
0|0 -0.026492  0.002283  0.024210  0.000000
0|1  0.060165 -0.084375  0.000000  0.024210
1|0  0.087679  0.000000 -0.137359  0.049681
1|1  0.000000  0.087679  0.033747 -0.121426

Model fit:
            log-likelihood      AIC
independent      -371.7268 751.4537
dependent        -364.0697 740.1393

Hypothesis test result:
  likelihood-ratio:  15.3144 
  p-value:  0.000472638 

Model fitting method used was fitMk 

R thinks both model optimizations converged.

--------------------
AIC
        independent       dependent SSB       dependent RDM dependent SSB & RDM 
           751.4537            735.3711            740.1393            733.4806 
Weights
        independent       dependent SSB       dependent RDM dependent SSB & RDM 
         0.00008781          0.27278640          0.02514292          0.70198288 
