Pagel's Directional Test for MSSB and HAR
--------------------
Both Independent or Dependent

Pagel's binary character correlation test:

Assumes "ARD" substitution model for both characters

Independent model rate matrix:
          0|0       0|1       1|0       1|1
0|0 -0.057510  0.022827  0.034683  0.000000
0|1  0.121651 -0.156334  0.000000  0.034683
1|0  0.071895  0.000000 -0.094722  0.022827
1|1  0.000000  0.071895  0.121651 -0.193546

Dependent (x & y) model rate matrix:
          0|0       0|1       1|0       1|1
0|0 -0.037914  0.015422  0.022492  0.000000
0|1  0.216488 -0.500288  0.000000  0.283799
1|0  0.022079  0.000000 -0.060201  0.038122
1|1  0.000000  0.380561  0.027772 -0.408332

Model fit:
            log-likelihood      AIC
independent      -407.9825 823.9650
dependent        -396.3490 808.6981

Hypothesis test result:
  likelihood-ratio:  23.2669 
  p-value:  0.000111989 

Model fitting method used was fitMk 

R thinks both model optimizations converged.

--------------------
Dependent MSSB

Pagel's binary character correlation test:

Assumes "ARD" substitution model for both characters

Independent model rate matrix:
          0|0       0|1       1|0       1|1
0|0 -0.057510  0.022827  0.034683  0.000000
0|1  0.121651 -0.156334  0.000000  0.034683
1|0  0.071895  0.000000 -0.094722  0.022827
1|1  0.000000  0.071895  0.121651 -0.193546

Dependent (x only) model rate matrix:
          0|0       0|1       1|0       1|1
0|0 -0.040927  0.020426  0.020501  0.000000
0|1  0.112341 -0.542863  0.000000  0.430522
1|0  0.053384  0.000000 -0.073810  0.020426
1|1  0.000000  0.510656  0.112341 -0.622997

Model fit:
            log-likelihood      AIC
independent      -407.9825 823.9650
dependent        -401.5082 815.0164

Hypothesis test result:
  likelihood-ratio:  12.9486 
  p-value:  0.00154261 

Model fitting method used was fitMk 

R thinks both model optimizations converged.

--------------------
Dependent HAR

Pagel's binary character correlation test:

Assumes "ARD" substitution model for both characters

Independent model rate matrix:
          0|0       0|1       1|0       1|1
0|0 -0.057510  0.022827  0.034683  0.000000
0|1  0.121651 -0.156334  0.000000  0.034683
1|0  0.071895  0.000000 -0.094722  0.022827
1|1  0.000000  0.071895  0.121651 -0.193546

Dependent (y only) model rate matrix:
          0|0       0|1       1|0       1|1
0|0 -0.063578  0.029422  0.034155  0.000000
0|1  0.240898 -0.275053  0.000000  0.034155
1|0  0.072713  0.000000 -0.098848  0.026136
1|1  0.000000  0.072713  0.054777 -0.127490

Model fit:
            log-likelihood      AIC
independent      -407.9825 823.9650
dependent        -403.7696 819.5392

Hypothesis test result:
  likelihood-ratio:  8.4258 
  p-value:  0.0148034 

Model fitting method used was fitMk 

R thinks both model optimizations converged.

--------------------
AIC
        independent       dependent SSB       dependent HAR dependent SSB & HAR 
           823.9650            815.0164            819.5392            808.6981 
Weights
        independent       dependent SSB       dependent HAR dependent SSB & HAR 
         0.00046209          0.04054009          0.00422455          0.95477327 
