(Intercept),FAM,MAM
36.6141073633044,1.15107390869525,1.56031443454503
-205.421707975707,0.351782626774366,1.611322933255
-161.57923593882,1.74431171161996,0.201511071412824
-377.849660118678,2.11998695769944,-0.212933312985115
-35.1335578485523,1.8494289246446,0.916630662584794
110.72678358182,-0.0254275511251763,1.52507395135763
189.780517347477,0.945218426728388,0.408174680458615
-172.473640942902,1.23615421025897,-0.345507066347636
86.8020151248102,1.2746729681312,-0.224361918866634
-318.032684784848,1.26715025604062,-0.05226880198461
-10.189528102128,-0.313226264304831,1.13107469919487
-25.0472116429737,0.38187490236578,0.320874484226806
-102.023871334957,0.776063874407555,-0.30581279193575
-196.716666952809,0.77635773147631,0.195375345720095
-175.97721169467,0.25274974500644,0.661530808385578
-323.178297290113,0.714557398077886,0.41398864153598
-122.259143131983,0.183453774945519,0.250056806104112
-154.483166590642,1.67279665671413,0.324669684552646
-496.316227586998,2.08337934284646,-0.0867442813687376
-216.482032111824,2.12860667427594,0.0786104879807681
65.135248451792,1.31903029310342,-0.446225459920242
-201.204395741341,1.02072275141836,0.439343370744609
-201.205160192942,-0.457141523277642,1.2525784689642
-143.264796181989,0.618938811756379,0.790410394874925
-207.575596982118,2.44075403379975,-0.440694740260369
-260.481154482914,-1.13014536225819,2.38849124021363
-86.7331444296869,-2.89426873871707,2.74587439526658
-137.941745132492,3.25225721673041,-1.43763844345813
-184.182129055858,1.5616471269459,0.677117044106126
-394.537213893625,-0.724767948646331,1.13334151206436
94.3661574593862,2.92763918234414,-0.628315052104881
34.0621561977168,1.08557370483322,0.92197333109084
229.587003150926,2.61726904212264,-0.101586246420084
-274.468536559056,3.96139863801363,-1.26666419188405
-631.691208006829,-0.197224813970024,1.52614630034077
-340.78602237934,5.6267126606399,-1.56168937171606
-376.044683351676,0.544882888652864,0.77282565772839
-366.750723972043,1.88054035270761,-0.399591436580522
-211.392680104487,0.246910029702121,0.281013384752441
-77.5305786976096,0.339074231786071,0.781359374814201
-126.841336458165,-0.0312211414093326,1.13864273071522
-49.3581980129966,-0.127658202865859,1.29213882226031
48.7468970170157,0.667927469738061,0.298288487480022
-149.439543907705,-0.360965849926288,0.614256351824224
-115.215233445095,0.447965160012245,0.612123123108177
-55.0133635512466,0.259968989514164,1.48152462502549
-28.3990511949814,1.84176854880934,0.185680723065161
-133.196650607228,2.5651138277608,0.16894733265508
-175.492079289721,1.26033347363409,0.237592712801415
-100.669089608069,0.804840700118802,0.717638510381221
-0.151505102207011,-0.705556487897411,2.42626666192518
-134.893881727869,0.470618424886197,1.58897525866632
-226.602052059156,3.90981234332503,-0.906334265426267
-235.856066208653,0.184895846174186,1.29928538884269
-93.6325674760883,2.24337349065172,0.559086656096042
-381.989504864941,1.03085685597034,0.413962384584011
-221.975698483118,0.463619888847461,2.32118773870752
-301.002179420859,4.44517530789017,-1.26610690567759
-379.661648243127,1.87731694453396,-0.0457168641587486
-89.7484968488861,-0.309451870329212,2.02816687629092
-98.3456704490018,0.691206257863087,1.36917165893828
-189.454263520518,-0.652002239527064,1.97337377761869
104.332118750201,0.995565933677426,0.113216833342449
-418.785059313275,1.35948350597755,0.375404494458053
-101.771427347485,0.87236371205654,1.06189607105625
-96.7694118069121,1.07513079255295,0.347363496810431
-306.582194994786,-0.902460608020192,1.63587993182591
-179.373134892972,2.60787351623731,-0.527409813279519
-360.038038076629,1.85762184701161,0.149394946136454
-137.198026419127,1.21810732805534,-0.146981959016557
-170.414283219463,-0.354264591009269,1.83406301610376
-200.169633303303,0.674057315620303,1.03494016295008
-275.572791037805,-1.21211858648167,1.86918015959236
-260.173854422537,0.715322329953779,0.444723258347949
-129.126261450758,-1.59259728241159,2.60108201454932
-177.910257773445,0.142432640102925,1.91810815149802
-399.361694845109,1.00150504530984,1.19779982198088
-268.934324789662,3.57188427522487,-0.253878441304551
-180.846456578933,0.310329610736517,1.34578400557803
-303.457435081022,1.63620577041002,-0.423245904516079
40.5739609515658,-0.216153504792601,1.00967726908857
-173.870186656859,2.30376429785974,0.212502721551573
-387.757827552967,2.47858353945048,-0.228237608145719
-220.878873276786,0.431402312067803,1.3545680984389
-5.08722835269873,1.91699740283366,1.15650818498398
-88.438844029748,0.337239963773754,0.951212146290345
-439.293749413526,0.792970571579644,0.445506106436369
-763.208784172431,2.72640243847854,-0.0791165359260049
-53.2006886723248,-0.478039341777276,1.62210574634082
-123.078516684211,0.69338183538639,0.965217104181647
-101.860293051155,0.722229927720036,1.02332404102708
-43.5917364548368,1.03155303531821,-0.121998188697034
-357.689442940929,0.267497467721114,1.12119130579595
7.78515202799463,0.945895349737839,0.902431871960289
81.3884460339323,0.478383120353101,1.41238520586921
-265.604860612191,-0.88843732769601,1.55365028308006
-313.928127650492,4.55337841914297,-1.21436492392968
-271.138945406681,1.1263572560274,1.07708040271245
-476.605750539647,-0.836921516311122,1.89776491470911
49.9425344077463,4.72832517081042,-1.33030762760609
-368.540891668643,0.269966451494838,1.4734145941693
-248.556481580265,2.39692703813489,-0.592824292994919
-150.886578454432,2.0071042032323,0.299071214976721
-343.451441541627,0.0912132633384317,1.7054603049146
-135.287500214821,1.02702941614552,0.370642521702393
-469.133521036696,0.291044417892408,0.97920328512555
-431.702049026411,1.39275084786641,0.802601537834562
-165.217611523258,2.13878009287873,0.162264737438818
62.277076192142,2.91454287592205,-0.182954669580795
-216.313906934171,1.96897744080979,-0.860354226078925
-18.9817380504392,1.41689779586341,0.745307108361885
-548.978045386626,-0.0170260341255926,0.706165544208488
-495.474575205892,0.711012506500992,0.788941326165514
-311.423558319279,0.277636948077998,0.898034732972519
-126.580730927852,-0.174801261886387,2.68862613357487
-433.901169494187,0.484715308484738,0.875079030098277
-212.887641791363,0.32394985841529,1.42691121427924
-212.428845281145,1.50652378851373,1.11781811903347
-79.0089126753592,-1.77972152495931,2.83599721248902
-387.741779275297,-1.22958954282512,1.96943662900594
-534.857840349665,-0.796646434915601,1.58155277446349
-261.416365391662,1.754700533922,-0.32956403773278
-30.4093669536232,0.46348758721615,1.14361442762311
60.8755856328644,0.677388355685252,0.907129079154402
-283.680787914418,-2.045067170533,2.32790860810564
-268.14818262295,2.34454547096539,-0.734109219134552
-77.6010275735171,0.238661144903745,1.0878113719682
-265.445814385634,0.446319931026665,0.701833142142277
-467.240191064426,0.45429889553634,1.41966069409682
-302.614818824299,1.8305947652334,1.27754204704979
-109.142251952999,1.4742883669096,0.0893907788558863
-334.743268024822,-0.383609573578724,1.14204725392483
-399.119897303159,-0.945321413964848,3.10982985771989
-130.508014722029,0.462777023683884,1.22419218290088
-163.019144936683,-0.478314215615683,2.4323032008615
-56.2072523994066,0.377144185156794,1.0852363269878
-108.851620704067,0.209884930140106,0.544278445886448
217.893513901523,6.09007705805561,-3.6889261520846
-374.376964443789,0.57895708194701,0.787403740345326
-159.690224552294,-1.09894506559795,2.26367253053832
-262.197548106446,3.49236523606305,-0.620333797851345
-489.765823110822,0.824176166337566,0.968735644713888
-103.201471950506,0.235645895161724,0.981404187171393
-194.230456647208,-1.2657810698729,1.78601977949438
-280.404498124575,-0.0194121534150327,0.918308024498401
-321.567533152651,0.285913722982514,1.41460711636819
-387.185035991584,1.29177412404533,1.12543501472101
-51.5082615825741,-0.180480419985543,1.04182709421002
144.157329876642,0.40850271085219,0.974516266349383
-184.398453426795,4.71791678134468,-1.57976439122285
-256.596558171077,-0.0878479524444629,1.23472334284816
-160.948496313595,0.876822709222324,1.43157700929441
-119.324472263892,-0.808992016492994,2.25395655597822
-279.151618125936,1.69417033609352,0.724918625171995
-26.7848888576264,0.880990969530103,0.830255098640919
-399.705261250492,-1.12234868433734,2.77934357660706
-283.595157373158,3.82110068945622,-1.45558703757706
-359.240299211582,3.64441512459598,0.633612007761258
-302.29404489731,-0.117783975059865,1.11782031798793
-490.915104502892,0.892460170271079,1.60572034851066
-239.951329452073,2.46369349112501,-1.55858103524952
70.8156442119798,1.93393002433004,-0.397298026116914
65.1613117295783,0.221206281421473,0.940320509427693
-310.62250546299,-1.16169359146443,2.06896384453057
-98.687676050642,-1.30670117790578,2.42325717528001
-334.424458940855,0.397103484807303,1.96508076543978
-99.11898221093,0.28142581807333,1.37585914353258
-258.168855461714,1.68593364802655,0.619428250662168
-152.399711612736,0.302485021209577,0.969136378276744
-101.027495235649,0.178171087769442,0.291764817658986
21.4154877992352,0.219218787729915,0.260724805018981
-99.0757973788168,0.706147417135071,0.345289285643958
-200.139811102097,-0.0232030005136039,0.215338518981298
-57.2502132900336,0.00433490029536188,0.808903076145725
-121.023182227131,0.958134199172491,0.32681948463869
-21.9769433357578,0.894378289420274,0.646703752565372
-89.4278812037373,2.27155630645575,-0.652206628063141
-440.453618178057,1.93048143764463,0.064214381534839
78.8283601657749,1.76746687070408,-1.37936431188427
-74.0776545415574,2.1005125726515,0.594114381954569
-122.414499556988,-1.0074029576208,1.56525284027884
-153.811995175791,-0.502013669436565,1.1025973679607
-105.073055730172,2.87421951591386,-0.46075977498549
-456.014572936409,-0.912253869712004,3.07461352075916
-342.459123094101,1.1620640437759,-0.0676419969895505
-516.305619987921,1.26692981974338,0.535952469508629
-437.566847067319,-0.143474035103281,1.34417435531941
-256.288952332761,2.66716492234991,-0.793064243422123
-221.752568432305,1.72789252499933,-0.172462894450291
-84.637722370273,-1.18903220504581,1.49511790907127
-55.2694806099753,1.0004257411947,-0.209682240674738
-17.4448567959771,0.026615287802997,0.706117775232997
-169.702696127017,0.310785197027144,0.53577519657847
-59.8468136589554,0.0632549613073934,0.405359338677954
-191.669683742512,1.22002892887394,-0.632584078819491
-145.949436558341,1.82452964263575,-0.150286773670814
-39.1199057959675,-0.929143619257957,0.965819316235866
-290.939887130451,0.0514250250489567,1.11874562886078
-31.9300145779125,1.71832999455364,-0.412619761627866
-270.849756029842,1.22910660092384,0.573105275689159
74.7590062105687,0.699093012648518,1.02435156483261
-249.451591890847,1.16471223603094,-0.298224239348201
-332.362910884258,2.62075167096009,0.176314709155122
-11.6587248337637,0.108443881198582,1.52214947462198
105.874723590643,2.44641830672481,-0.762830022955313
-68.0356014986755,2.99481902730258,-0.718941726823687
-258.636092972854,0.445512409445655,1.57431719993474
-58.679102419439,0.0101120018807705,1.72209470477537
16.198153661886,1.82364673208212,0.134663358276157
-623.924855949823,4.37487738996424,-0.31556510887458
-64.2925123301975,1.36749274277827,1.12576413663919
-457.177756283854,-1.62594823270774,3.92143965150899
-450.799232186808,-0.493307333003031,1.22849461005535
-29.9574963061896,0.42690163073712,0.833367893879768
-211.454057158619,2.82770265793079,-0.206634554837365
-129.838341514587,-0.110438492843969,0.794969614566071
-272.709936411833,1.73284436626273,0.619244976027403
-362.921057602729,1.9494910241192,-0.00253886588325258
-208.044511896849,2.23557159358461,-0.386650739848847
-49.3334959125132,1.5157838708401,0.486701060377527
-165.123953099479,0.81459362951864,0.940862154166098
-45.1225410261395,-0.997071464225883,1.23010294129199
-45.6881011514924,1.52465493330965,0.230477562584383
-108.077099864408,3.18430849577999,-0.248651408764999
-170.267469664846,2.77465777876932,0.202927105332492
-35.9853115436854,-3.18514218913333,3.85609132076206
-157.425758881785,2.0203014951403,-0.096407406439539
-109.055037892787,1.06310626547202,0.455931280554069
-72.8942319032794,0.670060136671964,0.81241250471794
-277.093725261031,-0.811545504417154,1.80174202827766
-158.746805512406,0.637890570551463,0.680633480878896
-62.7534650445268,0.381139676406747,0.639857409682008
-423.644521377253,1.29168232067605,0.368461123449379
-288.776282000326,1.21610671472718,0.622035450556723
22.3389761157887,-0.100463250826579,0.670131860475522
-61.9727793021302,0.81386932481837,0.359850145279779
-312.286850858529,0.876269361469895,0.608456247500726
-438.650223048753,-0.552682473159621,0.574545390874846
-43.2897490364339,0.621289616901777,-0.122690077736479
-867.795951706179,3.58928583911984,-0.108413719899545
-61.4955465645835,1.02439655378112,0.731210483878385
116.945639643451,-1.31204409325437,2.29481786324322
-133.996872243151,1.03754261683207,0.242189686090569
-125.08851240026,-0.203059101986582,2.08402396513793
-541.56085820694,1.13312905251587,1.03340941942952
-368.236374581043,-0.736193991351684,1.57543317821001
-228.030089826309,1.4720718646422,0.885144163250516
104.347489695283,-1.05520931970386,2.776593283701
-7.82744985941099,0.720954478543717,0.0205584808682033
-190.78892397898,1.84077260005506,0.295457648986485
-236.115845181295,1.28119170917489,0.0972594743943773
-117.53500871588,0.999494351795875,1.22452577813965
-346.023482533725,-1.52696764651046,3.07147297394113
250.834157433899,-2.93830864891061,4.15437410504092
-13.4633257508176,0.915858139480406,0.603069868142484
-174.063340880544,-0.0867118921305519,1.75975180126261
-8.48829099408522,2.38874911647872,-0.222450384615513
-291.370891130515,1.67020986988791,-0.240848833956989
-301.942098814354,1.02215457735292,1.01727154711261
-188.60700579633,4.27541997528169,-2.05143398007203
-141.215594395268,2.45457909286233,-0.72310195305181
-141.224258333939,1.09888438340204,-0.0101514511043206
-334.063362444576,0.446933455183171,1.45145965143456
-28.3874263872858,0.216612191419699,0.86383141024271
-183.364001659676,-0.025923355773557,1.29737979274068
-257.575160797351,-0.676467662618961,2.81740656342299
-85.8624966578209,0.961456486344105,1.58082473849936
-334.47123375001,0.699674378556665,0.868604419898475
-129.211105898845,1.19934817037344,0.0783106425078586
-115.730023323304,0.182969835808763,0.484763923889659
-124.541965312989,0.739028582611354,-0.16655982771772
-116.990500631396,0.714113318856107,-0.159962048768648
-65.6512912843245,0.441261693405977,0.320852206263226
-185.602677034636,-0.133304539660458,1.11226643523332
-98.5934182570927,0.47302780020982,0.0594500385050196
-93.9195271001954,1.61191887891255,0.0886793391327956
5.47959475036623,0.290898586704316,0.865704892028589
-80.3189461980091,1.24200919721625,-0.329058526389417
-107.351092910307,-0.256684140957077,0.717579063872108
23.5337499086163,-0.111458986124489,2.11486323588178
-229.720258498703,-1.02621477447792,1.96991680903011
-18.1642203982519,1.01943263921567,0.983241117661237
-387.226998601342,-2.99120757149649,4.01507930402295
-104.397710987461,2.0415139341203,0.440276551467832
-134.637350682948,0.606590055700508,0.483174945446081
78.2557353761513,1.42229488300291,-0.502449721272569
-178.746080338955,0.324662602855824,1.37981154085355
-169.110199342802,0.387284868182178,1.49485455973627
165.938306636235,-1.51211918506306,2.04676362368627
-135.169044851355,0.791632121545263,0.747714944998734
-86.1890396812232,-0.502165195750422,1.00808178655643
-501.077570681609,0.0471997994463891,1.05845133158073
-80.3945567274641,-0.646300613225321,2.18983059171296
236.645523564621,-0.0869512634453713,0.9479318999729
-426.393516004027,0.440451255679363,1.80869584684842
-182.214125854167,1.26799788155768,0.578644166169397
-162.487941127398,1.23266316027366,0.159343563937
-220.388422721124,0.481079056728049,0.439103125900147
-74.0403672796965,0.667597933657817,0.672758771728695
-275.337115742281,0.873081847232243,0.542232671351485
-248.171436938152,0.599860607733717,1.46950145503524
-69.0861889311054,0.520295661321143,0.74894776938163
-179.019347623797,0.616841566719813,0.897658002017124
-137.025378502833,2.30471940619464,-0.186191327782581
-37.9590678917593,1.68227291580115,0.930883947388793
-152.343078994483,0.902475567403599,1.68146915315447
-491.712727387589,1.88961126056893,0.561706644675496
-291.832326550546,-2.05602323329003,4.58400881843409
-429.505630501488,3.32765099747667,-0.282529882078961
-296.032419679621,0.157696214984753,1.15345042975969
-268.993279758317,-0.945285914072883,2.7035475209268
-25.7892494029365,2.04802908408237,0.100161842361558
-144.294872380313,2.75348015132477,0.912601057847496
-189.524695949774,1.52769499076931,0.381828746350948
-135.01159425675,1.5627693303104,0.46480921091279
-393.941295423487,1.07455552789816,0.589269077841891
-214.342120103989,0.286169473052723,0.137634895480005
-176.326029209362,2.02879217997543,-0.480806809173373
-212.210267618895,1.83748397917952,-0.906831658270676
-220.970497913047,2.84974972266355,-0.369510153370356
-76.9207936340827,0.670458235081242,1.30744668460102
-117.899024710277,-0.338598988353624,0.806680805748329
-282.813285519893,2.26998134556925,0.0110657733748667
-210.073814071111,2.34214438799972,-0.0395734447838549
-306.729564166359,0.809051393705886,0.675871028099209
-146.136213528807,0.343931909741514,1.46100002455933
40.3286664002226,0.619491999954334,0.129309301089961
-92.4540718106728,-1.02226184375468,1.8455035097104
-196.044121983883,0.0884476005066972,0.319337374894531
-126.202797469588,-0.0270673171617091,1.42423592694831
-52.6970109461472,1.13054681653193,0.378481232713966
-115.400109090677,0.272533983603353,1.27091819425505
-334.023300187197,2.11975710224942,0.879214378917823
-106.262039837631,1.59894195265952,-0.484289251995506
-255.91628851249,0.398152048655902,0.965338622700074
-117.795775204449,1.63239042030182,-0.265994962610421
-108.52125093239,1.72618863152456,-0.028639431038755
-162.211477158708,0.213069763423846,0.243563383235596
-206.835994599736,0.622254884277936,0.246462449198589
-196.099659024614,-0.632735991130176,0.854308119887719
-252.191981289565,3.09689122832788,-1.24605172892916
-172.706546344782,0.343940748716705,0.521039800863946
-162.302223748149,0.942251818400109,0.673800652450154
-161.880466001501,0.486494355776813,0.757693718900555
-496.731470252431,2.65800691765617,1.7406060105568
27.469833865187,-0.641843495715875,2.57693011294759
-135.88815140129,1.77585172229738,0.243332302299677
-393.694434602497,0.975541433103899,-0.251986795308767
-167.69742960982,-0.0698170386999664,1.98141733874218
-389.63333763212,-0.139482017140836,0.667140096782532
-294.26187263765,1.1292795517802,0.567418715683743
-65.6347983739543,0.155857750069117,0.991034231672529
-216.911271021367,1.17757614715811,-0.144337322934007
-66.6260691801981,0.483761683630291,-0.0288982728234259
-108.579022738675,-0.186925077112392,0.836579564111162
-147.453748879139,0.117451357102254,0.651887264029938
-91.3666207167917,0.411499319699942,0.0753391251782887
-120.730370824542,1.59333747938217,-0.338773709809175
-173.499832428846,0.745322519893762,0.16898339880936
-126.042640224019,0.804781897590146,0.45401770062017
-29.2503552746784,0.972565624950221,-0.177282030257629
-349.721449960663,0.775094789156356,0.466566682989651
-306.443249846881,-0.176070902816718,0.747568995488109
-1.80200520854851,0.766733507116442,0.0119781256653368
-224.984504694541,1.07202453222635,-0.0141870583902346
-17.0208908623317,3.05449076190416,-1.20618263087817
-293.052752309559,2.66606422683799,-0.691573848002008
6.67058915790403,2.59049760122798,0.900815339118708
-173.06743568118,0.0978111342119519,2.25974435955868
-240.740265977656,2.94625823010574,0.0201417946518632
-26.0980895028542,-2.50868959413492,3.36420839962375
-126.204105399179,1.86164338240997,0.815877320669188
-105.072579252912,-0.838691917771939,2.92938214073365
-364.433279588266,-1.7410444554489,2.94214295012353
-71.8997438351653,1.1442247703817,0.334964208479505
35.4596990462451,1.37911940956837,1.09169975982513
-355.600395312053,1.40007966245321,0.690657104078127
-151.927080920061,-0.448388099561271,2.72460898126883
-145.743362308247,0.967793520365376,1.11909473386186
-198.979994857789,0.298205941391643,0.687703734700335
-141.145326531037,0.842628969796351,0.26490258906415
-258.226352397367,0.470088891677733,0.157715962879593
-176.983108954271,1.28589194008282,0.511246947513428
-60.3636393927736,2.21186994404707,0.238859858989599
-164.563632998063,1.49459385344744,0.289019224607273
-294.85167330289,3.03440078157291,0.38803074133466
-474.455753111665,-1.01180615592602,1.84268267526568
-118.511995704946,1.11383559450042,0.0773624137800653
-25.7553660271369,1.02024251751561,1.15235631357064
-54.9839590321571,0.645393019920448,0.642200849630171
-114.852999184717,1.61743535947608,-0.587225817755098
-145.698613772118,2.87233400854529,-0.815820102914586
-40.8715068076272,0.0926633626804687,1.12127154988411
-194.213244459039,-0.116609914365199,1.59177076314518
-110.873057418597,1.50761821237393,1.23500806352604
-376.410087585653,0.105237352916447,1.33104086438834
-239.185444420233,-1.03973341929668,1.88344323918864
-117.663222970441,0.380070812578197,0.90319911898132
-239.105174016251,-0.259980766248191,1.57953959339648
-161.796010911843,-0.305010712123476,1.47754545112548
-203.189689187289,-0.14583763864357,1.18181760281732
-137.174638859724,1.52209648145072,1.87217549415072
472.949918973813,-1.33825119961693,2.69854146934631
-63.8132974494365,2.43555372522678,0.0981029153626878
-624.315944643749,1.3094141579204,0.491691008850466
-268.337452857293,1.21178322836931,1.014839481737
-291.479849932985,1.50951479954529,0.585490330384346
-116.313958008861,0.383002944469808,1.19229067553533
-179.184501650394,-0.57238306121144,1.58111724799528
0.71089182982405,2.29504106933018,-0.502432932708871
-423.776966513997,0.741812666412443,0.555629195383517
-238.577450228222,4.46767438187999,-1.87645563307524
-388.99753111352,3.51053783849784,-0.453188049619712
-274.738414252024,-1.5514587284124,1.58293007337488
-158.070135491289,0.773938041878864,1.16927311541804
-218.656553727269,0.508614195416158,0.349814420362236
-256.939485718787,0.340879637275066,2.09247734381643
-11.0738321164681,2.38426641986007,0.590035548739252
-284.511868784408,0.86922134620545,1.09191586035013
123.631868382246,-0.592759306229709,2.79102265867232
-140.893912580173,2.70973368403793,0.253087105556915
-162.75848034324,-2.4282687670202,3.62167568672157
-124.323030923348,-1.10481429754873,2.87367925327271
-49.8675503356189,2.85468623106317,0.15185971459141
-102.816874870798,-0.0599677187128691,2.19140120194061
-339.840122988797,1.37736030976521,0.949874974632621
-554.216628181181,-0.135016304135206,1.12804842395417
-383.123835121878,0.554015960136894,2.45038459595526
-588.130673123116,0.401370779589342,1.40348448065197
-281.331011069269,1.84386231555254,-0.203046098715276
36.8687579937105,-0.437591538080596,1.66295271817125
-34.5152409881302,1.67508484746213,0.727392168657389
94.2156533926754,-0.410255582697573,1.90060962645293
-359.682240932365,3.28704014890536,0.561174573929748
219.439966248174,0.483130973792868,-0.860691380117714
-133.884303693776,0.486375274966122,0.858306152148998
-206.364237905014,2.19011920376215,-0.517618884667172
-151.649465422961,1.70049045197084,0.0179393813377828
-278.788244822746,0.178334291602368,2.67533728807211
-475.217700209716,0.10819065625401,0.725569319853093
-149.772218476628,3.645153479285,-0.865166642670374
69.1927700123051,0.121923696053273,2.51909288391471
-338.258733930081,-2.48910602263868,3.17570507254277
153.577467943178,1.94046076034283,0.202887497056508
-90.3204371381962,-0.166586859413655,1.3305680045105
109.542574232095,1.66619906940468,0.216098508099094
-522.113365822879,1.78134278944708,0.316344172762911
-14.9304203478132,0.316546165239743,2.20251297361392
-323.836201824415,-1.43447681619,2.94817882879579
-463.991150536138,0.647051966876461,1.40642637450946
-296.54161065357,1.29143533248862,1.46076428830565
-340.286135333008,0.299501582907396,1.86953887247364
-221.364201623233,-1.46974361193497,3.67618433228927
-228.365110845822,2.27383979951264,-0.657419409806607
-384.342994906445,-0.957310788813629,2.93620756830205
-134.10079335278,0.00569454793003388,1.70073320672964
-327.096093593253,-0.56823842259837,2.81715425374932
-111.429503728694,3.48915080072766,-0.500746537203668
-310.252031921977,1.16568999168703,-0.0789055929635651
-292.145937607642,2.0914396107255,0.612000060456921
-265.243496584146,0.573832255715388,1.13466642179992
-148.628489905881,-1.66410514804011,2.39587265547016
-100.686421163002,-0.191491334306193,1.67630611881759
-595.400438419776,0.255652585503412,1.21720027256379
19.2284605092282,0.446202562166491,0.67264747916488
-45.8221307499989,1.63952097147558,0.416127672582661
-245.258918597283,0.929304498960846,0.857498296027188
222.10472626712,-0.322851616649132,2.39645223210391
12.4352616299657,4.42479030448158,-1.23674407901126
-285.218892547258,2.2835335161144,-0.757055850466713
-83.5660883458622,0.589952874688606,1.42476829703082
-337.246756393171,-1.15569934723317,2.44814632886846
-366.743623826071,-0.466362435569863,1.27200564169834
-93.2226895022031,2.50904936712323,0.0587066705120378
10.9742363726837,0.937197213002946,0.405415350334806
-163.662896900089,0.263742814160651,1.37056481809122
-281.098481844179,-0.647314127811114,1.59061496442155
-96.2678840742446,-0.309325304144295,1.47436050597753
-138.829103762866,0.612980656109357,0.477053742548378
-165.19732663894,0.349048394440615,1.14298915289692
-220.4961025831,0.711872915722779,1.3631232582411
-242.044631501965,0.0516268579231109,1.26477916975273
-254.370551242522,-0.423972958320519,1.62501710026481
-592.336110370532,2.49262788789565,0.281758391065523
-59.7843900672597,1.31862853895291,1.36190576852823
-121.642879396786,2.74804021746968,-0.0432807244651485
-0.851793264664593,2.63710618996993,0.118416000739671
-387.444981737266,0.543459146698297,0.464823362315656
-227.743787759506,3.83728676682222,-1.23394713597736
-353.553370081936,-0.112289722535024,2.69964019075269
-77.6285888430557,0.741356975180679,1.41552075199365
-171.299789761368,2.19068496559339,0.415603656947496
24.8423603505362,-0.0242340778640937,0.912951136218908
-214.247064608251,1.47774723911425,-0.311386600515107
-28.7224641092616,-0.500766118901083,0.847573820647085
-202.269610185416,1.90070991514222,-0.363081105439051
-405.150587865894,2.65873291551543,-0.134077091090148
-98.7124049463018,-0.182437187962933,2.25650916078303
-585.485262303584,1.76747916505337,1.23809131462258
-98.9864948273171,1.94013404648285,-0.40016247415042
-306.035924494208,-0.117626653714979,2.34358892688761
-470.374847454965,1.16101462618099,0.189910238257653
-86.5227836351551,-1.5667670990224,2.90228393298457
147.957098543564,1.82171416855999,0.299827980306873
-160.812820768238,0.383124700506414,1.34208811102144
-113.588096988675,1.24902710477181,-0.140606271292199
-124.784619716649,2.37559938646154,-0.996901891499874
-382.406816028331,3.20306435480597,-0.286970089873648
-186.470753111535,2.22398436650656,0.739004382790881
-95.5533760997059,0.763841658561432,0.197510053141741
-64.9097842607498,-0.809277691325406,1.01674315270793
-20.9534418266994,1.03662699399865,-0.34988995220192
-135.965379235626,0.740667718317127,0.552417248210986
-237.404015094777,0.230546044625953,1.10368067328818
-124.049244762478,0.8477173637948,0.443860477185808
-117.494774848026,0.752974828516017,0.157985559253575
-98.1033112742734,0.0122010833147215,1.04795990011917
-53.0402720637885,0.643211899776361,0.734703481291945
-158.194292564978,0.325838706339709,0.746098478251952
-177.426709010106,0.676654250019055,1.21094050350803
75.6835962268524,0.638766774325632,0.803949029388605
-55.5946217774399,2.96483590686694,-0.81465465718793
-158.368857975016,2.34334127360489,-0.983804512070535
64.9087148920516,-0.803015878685073,1.6809388506008
-38.6804850216067,2.85043805310852,-0.053753488624352
-360.452062101234,0.0262944769237947,1.92857711701072
-123.56371014507,3.30294579320162,-1.31959025559991
-274.201927575807,1.9106589668354,0.000775700595113449
-109.460093519898,0.306852068264561,0.717539076140383
-341.887736973906,1.03166085311386,0.0337714631750714
-104.402032974865,1.36408250938985,0.68640375952964
-302.719836087789,-0.113441788620548,1.09524659214549
-123.14896968886,0.760898749300395,1.201219716575
-283.76883700474,0.937985297234263,0.0759535090473946
-168.507795108701,-0.36583315662574,1.42846193998412
-260.435738585787,1.88975168069737,-0.205636417318601
39.2536168822608,0.734568499523448,0.570886817200517
-198.662830286747,-0.0451065519009717,1.05808251728013
-164.993173748502,-0.383365201094421,1.57531681567343
-193.294869100588,1.54351125664834,0.360858899839513
-213.135224431793,0.639206154915883,0.911956091353204
-528.123428655061,0.73595279212168,1.0629861530615
-17.0922879485297,-0.189165226212936,1.04288824104879
-86.1140727559796,2.20002938626567,-0.464603393143989
-377.134164914998,1.79416621985729,0.386894339513674
32.8271161499651,1.62945896032033,0.787258914555423
168.181352381696,3.15575513502699,0.145936192449881
-235.051005533605,0.840104391048044,0.895750087991473
-211.773335343329,0.293232333380729,1.26574768713908
-159.465195469485,2.67810033267506,-1.05509219393571
-241.931592726702,0.18647951343155,1.2512889499194
40.5317151147319,2.15733252295468,-0.401806838563061
-193.667877912783,0.145856617800746,0.495003331816406
-177.673899254922,1.66932583747257,0.102724493510323
-375.1197563854,1.28326913862838,0.482190972688841
-150.518115373692,0.70458330893598,0.632175952021498
-224.368713168369,0.334145465232723,0.640733336054836
-132.7001650483,-0.140551633608993,0.62674675265589
-15.5076388940033,0.801224041962996,0.939089268078533
-62.186606575211,0.654266245419421,0.779385417452431
-107.146442504454,0.466545961204247,0.707154179137433
-160.067785156731,2.34254944886197,-0.456782269837277
-76.8002243225637,-0.138009422502364,0.544635438858677
19.3895813537674,-1.04060484970978,1.37709931150312
-254.229010397772,1.91466288259835,0.101245536839997
-70.4322578442861,1.33757581474492,0.803956247516908
-127.795697973885,2.81319859059295,-0.285619566302557
-475.235826827862,0.590732132128323,1.10402724902815
-35.0333657013325,2.32798931667639,0.583512689056079
-365.763004135413,1.153496661389,0.469904219629825
29.1146964007348,-0.277702491555829,1.45164794322045
-57.0478468676156,0.631044671688869,0.222392105635663
-57.8917404310232,0.795407897152472,2.93269307777518
-275.436433179857,0.358937684912235,1.08178433467401
-421.43288096429,-0.156238836134435,0.820099293807289
-179.24993035266,1.37410648504738,-0.459183053440938
-320.127220730494,0.163626091147307,1.26774929405656
-218.712096258969,0.60346362531709,0.307112581656838
-281.508146234395,-0.0572577702478156,1.80961557370028
-143.990599248849,0.15573392045917,0.295651797874598
-130.573596605775,0.769587406992287,0.867323902042699
-302.426905972796,0.23873907532834,0.596470980002778
-22.4908037339919,1.56609536145777,0.00917908143310342
-265.934567313096,-0.214582618170425,1.33248293795623
-203.112225225981,1.40834174316842,0.691216680992511
-43.2799992239743,-1.1364732353104,2.02684107115056
-628.617632824536,2.34583194032894,0.386402700783947
-285.389531486115,0.847631063341396,1.07932326296577
-212.052743462744,-0.292696046402853,3.04719629330793
-176.88474528919,2.4039659416303,0.575864817983529
-389.201414977544,2.61232617750647,-0.352732358216599
-234.815840089708,-0.202386607918015,1.27170118797221
-321.47712862464,-0.576532410021173,1.33034429120016
-143.837717373559,0.0811549712525448,1.35507491641329
-308.865070091259,-0.00202068653015886,1.20240475739411
-232.844038545707,-0.694237306117429,2.08200986444717
-225.900590457866,0.217706737123081,1.19192178821686
-103.081728794525,1.89076753457266,0.150517370639136
-155.775778813637,-0.32252340727382,1.89584506340907
-172.991610052362,0.480342894152272,0.375480230039102
-257.780534237798,2.49710034928285,-0.450670156045817
-228.224166513683,-0.111497983831214,1.55000063077023
110.965195130688,0.93847042156267,0.416902667674549
-164.007677164518,0.583272985306394,0.33649752700876
-153.308709249068,-0.114215032721404,1.86690716340672
-234.073879316165,1.22272801405779,0.282880155427847
-18.705792255103,0.3883607660282,1.23826959410508
-56.1386131216423,2.22904894815292,-0.132309255852306
-227.513302641077,-0.783816540351836,2.27863311341207
-369.569761348248,2.39883976476267,-0.053876105063523
-25.6114551459759,-0.298239289037156,1.4843720187564
41.4341074165277,0.577746016002493,1.11562621007761
-429.601785822684,-2.08748626513989,3.89934232039923
-396.090847680389,0.385574105486739,0.941414676613931
-179.139586746751,0.570189066085732,0.84927610665909
-584.336847799033,3.56721477726387,-0.159542170978966
-468.534861942164,1.51695187117002,-0.306856749972212
7.63430842505477,0.249383678608865,0.869004265608964
-331.002758751591,0.608084834848341,0.830413711100846
-71.1779542051199,-0.712266367307166,2.81192493476283
-394.849642077344,2.08631635320489,0.961003843869548
-380.922607669097,-1.08439566055313,2.07083803691785
-405.300365338024,2.13907602010295,1.57331782265101
-337.097364386063,2.89487779954652,-1.19116314873099
-50.212926953478,-0.145411963840161,1.07624024729012
-87.7684817386107,1.63768518899451,-0.137571502724313
-129.581440400216,0.248673446651082,0.807739028896322
41.6571617035515,-0.441448705445509,2.30367265972018
47.3730707301293,0.615612406578293,0.28710069648514
-231.677096983942,1.61443388072075,-0.289686018368229
-239.396836008982,0.893719753006735,0.0114946524481638
-290.140206907352,0.343150236978545,1.39516943234776
-208.901415096683,-1.03184947316186,2.76812000604696
-107.299334109703,0.331887615859159,2.27586382634763
-256.518907871223,2.63655181764261,-0.476727213710546
-205.201432278554,0.797959807830011,0.659646455664188
-385.396062897826,0.919898569671204,0.730903242205386
-244.657582388,1.56336696662038,-0.0508714369389054
-318.986621942749,0.695419007417513,0.829154113482218
-421.734597826042,3.03367558287573,-0.8451309074444
-298.358367134075,3.16697869522613,0.475247756236058
-1.06219808266542,2.10913489956874,0.186035131919198
-443.219549140289,3.59568252868485,-1.1935481952969
-169.092184941805,3.81614888874174,-0.766413559817011
-96.4760292766005,-1.88262696779566,3.62436166036059
-301.149298476812,1.31240541883744,0.453473538065737
-156.417153155227,0.620923478127224,0.893644366064109
-141.564731645689,-0.809497376001673,1.60201231585233
-238.723890906238,-0.119053942769824,0.543733906296438
-142.561530054758,0.307556964544347,0.811797114249202
-177.399042903169,-0.126426218586857,0.426589947877801
-51.090571627632,0.736171729302441,-0.432491237890645
-81.0651325639628,0.897076687724621,-0.172181531888782
-67.3625475401223,0.572995130147319,-0.0376657255837927
-67.3253349302568,0.406286770361476,0.210488097320194
-88.5751631170278,0.297402251915628,0.326853861100972
-76.7494405295874,-0.294607775940676,0.663549486649572
-145.695725770842,0.607858694856986,0.00630168033239897
-61.148814866021,0.589394691342022,-0.0360360863342066
-15.8133430654125,0.102055886200105,0.348049610809539
-5.36640421656193,0.474938558512804,-0.14860402469094
-44.6090816846045,0.167693008697825,0.285633161322039
-33.272874972783,0.458329777073232,0.0383452411042526
-69.9608213657193,0.0977790448523592,0.35068024973225
-39.8682273619052,0.688161360623781,-0.320728207123466
-27.8874544718929,-0.0757826265617041,0.289161146043625
4.03922825321206,0.158050652440579,0.133806684010779
-62.4220895377221,-0.144495515603921,0.297719605128805
-66.4578290820937,-0.0704655668814667,0.334386059643293
-111.278278004573,-0.288763091593864,0.461496603766136
-35.2824174158959,0.322490584709158,0.0420702295268711
21.0874345965567,0.413838817818032,0.150977509030781
-237.574784223034,0.234441130975028,1.35220323108661
-94.8993088241805,1.71487174832146,-0.285299544222653
-91.2616927845011,1.19858789857244,-0.116300195484655
-214.988811909338,0.273455125337705,0.888026290427661
-44.5332195778319,0.781421862051502,0.615489560477727
-33.2940479402132,-0.0466520555928582,0.857367683085613
-276.467761631007,1.2908872016269,0.64360712558846
-180.592328636645,-0.114498833267135,1.85988810731214
-414.31694594775,-2.62229652107635,2.70170565338049
143.378416842388,-1.30390739681752,1.48340656842993
-74.243549753679,3.84870499977842,-0.864070157476817
-537.087167950391,0.802048164943699,1.25373589820811
-245.185668617036,1.92106814676663,0.0710076626710361
-14.4047133550484,-1.15256467406289,2.3778454773128
-286.005138597277,-1.44695464210236,2.91350157481793
-103.6337696503,2.1440549203835,-0.286901200126522
-77.3656830835389,0.701960004626017,0.167273045124603
-171.690344471386,-0.784464601892978,1.42098572097893
-115.196257496544,2.37892461195588,-0.579436485073529
-453.676882713597,2.5128863893915,0.000969865010119975
-305.468002361718,2.39718477510905,-0.0865350009698886
-8.86719466972136,2.02356288339797,-0.000323570624459535
-111.386661415912,-1.580017497472,2.65082165559579
-413.441430386112,-0.067036957633718,1.81011007328925
-43.4939304745058,-0.237163786274323,1.42020758328727
-114.35092660808,0.813063224995858,0.447034439297568
-15.2307931396572,1.05041635427187,-0.0497326885088114
-34.2944363368588,1.15562458956265,0.420284578824067
-270.64539197,2.42124815530406,-0.140232334451866
-770.355562710913,-1.0228504021361,2.5118260178424
-256.769228017787,2.14128772649201,1.61840964542353
24.9694390098884,2.07526369648258,0.809918218234088
-150.365098779268,1.05968151357956,1.01792795378788
-13.5519788887759,0.823744480701862,1.45293796283659
-48.3956540541167,0.563214413181413,1.34654766540189
-263.661002227804,2.51301699926807,-0.462353229468135
-189.074020296932,-1.95187114574946,3.12160810968635
-43.9938315237232,-0.409569682975416,2.0080262586871
-399.658136369588,0.0939313858398236,2.39260919345543
-233.996683790378,0.187036489287493,2.13372160428844
-318.132329264865,1.09814959490905,1.47642000255291
-205.197939133846,-0.194189668967738,1.37658169458155
-192.351817953371,0.349535279441625,0.173584982223474
-131.012798279407,1.71051326600718,-0.614104576583486
-43.3763811764074,-0.138142364347004,2.43036181619391
29.015724351666,1.67372782052553,-0.269713537709322
-200.971837843517,0.458581968443468,0.386337867610564
-21.8031216344025,0.439499984538998,1.37332155500917
-219.691887084511,3.74424871975498,-0.95067713483877
-305.83625375649,1.14474164463172,1.20483062388303
-550.863956603906,0.511197536667169,-0.175234762980836
-270.430961736798,1.41752901914879,0.228939729262493
-131.21415503211,-0.275050407610252,1.18345664239314
-41.8767644746185,3.23348172716214,-1.6823132034333
21.6264537687166,1.5711342139839,1.27042556981905
-178.003551232294,1.87526357359457,0.235086625936674
-195.227342941987,3.77590106414573,-0.601267253106926
-197.167756327312,3.25270491139236,-0.789484905370045
-30.803672414695,-0.745795372975408,1.87323443360219
-286.073024525584,1.27988194953286,0.412080046196934
-118.560211503805,0.276131467311643,0.434657631674781
-216.986280185316,1.05415428808192,0.157561363521381
-71.7226806031831,0.235834734536184,0.799810226810223
79.5352330600472,-0.437143317465598,0.992207523431716
-157.801392992218,1.34592617924864,-0.0152777012408478
-391.457075291895,1.78057998896111,-0.18789046346501
-168.063459026627,0.26645730889868,1.23696342110634
-142.760657530293,-0.00999038002919406,1.99204195322818
-500.950385744902,-0.699775174507522,1.85840580918011
-114.691797018269,1.17841645545559,1.26256997305609
-332.279543115988,1.03217931442487,0.893963542352139
-186.101289189792,1.48663178635616,0.835252035496524
-374.740658623166,1.64981346021523,-0.326334234705428
-720.224066346746,1.17811837707268,0.949398724842467
-182.500846160736,-0.961824194775545,2.87305228150944
-127.304030730069,0.126850881812061,2.05881459377269
-446.178719671514,0.0772440615110099,1.92739287376753
-257.695423661047,1.43182197277201,0.147784786619013
-214.583963289333,1.91143191784795,-0.0955758281925227
-334.030735550579,0.526597901127388,0.664221598111908
-41.6432646710673,0.619430978695164,0.637292806219193
7.01435055683368,-0.116491191962268,1.35994236445731
-129.47954776659,0.701260183865088,0.634054032201675
-301.14510138836,0.595116193057038,1.43852096452611
-246.798232338158,-0.0790095199772622,1.4255503496679
-347.641907100868,1.85927965825977,0.178873414901318
150.12433064387,2.16096583296894,-0.291436502709985
-306.648122857499,2.96808894553396,-0.0195134615787538
-439.513419205454,0.949110212430242,0.886990579878329
-130.990920219716,-2.72199822393304,3.4685690894039
-233.354798746266,2.10585191324935,-0.405931031767977
-184.098979810922,1.22861341047974,0.502815807340085
-295.885962715955,1.6724469052715,-0.410656862906762
-410.784271360761,-1.09644720767392,2.59935724273964
-89.2693509748424,0.789677741704509,-0.186925669135235
-13.2031256794144,0.279343888600124,1.18585500954941
-162.950622298231,1.74547196089406,0.0463140359497629
3.11462866455076,1.36117034239578,0.916337210030179
-92.6839774459077,-0.882337614093558,2.18613020539851
-146.698823199356,3.60216628023773,-1.18350606022796
-110.846283718507,1.20483582545421,0.0447937682802149
-240.71682238215,2.76131973574957,-0.896614656987367
-132.945752063271,0.695691199274734,0.712076909083407
-45.127969163208,0.569796290947124,1.28397791588395
-235.589909512433,2.24211245400511,-0.169528580707265
-129.124523731327,3.16369918029523,-1.34483917683247
-106.169667307975,1.92300641032489,-0.636028264838387
-161.322891473406,0.322978944132046,1.12593723346799
-190.465907298618,0.773299066124309,0.25250536720705
68.7505810157018,0.261845518618543,0.17138569083545
-214.675226339255,0.339369911885797,1.0443406625127
62.3613386452453,1.07101099283375,-0.06902804262063
-602.179832022492,1.88277149467103,-0.407170524791582
1.03430249979283,-1.54694767140609,2.83444705243164
-306.239700107413,0.223873833227117,1.22403021242644
-126.803327343598,1.14853726004367,-0.440222318458837
-82.9167983818043,1.08333038402634,0.812010803158046
-60.0132498535895,1.66341372128227,0.563211329019396
-103.895485076326,0.13958267221642,1.43760835788999
-262.829992610059,2.44826972974988,0.08158275031019
-93.9204986171026,-0.548760508434498,2.03552300063893
-48.4118264858262,0.959105557936709,1.20485622133128
-338.15034276939,1.65686416581229,0.915585097201983
-179.432004722883,1.30569867420127,0.337407602593885
-595.969847932807,2.68114858912304,-0.660978996384074
-139.470418444733,0.573109485063469,0.382394934080367
58.7941496713465,1.82386408821912,-0.254349249742518
-120.242672521355,0.21305950533133,0.875296116195386
-83.3411901669169,-0.0108547124254983,2.06832395878155
-124.068735324254,-0.194656555686379,1.07901163645147
-172.300806479805,1.66868177994911,-0.166279476245109
-154.630472158562,-0.293864019477041,1.38779088365845
-431.665226274359,1.658558973053,0.425357122148853
-88.9907221251124,-3.34241598844528,3.09754751579021
-87.6609993769962,0.786738283204613,0.193614355128375
-195.683848570057,-0.391905683791265,1.23635083103727
-146.61737145645,-0.748459699469095,2.2195559686952
-433.164686757154,0.134165633409793,1.99835683575839
-244.819361589762,3.20647416402062,-0.500354466428689
63.6286090000885,0.7013288513117,0.733022262837039
-156.023158459895,0.832102928699896,0.68357099572313
-293.293389345796,2.21091001026798,-0.344692522950936
-288.840930648934,-0.521111386120538,2.35661895677185
-162.709831917025,0.167379125879961,1.62726704869419
-472.497513942883,1.73657699980686,-0.499939858069411
-34.0368117339349,1.58050067001022,-0.202350464474875
-54.3526333854243,0.0618624402313799,2.89192667108728
-158.072775078239,-0.231369323562831,2.65387288387865
-343.898737952055,0.459262051677797,0.546683861641213
-232.230533425347,-0.616565034273663,2.3202843478939
19.6367405827198,0.264830314627034,1.9533073433995
-217.103770178335,1.14655467366538,0.715856567323499
-192.862382643725,1.81465613484761,0.164111835634685
-176.618312477236,-1.69438337317115,2.91430338367354
-166.389527558902,3.72982457136095,-0.858701881734305
-77.1480900627794,-0.286495599517366,2.1857391070007
-219.344966701383,1.80149628871732,0.54981941592996
-654.132468689685,0.45440013858024,2.8431388040226
-340.296772254929,3.16239634732483,-2.15485863167123
-370.17667275487,3.04822892796801,0.251411874327459
-363.834460476035,4.13350038068893,-1.53803430467087
-232.730413389916,1.04977758534369,0.437406592885964
-76.0741913464444,0.551971248365589,1.44745330330989
44.235545555679,-0.0404747069169389,1.38333382517158
-153.183905707279,1.13015110576816,0.313741417630808
-515.223014197516,-0.741157810945879,2.31265174123109
-210.911021843327,2.02240665268619,-0.647350658779033
-273.48045858735,-0.92099327937467,2.21660414599319
-204.649475671176,1.40066559094703,0.478805717721116
-102.946106183066,-0.609134021637146,2.13779482898826
-99.5025581140071,1.54946966451826,-0.267800440074097
-155.236998389548,2.86808234945056,-0.876159166844445
-15.1251888373226,1.93841685177176,-0.387198669051941
-320.508953934157,0.44071796173921,2.11332713955198
-426.367786270348,1.94086114047968,0.0886026177904569
-2.99507974921289,1.61840018408839,0.206361184740672
-190.276004364394,0.471727205062052,0.752302866545506
-38.1085093095717,0.993832387161092,0.440505208942341
-149.482123481168,-1.99956142841256,3.70876326672442
-381.199856329418,0.469594684545882,0.178455775370821
-161.621048927107,-0.602143243420869,2.17950316742645
213.729145657911,1.99100041308702,0.127617058751639
-231.498379440716,2.36923493327049,0.0116429685585899
-322.051560150212,2.20630981452268,0.370756932054064
-297.044642373396,1.86362505942816,-0.0192441532490193
-95.1292218717572,0.877613365359139,0.518292833919986
-562.397819842521,0.696466559951659,1.40571251055599
-190.808122424743,0.478185025393032,0.743938861676725
-131.261007395718,-0.877669640096428,2.18109955602267
-214.581395002766,-1.37929989751137,1.82942273357548
-222.379884230395,-1.60175136412727,3.20602393048466
-12.434646258851,1.2701573522354,1.53745189608162
-364.420962274962,0.470626125686977,1.75751834391849
-225.489576874563,-0.1148863235303,1.01242299628211
-79.9524729328223,3.36502434262366,-1.19269482656819
-430.397156954234,-0.14533255763854,1.82875717703791
-126.829428631412,0.643357513543378,0.671463561506243
-83.3638393814035,0.755501804967935,1.57384037888551
-243.800754525466,-0.568870971343131,2.1858739683812
-237.725494349233,4.73131044802722,-2.39336065721
-230.505171893325,0.117266339309936,0.610041045063554
-348.10462047247,-0.547196355822962,1.71814829367577
-145.661503889394,0.490266484863241,1.40397116020085
-104.754163329679,0.955564377523842,0.602667736093281
-355.217776332487,2.18310660553107,-0.726424985332415
-85.791467141702,-1.10304442762572,2.26990863779793
-92.9030339656601,1.23871624872072,0.538100653153379
16.4832727685571,-0.0793212543758273,1.42057020103675
-181.910993918355,-0.910895580163924,2.36018833312846
-12.2674436017842,0.508732215464988,0.027666462410707
-100.462507146192,-0.210315675183665,0.806051634252071
-149.520897987106,-0.270018742572574,0.791274019211414
-33.7871634018229,1.78743678594765,-0.953945239236418
-162.152946207279,1.84003310664775,-0.724284577670915
-162.967194442539,-0.381890416625538,0.887807030092517
49.6244086100814,-0.0677584983495763,1.1493292075902
-35.0733910888666,1.0617131589388,-0.129234305568389
-19.6934463394864,0.645804372688872,0.431631108951478
-52.9301322262545,-0.364917640312342,0.71146476524882
-86.3944058985071,1.26753953425941,0.0566985477271373
-66.2863323818601,0.866895768784161,-0.189977468500729
-185.920714062908,0.358505983662326,0.405005406078999
-235.839848937117,1.25475409162755,0.19605040224269
-400.284853491517,1.74788146809078,-0.282565239685937
3.48868491814937,-0.505832298324094,1.5496867713664
-66.1970149684785,0.236792225005047,0.703089090646245
-41.6533287556704,0.641435565921711,0.105793290270412
-64.1402355663304,0.664374725987727,0.251753816148266
-100.66404300151,0.982315920911788,-0.180865871159767
-219.332147899957,0.508961397048552,0.218951510934858
39.5986892027722,2.90207773689326,-0.388449941940053
-121.825707719254,0.636700947288773,1.41700997229782
-20.3773256449858,0.441915854025865,1.51557640112878
27.7621033317046,-1.53451108219451,2.16895216627745
-171.102758169407,-0.27526896224299,0.951448630818049
-209.940705458265,0.385792330195727,0.409846907372412
-139.231437775321,1.06532908178087,0.0464792457933072
-33.4725235615988,1.55924982298166,0.533548861818417
-47.1286990292501,0.718655171993305,0.861422242334811
-146.427699349559,-0.345534841097106,1.07984124468931
-164.836048192148,-0.0529508381878259,1.534809686671
-186.2713138205,0.790322411085072,0.310927076669032
-153.521010380486,1.29674689784588,0.149150173587259
-166.071181191583,0.0603232115099672,0.32884770113742
-137.563504665944,0.790422265114103,-0.322759794536978
-199.088392180071,0.595214990134991,0.450342470940086
-105.773794458786,0.0835441963863559,0.66871602795436
-161.315578848938,0.0123973480513087,0.659717397036729
-60.4792597101477,-1.72220004687551,2.65622888124199
-232.846007997956,1.85455206667029,0.00733078763005324
-69.4620989090181,-1.05026517182705,1.85889497697281
-275.000928525304,0.419122417566541,1.03517279302469
-246.693642797618,1.49422286061235,0.193653693160741
-340.061311249687,2.1294039098284,0.401355751138908
-189.859898273571,1.71587696486677,0.878976151227107
-167.786516817403,0.421392745993217,0.503903224191163
-275.53339189801,-2.02384088181134,2.55492452110775
-107.327695656466,4.70906429988099,-2.18389349020435
-410.96149726212,0.161943503442671,1.71202508152055
-428.150939546686,-1.50223522560555,3.4249158087332
-271.557810950809,-1.14169635245617,1.81385956027952
80.6870456079778,0.120677612401778,1.25682210576633
3.25610677332588,-0.291808913578279,1.41615333211666
-22.1564296368897,1.5315935103863,-0.922345186299935
-292.809338033569,-1.74334038016968,4.00808399610105
-448.270511236749,4.43504303673399,-1.08001187970876
-37.3116901098765,-0.831298922479618,1.20832567306934
95.7908167703026,-1.15972753948154,1.77906260294549
-30.6748209324123,1.20345169815118,0.859223547508009
-232.093938331156,2.34435943001881,-0.72724690742325
-333.141389125085,-0.00299195418483578,2.01917932105607
-367.188976173828,3.09954544181164,0.33876094522202
-24.6814087034581,-0.660671427707712,2.82183328160318
-165.531822481222,-0.633448907330603,2.4088027018297
-429.583905059735,1.98062272748211,0.864371180825401
-392.279004013966,-0.0673819843359524,1.21627234701009
-406.481091332487,2.70270875165443,0.677376540275873
-723.269552104102,3.73238985515491,-1.66806525965512
-128.529368653049,2.13392642630788,-0.483699842516216
-46.5052934080741,1.95243386841321,-0.262853040338086
-175.724774708069,2.42291064968958,0.0326383916544728
-449.422913923889,1.45623657850228,0.959551293875847
-290.378057320409,2.2063281943847,-0.0377350921517063
-398.536288886331,-2.0149320694909,2.85952920242562
-508.990928174826,2.70153325506544,-1.5044797172668
-44.0523345695983,2.47303302747423,-0.544111234252341
-243.857780634535,1.90591437654803,0.837011927855201
-442.900669657582,0.472349501687859,0.143121944536688
-140.860314221091,3.23543617787072,-0.612638577142206
-450.976663554553,0.854920087207574,0.657457631681609
-315.340574292175,1.38768020275165,0.736447324801702
-194.70584511284,1.34342048432882,0.931427369694575
-37.6377001975852,-0.227294597301807,1.06820645883272
150.00869026297,0.041554082017683,0.765048070781631
-91.0581862692361,0.435593494505156,0.734399079537525
-309.565084911737,0.783182105660671,1.69919833296444
-188.842590879307,-0.817990755051142,1.96225894157396
-145.79165062643,-0.223728342127288,0.925551792344777
-373.023648040573,-1.28773192867084,2.65184070474788
-348.557289500139,0.0420622188066773,1.4008150074369
-268.841937549914,-0.399409708188614,1.41834844693949
-81.6117341904664,0.471530472423183,0.957841858762549
-148.157078319389,0.692982948821736,0.28671015627333
-221.298240494361,0.968791104125557,0.691167203080113
-161.739604111412,-1.47420983457414,2.8569282068529
-414.968228590646,0.220878631298547,0.608902193198446
-118.951357421205,1.16017676533374,0.428808586992091
-157.552000132739,-0.28694817442738,1.28002721026132
-44.772830908827,2.88182523638534,-0.219831925496692
-134.58173615341,1.55209038859175,0.454582753918658
-163.409395982075,2.56000288041832,-0.108846764051123
-444.261596874261,3.01288131469846,0.161703754856717
-212.327378324087,1.2200174805912,0.838986308561289
-330.600842401982,0.689652234446839,0.615744854840159
-2.0028212141915,-0.290489954611985,1.87203627089184
-246.135218501178,2.05745442127954,-0.24793699941074
-205.285900806746,0.380548647263367,1.03108568051539
-231.74512203411,0.405451572289167,0.68588459098828
-140.035569999454,-1.23043463877036,1.70956153016596
-182.322510155238,1.03191056090691,0.186980221100384
-222.065599115042,1.04854021882056,0.469881140510552
-76.5563766453124,1.09571362254792,0.255620604613796
-65.6542026995303,-0.303240733919665,1.13290729667642
-58.1565245027305,-0.314684665208915,1.3979614019554
-56.7950275225303,-0.178992677421775,0.932153192639817
47.3910646629811,1.43146379955579,-0.00208316228236072
-356.5378642164,2.51018375155581,-0.127500473270629
-265.647247485809,2.87420755913377,-0.269201389310183
135.823248490327,1.47680993160429,-0.645616225418053
-187.014894617547,1.88159977420401,-0.577377748624713
1.32146521433606,1.77984130293771,0.215427795948926
-317.463268478677,2.33634486124356,0.254157533963735
32.9260656910774,0.462001994172169,0.640633664181223
-489.876137137413,2.2884603311104,0.24634960158437
69.719964438711,0.841121410761843,0.811369311340968
-317.589433458001,1.63104981985816,-0.555482673276856
-496.152930193697,-0.0080440643869224,1.57385647326737
-427.310734557115,0.818720486786333,0.630906555859838
-118.226223868412,1.8414544296902,0.126103455782868
-205.469791822732,1.36335087685438,0.914127208103309
-63.4903168388046,-1.3019254532046,3.81277322859387
-550.252852835627,2.58576015848666,0.513336850126507
-314.553010252649,-1.94482114764469,5.06840094664949
-284.033419612562,1.84753550630558,-0.535973539503175
-69.4237439696153,-0.0417896751168882,2.08941868742841
-299.938054653579,-0.231076008436503,2.0395704896946
-177.840743825564,-2.60845350494492,3.46275656476064
-604.001252963528,1.13738797695987,1.14338952532853
-226.113914026273,-1.31018188458984,3.03149071426014
-432.892993860354,1.42421551878215,-0.329994099141913
-194.001490908504,2.07901903043239,-0.887407292633725
-50.303927877263,-0.87590943367104,1.53625699862096
-246.972191514782,-2.10111552943113,3.25127536300715
169.599351520708,-2.22006510713254,3.08278933374822
-168.76075036946,-0.825041486619739,2.36823420292785
38.5668100207768,0.00372734604025027,1.47492913418682
-366.658721313237,-0.308604426143575,2.75355646194294
-168.888662578401,-0.30095830893697,1.79706066726067
-250.936008571269,-1.04297964776924,2.81192038355221
-357.591572376226,1.41594654668734,0.138627012629513
-376.066346452164,0.990716135100229,1.42273108248628
43.0731304309957,0.967325897305273,0.770747119298903
-179.833930537454,-1.03128753767669,2.22676586108173
-311.261830934069,-1.37108553363942,3.19803037595557
-240.047540797648,-0.606869712501066,1.65147562043421
-119.330577604051,0.296224124351284,2.5127768421371
-376.448821380938,1.7220873963015,0.916201858635759
-403.717598062052,2.0299983190489,-0.677978619176429
-198.422257234502,1.53933721714566,-0.179598563758191
-249.112666156434,-1.14045521183289,2.17909113306814
-271.533527370324,1.06256333629426,-0.0138047594346062
-613.838950890837,-0.113715681817666,1.11206559383572
22.0496325552958,0.964412639819784,0.353616161679383
-255.272550500682,1.30232744276145,0.654552623840573
-88.319795785821,0.802032272113138,0.648341387837718
-210.962709233008,0.789487698173616,1.93525960525949
-258.479723510362,2.17548055861153,-0.681765316694509
-343.170168371167,1.51378554944858,0.914948659119545
-450.211571403393,0.919818007794674,0.9988174191094
-193.967522613935,1.50824599677253,-0.18140400145785
-55.859301846227,1.54137394415739,0.543474967627844
13.7018409208686,1.98008141153696,-0.684318077241187
-267.497712931914,-0.469778080368997,1.35122403749119
9.61609233956551,-0.709218436790252,0.953544983960455
-51.5214245207972,0.523781340256392,0.501196052417072
-138.405880977261,0.896071869123261,0.44344751360768
-20.6485537485278,0.00416997584397905,1.25130429193086
-185.189564747168,2.50048561015865,0.184498026152141
-217.92114264924,-0.0994188735348871,1.553861098997
-578.652289195819,1.15610010824457,0.749188123110798
-50.3072971130896,-1.01051136534079,2.03465509032685
-194.874538885444,2.09498284442816,0.290417996334327
-302.195867630464,2.75498888859875,0.520620000686904
-212.141054972955,1.18103749794682,1.08366145307082
69.6268941034941,3.32264716058125,-1.29453607898904
-58.2229533588215,1.45978688877221,0.708626802840627
-73.124936597902,0.716572249657474,0.72148406173801
-137.506944336026,1.64070865399844,0.21423525447608
-184.416607189807,1.63440330931917,0.280408145976253
-457.490302915845,0.646191756393819,0.658016454923199
-463.731739385854,1.97954926537932,-0.0619800836284412
-379.129593562866,1.57203976352321,2.05617994705972
-85.9667289014178,1.24541942309588,0.498756977125595
-345.72762700067,3.4525443148832,-0.611512063638656
-250.557016539096,0.467087701588753,1.23281574554858
-12.1162772565513,-1.55119059451681,2.05115081247641
14.4645004321774,0.966180823881587,0.838758900574248
-81.0777652267716,0.963747043264448,0.283607510558795
-69.7320758424662,0.940966882451903,1.02602169058082
-188.457329419223,0.313358370374772,0.264067775104195
93.2464449836989,2.27133990297443,-0.510725866784924
29.5774061830161,1.64918972743908,-0.0023180822172435
-113.030416180998,2.86719763614383,-0.453255913751491
-154.843859471366,-1.63396821689093,2.0837501178612
-387.333819201333,-0.972711542708566,2.11736339135678
-472.310835908742,3.21821219114099,-0.277164635910594
-218.65525962874,-0.414773293552571,2.21232978371881
-72.4502576036903,0.0272772490279749,1.67025105685025
-14.9143520609073,2.55927709903335,-0.0399960975337308
24.9968664223125,-0.78450832474482,1.78768186227535
-128.25068025259,0.687170919030905,0.819695158959803
71.6715815922125,0.903143370494945,0.592795808843221
-160.471608669992,0.517135671034339,1.38747754118231
-179.329198427396,-0.304677406064002,1.85671670408192
-131.298313889332,3.06843591554934,-0.830839203426876
-168.893450868905,-0.47655540084088,1.42888625810883
-334.733454302943,-0.884619364667742,2.72772239160258
-221.790382467836,-0.371234301110235,2.97390900876781
-59.4509448329663,0.911258501902921,1.59425467442452
-269.118541779389,0.184804711592733,1.32715021429613
-300.56660090544,1.65408360051515,0.479651547371759
109.750582406938,1.46246728638653,-0.187991527782287
-47.735805016011,0.0503444481291808,0.430711543813231
-160.870824591162,0.706319436150807,0.476023812094354
-66.3710978402232,1.30065619357629,-0.157828604002134
-35.2458658618561,-0.282466500808368,1.32876180665335
-127.331472601327,1.01657571950636,0.230899646245234
-199.226907091045,0.348570967624255,1.13590162208129
-233.172972515107,1.90133709087968,-0.506283373513725
106.556024914426,0.571874642992043,0.513163569979952
-130.394333581004,-0.249518043689022,1.17948986957981
225.073639251757,1.31819430428732,0.690555773741835
-205.33781256793,1.16541151959245,0.158029287398676
91.0898546052485,3.30491500715743,-0.327679127547526
-369.753826603439,-0.640485403804632,1.44461381756446
-165.368850813573,3.20250824442337,-1.74530264337955
-164.993464692234,3.97356232412858,-2.34091895885649
-88.9547045115833,1.51958674837078,0.933306180591899
-697.290163257552,1.73163670711801,-0.638816377904732
-293.621499505418,-0.933792888725293,2.26384000040707
-372.15967755561,1.45833442316507,-0.389104484380368
-19.8866906694602,-0.86581251447933,2.52313510825479
-411.733815039343,1.39808656947571,1.21732575593705
-141.542391064911,1.46431644452969,0.339446275511364
21.1721049979678,2.72269440002856,-0.621863667074649
-287.170159578309,0.309767593513243,1.09116283146432
-317.679510975271,-2.13633840535476,3.30978651980331
-180.364716767057,1.68295533023047,0.112891594675602
30.1770879070973,0.474749423665344,1.50704225925438
-188.201582841983,1.59016175842407,0.578646574431332
-304.262598628207,1.69202619414864,-0.0639338715554914
24.5788423000777,-0.201816860157123,1.52186632910161
-472.265231921472,0.858940816242466,0.40118206232728
59.605277270608,1.37096512629068,0.106292434196803
-42.5067654280865,1.06571645778604,0.250084585386503
140.936032232275,1.35800643586845,-0.481218086642912
34.3541116046545,0.474976622528629,0.627670973552995
-62.0515666087449,0.279675470577786,0.354705059187836
-168.573345039258,0.298186594678555,0.818171116938174
-99.526401349256,-0.815646637507598,1.61995495256269
-58.3343602240857,1.11762095806625,-0.359692895020999
-253.452633394285,-0.905570489121601,2.32842871791217
15.166267490803,0.0686421912541846,0.741352606462897
-225.006972531861,0.559412535454612,0.786959266813938
-54.5703486487619,0.922026833184646,1.3733306696522
-420.780871078139,1.2763781966496,0.299156970881086
-221.652827313577,1.17423029930069,1.19018496818171
-163.877407637105,3.26938780076671,-0.375432198725321
-189.063667944953,2.6190829270181,-0.644243724469561
-341.745656399666,-1.08020212315023,2.91003028620253
88.9703779596894,2.25829994276864,-0.111809046327835
-478.670450877107,-0.617036531497433,1.41073508269619
-79.7567879019698,-0.210095725389692,0.48070980081684
-273.458002499494,1.02708601423728,0.00650502293137833
-300.071798330808,3.34733840855188,-0.628977392800152
-390.314230260585,0.145345673547126,1.48514778017125
-130.258526137935,2.73242518419283,-0.272149479846121
-281.408354044441,1.70830510277301,1.1304893021952
150.014897772588,2.12983979491401,0.924966480655712
-13.1299417801347,-3.05420175456675,3.90558641459938
-82.4031563729804,3.96707762415099,-1.53207897418179
-401.049690131869,-0.295231864067318,2.42242184924544
-145.076010407269,1.82956747854769,0.639131896596155
-230.909148927778,0.456835482706083,1.16895055299392
-436.68135085902,2.40894368007139,-0.325232096285617
-400.175001709747,-0.213288389801164,2.9398617426632
-334.679052147781,3.32646180392476,-0.823176664765924
-151.470696533004,0.347001239395468,2.01690908157616
-165.795190867051,1.1814072928355,1.03198471247561
-305.49762377821,0.933714885904919,0.727108994527953
-198.954930683685,0.293066777609056,0.309023087000242
-416.657155839894,0.652524639786861,1.96735323911344
187.361033365771,0.796762158512138,0.458247914779349
-824.009811633616,-2.61763329290261,3.77706194525672
-92.0497682481073,1.08379812876956,0.205430317437276
-191.079676487476,0.928687461884692,1.44876329381077
-132.648777674331,1.72652033316263,-0.520009318672237
-262.525195345534,2.34837142398464,-0.500584660479944
-155.136335170235,3.16617498770938,0.596571721223881
-253.999311696825,-1.46884869391215,2.78152878433411
-140.441615296353,2.0508805831123,-0.938335802893562
-171.933861935919,1.54972835011722,1.90023899977678
-251.043748856959,0.494905227795243,0.176460144328303
-269.690602463801,1.13031179903635,0.65677564811449
-35.5499926026096,0.691070958171622,0.429687994270353
-249.278303558758,2.23372256578295,-0.0349457760748919
-450.136228554577,-0.204068780492889,0.934437333242386
-302.429355094893,-1.26842699131521,2.72324143888545
-118.833262184344,1.67768017121125,0.672030929767061
-245.412159401661,-0.433887857099762,2.60342402955575
-102.748136275273,2.95712073959294,-0.869965432713798
54.073861706187,1.03975861658546,0.310697013526806
-82.9354483235056,0.797028234985191,1.22787323692137
-361.473308602319,0.104294835920882,2.00559298960434
-227.541940184099,-0.677221768448362,1.54517877925537
117.224151394272,0.260290318251009,0.795328450105444
-117.967770749354,0.882853895789594,0.390371791174402
-239.980461159088,0.501610047620488,0.752798809087835
-46.5330838845402,1.07553990300221,-0.0592804744719615
-154.459571875697,4.06349545974808,-0.852038441305922
-27.8641969266864,2.86376879517047,-0.203351374359045
-393.136257200618,-0.462279098224371,2.16972903472197
-466.127760014795,2.40899830678245,0.0784085028008121
-235.321995120612,1.64022069022758,0.727295436168788
-552.371486256088,2.48313486708503,-0.284407391562127
-226.535908530714,-1.9402657091523,3.8001948711244
-173.14031465564,0.115350018837489,1.13122092090634
-236.376539387769,0.676273092318297,0.254037680948386
-397.54583475113,0.571308883809252,0.586497492127819
-270.683113432358,1.3999437011953,-0.0531194688228425
-170.152902511458,0.864066137146438,0.454101939882889
128.26741875679,-0.338970736376723,1.71429012084263
-237.51007522177,2.30432156334791,-0.352519681488047
-483.864782866527,1.27397559770907,0.146226654556813
-67.8997823938262,0.255051860542153,1.33697345751352
-122.350574526793,-0.643952107289806,0.907010233058827
-183.279460974387,0.696687126655888,0.200870216314797
-139.661197986778,0.569254378191545,1.37871401903976
-70.2395922356372,1.04233280623885,-0.0279661643871805
26.5728931301273,1.40366443546372,-0.0749116753067938
-122.468346085225,0.958765699935611,1.22828694225609
-23.1703680118662,1.96476255910602,-0.743207693427394
-115.4588771126,0.51957220636541,0.722645363450283
139.443422954024,1.31276788081595,-0.201277015359665
-224.020914987457,0.785844344096404,1.07589861961605
-242.327070284344,-0.0639403595614567,1.37688737588178
-207.19471163944,1.5746405304526,-1.2278667257342
-466.616093319943,1.29898347568815,1.36784865244408
-358.862445742387,-0.180398372482159,3.34366580242931
-577.31751783115,1.07002178000403,1.3113113354193
-210.049462663525,1.22042691083334,1.06311813701177
85.9165469195577,0.452870548753708,0.945126791451912
-67.9173230767919,1.99155858079757,0.662126808281755
-116.364240662835,0.321432632073993,1.04749978247855
-269.090789673704,-0.583271990311914,2.34640250063239
-375.576340745814,0.0952023031859426,0.828047524220892
-277.892470645398,-0.958931546745589,3.11526506416703
-371.418824470195,0.124799437106049,1.23837255028775
-23.2082302497292,0.421390459290706,0.82007720873753
-289.823697972097,1.14949442043144,0.719875090617279
-428.881947382994,0.844060934476147,1.54847802079166
-171.839063668711,3.22608842961199,-1.18208897716249
-303.546511216649,-0.51062961063235,2.51286485270248
-278.933570721827,2.35708070936562,0.401657285881811
-123.680463725565,1.6254965949629,0.834487405422351
-93.265512544247,2.91962856855389,-1.25966780136514
-184.258430049784,1.49673584385891,1.48049166111741
-146.646312695756,1.7026303052844,1.19707961304812
-596.132126573111,0.552519355434924,0.835406013327884
-26.6173683276284,1.2602050068017,-0.425452084991775
-181.139428531023,-0.538602560583968,1.66801797025983
12.8806653352221,1.3641511712849,0.00421142137383868
-156.99696393163,1.14980137650855,0.288317838632793
-114.052548679978,-0.559307339601219,1.80926853443816
-339.074474604218,-0.356068726687226,3.24321652622893
-287.21348908182,2.07084709389892,0.281010038250315
-289.799312813346,2.9681605065125,-0.764904928626493
-482.791013581409,3.94453754815913,-0.919639061579801
-287.277379366953,1.86396298269392,0.980221758771222
33.6411394781317,3.08964748933795,-1.07922961171425
-312.648175769267,1.12249758618418,1.14791263940424
-269.789657330126,0.64466207663645,0.952349917604806
-243.972753021597,0.496728132653516,0.797920383398377
129.292591162557,2.60719131773658,-1.03471696050838
-308.927863211298,1.03435702969728,0.6175703695626
-185.213195774559,1.56893943362229,0.167454843671294
-328.492578870635,1.52734506246634,-0.0595047356764553
-800.93918407445,0.509894252667436,1.70099380761894
-166.871021687315,-1.48655256775965,1.99553241389367
-296.529175437201,1.96910524120904,0.679175227269297
-480.168326940548,1.50298801217286,2.36539132121834
-221.393639819289,-1.15335771875107,1.38281327832374
-687.424146652927,0.540911926826084,0.698423494322924
-135.07458863875,0.204790821619099,1.50730962849048
-586.631513133179,0.497238610332715,1.42818626076769
-122.68392917185,0.655472275451757,0.784475060822842
-508.498996985814,0.855025112650765,1.69486850354588
-62.5693837618965,1.08862017809588,0.643135357851861
-190.843385791351,0.0217689838682418,0.348957320529735
-10.7610766941434,0.300940688874107,0.920492894882045
-90.9249817513773,-0.544330202683341,1.27943820110522
-242.538903901066,0.797180754394503,0.164114454106311
-330.328894526599,2.28093310114491,0.831461022928124
26.5445159031296,1.06720374828728,0.288927407877054
-41.5672328126284,0.77599515597467,1.09489565107287
-252.120095940802,3.3070822713853,-0.506856529776996
-335.901632812165,1.77324462372053,0.67301635977492
-492.387712921976,-0.135787234117743,1.80899523664266
-231.200529098438,-0.331302894643159,1.61891910235863
99.1856905285822,-1.71449658382335,3.57596655149973
-42.2969505907968,2.22774331568507,-0.148458160198061
-411.077123857482,2.37640781265509,-0.959352158119145
-108.153567337649,-0.538368066903786,1.60926629637106
-146.268322720338,0.0372615030428278,1.14842098750523
13.4288442942343,0.707716420885845,0.321769024347304
-135.231033019867,3.50017451084568,-0.87071366442251
-17.273515835077,2.00873152320742,-0.0109439629923145
-245.058789528332,0.700322244272684,0.934536998156545
-105.798760648177,-0.62362296145875,1.81936755101196
-198.658404234462,1.08901180210523,0.524902845175347
-224.310523602267,1.34774246509187,-0.198530609592126
-5.27233497967973,-0.416234389718738,2.72973423786243
-571.283760694601,2.11918252220494,-0.553871371586865
-159.808778483392,1.40686679992359,0.88183484138699
-57.2437035268813,1.15427331206592,-0.0648289649834624
-227.374813206399,0.705788182385731,0.649021502431424
-298.821655751104,0.340961334266467,0.756398910831194
-154.376712657293,1.84778830673895,0.903653132656473
-212.876165158203,0.30861891771201,1.66378610059837
-88.547261057407,1.44686224659381,1.0894742329283
-270.105336226959,3.08566358305598,-0.664570308435941
-376.129613762721,2.82292633621546,0.309064009043141
-215.819794971372,1.56205085748661,1.0267959640114
-66.2326664259854,1.15475787161995,1.2481255827006
-807.40090857022,1.17058574216571,0.661636957607698
-580.160667194621,0.86851427883812,0.774758734452917
14.9301325917477,2.42027052832418,-0.328689489550015
-198.007139968169,-0.213490269590693,1.29602922254708
-555.805859358807,1.08257035592396,0.225633816487971
-101.951936421319,1.3709768691624,1.49909192499763
39.8367699133269,1.84111401544942,-0.426981583790621
-12.8450414509571,-0.351844777083897,1.17064137263515
-146.424610820046,0.0175676457874943,2.43767659930654
-200.07420785127,0.215717740909895,0.757934326858958
-469.820588373113,-0.661108499363763,0.943573039665353
-300.21772158369,0.983536067622481,1.45575313491281
-257.806516499681,-0.0444983046327252,1.3690471230293
-214.572122102138,1.47198750563257,-0.198916858018492
-505.617468882393,1.18872890912462,0.39074655904551
-46.7808596279356,0.166407767304918,0.830685266439104
134.236587958374,0.859048076483305,0.335174204868963
-179.688963798137,0.59467899099036,0.516325298696756
-182.40969548517,2.03938419991027,0.208540924428235
-469.430969607369,-1.04798072043195,2.25029051869933
67.0123967567051,-0.586541806260357,0.715470232582447
-95.8671596758941,-0.100571322829637,1.87460410977656
-302.522898423089,0.872965652815765,0.656618796558178
-386.664844863204,1.02591861343535,0.721655560097133
-397.527829062844,1.26470369908202,1.77516678595566
-409.861396632565,0.805087251981604,0.863119734651264
-545.960519358039,0.986811213340843,0.615399093079759
-495.97153699772,2.19234796543606,-0.969328308186959
-357.274315927265,3.37558583795908,-0.413730663183742
-257.243472440561,1.12630796209851,1.1710944774386
-212.218736964009,1.90229617054865,0.162352122977609
-187.008990337577,0.0642017837890307,1.1189947550738
-577.690232631227,0.485901493640995,2.26326395006618
-44.9480217041601,3.52500029965449,-1.04904142130545
-217.717709503922,2.3210541895096,-0.630299660027958
33.4917183147154,1.40423798878328,0.210419317138076
-175.338529440982,0.0915309894480743,1.22611240809056
-44.2401822387765,1.75663144727878,1.61149554252552
-86.6709979743155,-0.820681434939615,1.63688530141371
-136.214197215538,0.702652217164996,1.22912510235619
-346.643193691998,2.16006399359162,0.143368196724623
-220.354176912544,0.880051847016148,0.830687050387496
-65.212465255709,0.833402844349621,1.41127338151273
-200.909647169261,0.744307033768564,0.812480154330842
-10.0231426675891,-0.442917519889306,1.46436035874649
-95.2256295933039,1.91954188112868,0.182800371818985
-495.36766224735,1.0365663411867,0.580589969948051
-597.946844852064,0.974799610339687,0.537068019388244
-326.002383416613,1.32564914772229,0.709423319945927
114.811873235982,1.39935749255892,0.412755070559797
-88.5110768477607,3.20849212008761,-0.963188414258184
-242.813590638456,0.834734785719775,0.534225231560413
-55.8140940081503,4.34792923843634,-1.20658172410185
-197.556522993847,-0.338767080320395,0.893142796252505
-125.66129588024,1.35204118148249,0.0138516318620532
-238.560220092189,1.06175585427263,0.93900764578575
-140.979318644515,0.478084884191048,0.400578966564353
-131.114514047553,1.16829625146784,-0.348692542487697
-223.092581189239,0.292970969050657,1.0453897467014
-110.067500887671,1.50656497850287,-0.471158331594779
-76.1342850049841,0.804623006755719,0.700722108216723
-196.914177598993,0.777363035304006,0.454898611220415
-199.196492238101,1.21324657887453,0.0447379451361485
-220.062558036188,-0.298961235290335,1.00037979308399
-155.96095391854,1.08904063221416,-0.139481107733445
-24.374364628864,-0.719477541482775,1.47560051110122
-226.617319575191,2.02488546083623,-0.617431551683694
22.82821724215,2.29836850293214,-0.0981270573829534
-472.958704114259,1.08967755892081,1.20105238715769
-317.204768038486,1.16841662111983,1.996459373986
-215.456150883823,1.66471818630816,-0.0166442663394264
-465.947439061096,0.121414544657455,1.74782508821227
-24.4307083498479,2.20791997800552,-0.575617533490004
-117.549728553473,1.38759310102614,-0.0312342734468984
-199.030610705813,0.429303552720739,2.37534958376636
-326.882189930126,2.79866715082608,-0.134368396338687
-366.61129789969,1.79488600922923,1.24875662849809
-432.439659929601,0.678859145438764,0.179446444191854
-188.584199191697,1.63467471463082,-0.532046266496764
-185.255506382266,0.521557119180216,0.596876770519884
-104.91791519551,1.25356557132909,0.773136682451877
69.129029515243,1.24876818796974,0.938077691781473
-34.2306031651678,2.42496073747679,-0.835241400174709
-94.1535216186458,0.289976222753467,1.76366868466721
-375.588910209379,0.208614507602761,1.50493529473897
128.250141847209,0.918444692288176,-0.175949094278621
-139.504287632211,0.796008586927201,0.531863120559137
-185.993619455759,1.71332254551817,-0.437631420263642
-87.0732141865446,0.81913002114743,0.250342084531439
-100.45552080273,3.95678429922555,-1.71682360392879
-137.851476608874,0.996684533538428,0.734399227600079
-156.577643443728,-0.621275286423042,1.23385397671927
-230.039288807282,0.125516974007041,0.392412552697351
-215.115563077526,2.02027655033089,-0.0689098847433343
-104.550557829127,0.293354371271562,1.27052970629302
-261.929919671602,2.35840333567467,-0.628910489295777
-94.2528646001447,0.590285554906586,1.36648359005812
-645.921116990292,1.35318919348356,1.38961393492355
-73.8218574238999,3.58321937167784,-1.10766661993694
-1214.90113583061,1.81813026760938,1.55789544261643
-49.6988957146041,0.79561898492102,0.738064511082484
-158.834730232396,1.72018978279993,0.464165379002225
-178.256494511646,0.579655819787149,0.0610600800282555
-164.460598713747,2.16429262125166,1.70400740065088
-460.930341765838,0.603829428007884,0.987690181522339
-148.832303433786,2.54472374927718,-0.0972991317139531
-24.1093361045059,-0.650131305330433,2.39104685053462
16.3936248462414,-2.20093535284104,3.47750462338445
-229.668792473036,1.88804197444188,-0.346082829404622
-123.676131233142,0.609906039688212,0.339867313472496
-166.207888065961,-0.550352127105725,0.951733548077755
-319.464517279237,0.315736299889977,0.0693859799939673
-148.924486510608,0.438933907432613,0.0177677118626889
34.8714554148642,0.152881123212865,0.754867967887549
-323.203521415356,1.24212825673749,-0.0295317349082325
-147.656263662269,0.647499151760712,0.525325907452498
-209.53499670235,1.52269728356623,0.178636089840438
-19.0076594586135,0.830406466702698,0.0917147434302024
-187.019760116542,-0.0304361293819966,0.86603080718487
-129.453187418898,0.373169637383398,0.722414062096504
-39.8634098730327,0.153199529457197,0.104055144998711
-41.4879802965152,-1.76714952194015,3.53237244692355
-85.3349140852224,0.201537267570529,0.741608338459628
-265.92641667994,0.85830299402005,0.757354142871918
-82.2224512229004,1.44772567825385,0.00474883886636235
-243.560437121419,1.87049622114228,0.504259697405359
78.2618959454096,3.81149306209409,-1.86812339593052
-616.653989209066,3.87016451119416,-1.16964044356519
-389.646672529081,-0.22966261345573,1.59271276068466
-331.218212300977,1.14053309330484,1.66839587798495
-229.145861590339,-2.22693602147046,4.7080265257664
-173.175500743353,-0.266312941719661,0.730929080993519
-70.4533292690467,1.21378108148929,1.15569701302593
-43.4679264327096,-0.420670155799598,1.35773486769176
-199.680924498331,2.44037142327579,-1.23174226605624
67.5288558161701,0.189439724112162,1.21323965443298
-367.370789256012,-1.91111545146305,2.53993653428915
-255.695791243692,-2.25880860543111,3.35582010149665
-51.5401982409094,-1.04674765027085,1.90002468082821
31.8025204621372,0.916169627475028,0.936676718352828
119.027618362757,3.88745523850957,-0.745879296417115
-50.515284860885,0.994620190875139,0.918525060347747
-223.302345057891,2.36584432833479,0.713090801174985
-444.687920095173,2.93753936106168,0.64392318832688
-207.74254437576,-1.31107689987402,3.38904743734747
-426.586185444588,-1.4522673402389,2.12643949293852
-137.022727485251,2.64535178182996,0.190829393133754
-250.300320343038,-0.14188085088972,2.67414796477533
-338.830128406204,1.54414061018906,0.37463923580799
-271.892619551327,2.47025457432392,-1.07718607439165
-349.457751213304,1.72129165665501,0.346257478660846
-71.4302317736729,0.24115795765465,1.52496726155368
-318.783817662435,1.03129261232243,0.431186647663708
-217.086130599464,-1.03491759061581,1.74895710374403
-642.284199604546,2.53147884257487,-0.0364202852651943
-267.28327220639,0.5198743043984,1.94499661376176
-181.218129674875,1.42046651153942,0.743944973073667
-264.594887170228,-0.574984035105444,2.64208729514212
-130.668880683443,-0.484681240457576,1.5551815390063
-515.819976340514,2.1283886492165,0.774811329858494
-195.294081714383,0.749142231958103,1.07141568161023
-274.285814500559,2.59325203493063,0.62214554665843
-147.372511690119,1.81026254488825,0.222293418104528
16.9248575707607,1.67733101411432,-0.619242143096926
-138.941144122067,1.32987751481414,0.785974497281131
-52.325793963726,0.308490377559792,0.891410934364103
-29.2829955343113,0.858044197129857,1.27291409669851
-375.915693293395,1.82736798295991,0.668131615719176
-240.797638256237,-2.56220437209413,3.50860018079402
-214.397100561488,0.638112235254084,1.12637327023549
-167.117785086728,0.471932762884535,0.437401147704804
-336.769459312651,-0.273510553836786,2.17101853560598
54.6608960950107,-0.876957830347237,1.79797083261656
66.60977665463,-0.0522887292900123,1.21004716629977
7.52675204191473,1.11761898596887,0.467108838041895
-179.470713337672,-0.20860990503752,0.933228580164723
-142.928060933686,-0.230391060167676,1.17041908091051
-253.117445421834,2.41054401570909,-0.569586930883816
-226.111593860158,3.38160381637863,-1.19957176443131
-184.304045700468,0.0712168936006492,1.47119388228748
-260.487758141993,1.56744243266985,0.793257598729724
-300.507078843133,-2.38973754432664,3.03537393885199
-247.624475091463,1.64972348225274,0.796215446898714
-178.535547361767,0.855528318446886,-0.532164878088224
-82.5565407046015,0.891168387592188,0.262439482241462
-18.0905210427882,1.60475434819091,0.0570824665192049
-155.005197420076,0.85377509353566,0.075228099769447
-122.895743352645,1.50133331453253,-0.114806785524706
-67.5628564942908,-0.322721205564449,0.781826824939344
-186.413769838939,0.931618334216182,-0.0804945227719145
-162.430370833434,0.453394903568551,0.278873137925984
-128.046323060364,0.746122935728636,-0.120435238422942
-2.66141607859754,-0.459938768035499,0.808948954225343
-16.4173147855327,-0.144029612885788,0.887751233705785
-106.415898925246,0.322514920364483,0.67195223843737
-251.291285011859,1.56728530190594,0.851269607082941
215.840145326475,-0.775981610255258,1.56516674334853
-179.345792682347,0.737288149917731,1.04581314227835
-550.637588313097,1.24026333165602,0.613955311906466
-232.891998470412,2.32782549849799,-0.338812456597225
-58.7354405231745,-0.304313364656991,1.0462679746488
-126.759344945851,0.195290346891852,1.47373957520176
-107.048627536104,1.8132551441704,-0.790654404721863
-227.652270199615,-0.855233210091683,1.66826719114761
-149.099810376792,-1.934016902449,2.48760030668927
-246.144003044861,0.6361573888571,0.381438049153076
-184.758800495591,1.42874401705194,-0.346577880678524
-74.9685454684584,1.90701812633779,-0.129623509856174
-352.978309156679,4.50931615606532,-2.06320593458076
19.2461391498141,1.56613668108184,0.496829927320505
-143.937539764207,0.761335239658365,0.74025592343969
-42.0533838095871,0.197288883908186,0.751597215217771
-576.391917306395,1.04744856512116,1.13439849873248
-258.73596362189,2.8629304212518,1.22760568342346
-219.398192238514,-1.0132361985161,2.40126302524004
-372.659420778517,3.38578508331557,-0.442289765458554
-22.3451684096726,4.32495905754331,-0.691381453008034
-81.6590978930144,1.93439464783296,0.212541313259862
79.7111887277679,3.35617441318391,-2.26209321667557
-209.29227245634,2.93217074481072,-0.541064247496251
-267.331674294284,-1.91394491182291,2.89017723695724
-374.129345749679,0.331879057976039,0.493249879422365
-43.4593085190645,2.24122284988698,-0.593341121304547
2.90159970580135,1.58508101814368,-0.182734357273148
-378.395847675631,0.705405759683345,1.01820414612303
-396.139226167405,0.997355549545318,0.732802268234082
-243.759580424987,0.239709637768101,1.45148260473798
-66.1398779028932,-0.913742239325074,1.88196470147886
122.245846117876,0.271394109231096,0.398138689321058
-112.618766913714,0.676961193152238,0.93290697906923
-238.43048261428,0.800436133198673,1.26739482834819
-82.8912995329592,-0.6192371736106,2.78846349386731
-52.5855414528778,0.272760373452911,1.14390555620776
-446.897989471589,-0.367551408417057,0.956454953739012
-439.57935819542,4.01303987080246,-0.563011622842168
-273.910030950283,0.385727984201367,1.78512586079887
-169.986227333538,2.56262731101015,0.614910533171496
-85.5923429251743,3.22428873143508,-1.41466478109942
-286.381000804922,-0.0412954867742883,0.872518679578207
27.4686582141585,0.422796692757402,0.0974736075331748
-163.802628927915,-0.177393553181901,1.07630179374246
158.416375062938,3.27412043451477,0.511525055917446
-313.621274718811,2.14901013670897,-0.441886785059296
115.201693139912,-2.62678880391104,3.35637406683236
-175.392228905173,1.21855342904746,1.06072792068699
-261.884589504808,1.06342928274898,0.124152446078369
-125.918627094623,0.417245845586876,0.781686911606812
-95.5096799487656,1.68526886215841,-0.559250560909277
-301.538097272722,-0.105722236112342,2.11117045398714
-183.957624283154,1.54308740298438,-0.00825534424802754
187.573223942942,-0.643026929409643,1.68568265234353
-108.918974513879,1.2687822813532,0.543561198086536
85.1792977998339,1.01338358824432,1.7643750513671
-233.60644353446,1.72197284440335,-0.174515224232437
-80.3750746285659,1.67151332153298,-0.0593924148997758
-226.642321017265,-0.266796016570879,1.26275727472967
-67.3427628772115,1.14215282597797,0.200959411231452
-76.203159510158,0.246151056613598,0.361750639844104
-153.981567625441,-1.19667938903149,1.2620424759225
-22.3062723298171,0.231957054202212,0.287498869176488
7.37095218962349,1.62812870609923,-0.426422299540718
-51.1262524757185,1.62193613938871,-0.437622250043205
-151.269572788486,-0.114559491892578,0.358403158302281
-77.3521278870903,0.460612629249226,0.513757893131697
70.412543034181,1.55171917799453,-0.574376051990839
74.4859843102668,0.788288555258077,0.542999748780858
-238.806331373475,0.519065516746195,2.12903039444427
-56.9481879012601,1.31687693520507,-0.211773592298414
-250.90539221988,2.16977906128159,-0.679670880028425
-104.885337073123,1.77042947217706,-0.0815412070951425
-6.17465191309748,0.38999736570986,-0.143003049699473
-131.919600919093,0.715282654826296,0.831413015592261
93.9947605680645,2.69875517510127,-0.252213986124843
-230.891461178689,0.427034779597307,1.30327968563506
-343.768984401635,-0.00363260612357408,1.34243041598529
-165.465811427479,-0.289823083716328,1.24060053368157
-269.977894163128,0.232398304360686,1.01566262688721
-136.731521742586,-0.0460395561094629,1.15096822636042
-350.050801328529,1.33313369162715,0.51577906604507
-162.895045996665,-0.491546513469075,1.72242878996622
-75.7209866963094,0.699550508288667,1.25934550256716
-56.3373690107401,-0.00956271468021441,1.53320428216921
-211.263710247556,-0.0581159832145204,2.15249186672736
-32.8137809518084,-0.831969422200928,1.93962917558383
-172.444106253126,0.804057874687715,0.747839446648868
-245.845051769677,-0.261154340740177,2.01644769168342
-253.707952528814,1.46241586994438,0.507930710329674
-35.5478054333362,1.79086411361641,-0.20826670632232
-545.897044536883,-0.522580541162824,2.33497252459347
-405.276866260159,1.32137509275708,0.268695907696383
-404.852790471939,2.33467020784155,0.0980698931089137
-150.152302722614,0.135699440084863,0.840598838665755
-130.063370035132,0.741851137558115,0.825572252608254
-218.384713701424,-0.286382998492627,1.20026858252822
-173.412471834345,1.11304460509564,0.561428740387782
-189.846877816079,-0.664680164540187,1.56162489518465
-23.5840178056096,-0.0891971065429971,1.15545969047525
-54.945323315158,1.16205635669394,1.31204828366754
-333.950233488053,1.66183283165265,-0.14514610938204
-274.451066164045,-0.917999347633668,2.10865275704418
-322.798296977446,1.68957069716271,-0.161897722427966
-443.044615363877,-1.42397495851037,3.03750527763987
-272.088160724059,-0.0236053245171206,1.80532578317798
-202.612243572898,3.09537290352455,-0.0678834444515815
-17.2882449936296,2.05593959186081,0.592889323845156
-86.8086396415238,0.104566710826475,1.19968960541155
-65.5511783295406,0.265211782796541,0.965415867904085
-246.542152336908,-0.353145461886015,1.22828521562042
-372.136998974485,1.7166283853694,0.639968827483244
-165.556533703289,0.987149121501716,1.38304637289548
-104.219983082046,1.31039550954301,0.130169810960069
-421.946467632471,0.65474284242373,0.3986833099043
106.331746879354,0.908837412425783,1.50738338462543
54.9006326190138,1.06372243113583,0.654992321244208
-33.9033044922689,0.377982852500281,0.758692928851815
-297.390222204836,1.31611942319432,-0.197982796074939
-132.166068338818,0.635345125650929,-0.159631092508789
-377.584171735951,1.36991750106245,0.0543734170787502
-134.514381701301,1.87851417195634,-0.958465269013686
-65.0230911199578,2.24292687154229,-0.557439667434664
-476.488338864965,0.877447411126923,1.65922186378157
-716.777534178604,1.53971211576572,1.15800767557812
-143.584840297357,0.988359033595771,1.21081803337438
75.2466595973383,1.37705136662044,-0.305718437477481
-67.9611482197943,-0.556937895715237,1.39773000028799
-339.224976460122,0.901504017303523,0.777362454312424
-391.54231858367,1.12004776379763,0.973423084520618
-2.60347606149298,-1.62379733198031,1.67970441887883
-435.839121885398,3.62380099469738,-0.667402206599945
-298.778239412604,0.563800668336626,1.40828575609339
54.9317396466067,1.41977310445509,0.773070968534739
-342.732255766954,0.871634279668797,1.01427283123485
-95.1259533946577,2.37985518747882,-0.370205936720595
-81.0611246885528,-0.00214086825144477,1.20689037076954
79.5867406158359,1.37631230805709,0.111097974717268
-203.568977996375,-0.165663354724529,2.09047257239581
184.250292564764,3.2528636984498,-0.882630837499164
-242.223458474442,0.372079882290564,1.4922813832527
-514.983786307945,2.20041256948753,0.124263422112563
-261.720930486177,4.1401066258386,-1.1488752375808
-81.7603371057776,0.890899112651823,0.64480623138661
-142.757332146488,1.7097585681513,0.169427607615944
-57.8626092456398,1.85520103930685,0.355850896041375
-240.804944182513,1.66811949634575,0.637851094143116
-502.810930183441,0.504879223939497,1.12695917458041
-156.520775056037,2.18988114100648,0.244804410467623
-84.3164932391776,-0.696113115671324,1.97176691408822
-268.322037203732,0.978964727728453,0.774941732772277
-303.487801248764,0.79397687632445,0.483092211099574
-69.792355708676,-0.446555386159162,1.61897684731957
-186.554193744378,1.10748687494197,0.899099338159431
-127.097286537246,2.0725424896882,0.875956454314291
-480.123482570052,2.32107233942952,-0.756532693732879
-568.860221069684,1.80073753412944,0.0582853679952677
-258.377524450181,0.528249722832697,1.99411767962738
-93.9425852986824,0.276312492293073,1.30221195236663
-348.717085712044,0.41473299311474,0.801115835027304
-350.419357255876,3.2107654083884,0.000196423474335461
15.44748176953,-0.212632034512353,1.40441735791683
-2.72332618470682,0.887238770286785,1.47841484615128
99.5898419031728,-0.534218603032059,0.987490710518614
-226.795467624092,0.0956173899758141,0.95210811861034
-74.8862331429582,0.232905566386762,0.833717893101493
-68.8784711126791,-2.37045403569937,3.05945372206133
-320.021960672704,0.485225010212162,0.867232033328037
-252.519520588176,1.18296037435357,0.669840646674857
-235.773022956266,1.29569964524126,-0.476891253863869
-178.31775428103,0.581216693220085,0.110129822300223
-409.882983723883,4.79142177721951,-2.37326409689558
-134.34309769253,1.05713382342947,-0.284159863484092
-156.16391604377,0.94291904772399,0.0696447014252044
-303.200078826088,1.02651656814851,1.2784704278929
-255.575391780701,-0.23307703633327,1.6394295929349
-25.8795236697479,0.579532837571605,1.09790878536296
-265.775097449528,-0.0197400898905471,2.4765043482621
-292.099368773193,-0.383354523193702,2.48293530991941
-201.912640614992,0.359182680535014,1.52319170417832
-297.167498399824,2.55122907342593,0.423990583563864
49.4664834403957,0.958363631332759,1.08311155629053
-565.38387047666,1.4900970830131,1.5643967773467
-808.152964812827,1.25485489994753,0.151384467506432
-177.850113879584,0.150785202869884,0.995779433822463
-75.0718842590359,0.858061338003608,0.42663967727276
-162.082077687228,4.17865636283022,-1.22192119507235
-69.2125715452785,0.517053683841368,0.0691905330168083
-345.290755137423,0.694567297614412,1.44534153729364
-308.820268565541,1.9403228420415,0.338117700477596
-271.993732426374,0.360829579934943,1.05844842584702
-296.21781982529,2.99991730650072,-0.556482891239284
49.5014173710806,0.252344227395952,0.846530667011393
-241.684041374636,-1.26846932114859,1.91640827765514
-146.425342669307,0.278899248554808,1.13698751528864
-205.861739538204,2.99625340983039,-0.350970649778901
-259.47895835885,0.828420132864267,0.527665473258821
-172.104317910853,0.960061621786735,0.610888630413683
-215.529065902621,1.58850457584049,-0.273196722468128
-177.997163562719,0.858587249473203,1.20606514348401
-241.67648232248,2.34107888236758,-0.361216412144131
-168.114458545489,0.401899557422439,1.81868761949227
-247.894630643699,-0.0547976611414924,1.72493160687009
-232.872247763211,-0.970358290336662,1.56315943654045
-251.68020895576,-0.0996680356474826,0.761240973537497
-192.373046999574,3.91088458643571,-0.993721255057608
-135.620932720514,2.61060174149088,-0.26833129816805
-82.1700991624748,1.06077234157419,0.0106376223702682
-62.3261105895144,-0.462552436307305,0.968528838246129
-313.112616533144,2.15525831667037,-0.544696310258587
-82.7270977772423,-1.16181232420058,1.70956732155173
-291.910255570758,0.4287569335429,1.78019654686614
-232.549179441688,0.00199422839796171,0.742251130461227
-275.441752846807,0.546455014671665,0.520671467747889
-141.93615542796,1.01363663683878,0.525450582732446
-358.072407082786,0.0409264141053427,1.81369062548038
-246.485925933346,1.26603721315041,0.276035810180474
-156.193671687673,0.971577904172591,0.789335713916898
-337.418974256765,-1.46072190633276,2.05892049652175
54.1131686632143,0.786162383854389,0.467166494876437
-206.127817230576,1.00281294222805,0.352027154520329
-270.067265033998,1.51039164938265,1.87282279988767
-6.44578908390395,-0.277947510669946,1.69733569573145
-103.806771507036,-0.683290190907428,2.65222924090631
-191.699207421152,1.51954105209734,-0.380571611515279
-491.908481858714,1.63130462763365,1.65459433079377
-70.0045013126073,2.42268534924369,-1.46440217882628
-152.179313443849,2.23835811464232,0.201541497794096
-209.245777996752,-0.988240109654726,2.91335415899084
-17.8668043084326,1.73582714100485,0.50176008688868
-444.349083405803,1.01878364095319,0.473663222997857
-160.041530462622,-1.08017796798958,1.75008517432161
-249.075701985188,3.49251484912384,-0.0990328982588835
-170.081836796991,1.41294423307409,0.361352239378903
-183.134778592153,-0.0203645591718669,1.623232614671
-342.494399184332,2.27332893254061,-1.09570702966357
-71.2303033192584,-0.966360600024927,2.53940142252395
-592.834375218419,1.1305700866651,0.336405051071779
-10.013265757445,0.168754732658272,0.6429078533547
-370.925148052309,1.40232336106055,-0.164679403504124
-68.0569628922258,0.306558711643447,0.709548750011891
-284.870438730301,-0.125156471825903,0.951177005974387
-153.286211534582,-1.04941751204024,1.554842067344
-80.7115719449794,-0.0802984657057095,0.73664058817667
-266.020957500943,1.29705914473743,0.638032790157013
-281.574830599726,-0.417410360860231,2.15169802396667
-368.208576517703,1.91567498507357,-0.770586107071722
49.1640464742341,1.70328167101616,0.763550032381318
-417.401413241227,-0.569645172043238,1.93089746205442
-464.930026008806,2.53985250730329,-0.634803677909076
-51.9296848394442,0.859514067473356,1.63270132464822
-297.995355288056,1.19612704755855,0.949186579615343
-80.9326099497048,1.35810474815662,1.00448653744388
-113.337115417758,1.21813702314103,-0.114775336522143
-108.877833793857,-0.985464303783374,1.37299294634431
-214.396053773416,-0.117570658636396,1.0383972058662
-66.0977922604307,2.2535221533617,-0.249291835672921
-174.874203983942,0.740579718232766,0.00925854062734288
-60.2291464910377,0.607187043300655,0.251113943770179
-255.05783826697,0.149756535247434,0.544425876840251
-68.5405188823352,-0.649613582718302,1.59083201634348
-168.887125812334,2.24832715289813,-1.27859336028632
-114.776681141127,1.18643689938472,0.915236188156996
-228.809755978946,0.292612650198862,1.79229034020682
51.9242043895938,2.04071684237351,-0.0811364090186544
-35.4512674480502,2.16520623207907,0.581658898150636
-459.209852502689,2.28503999966779,-0.463774360439857
-247.363109297497,0.0793883881851798,0.46712767308054
-506.486946530524,0.690784661579528,1.6684293475555
-161.053389618144,2.17374892926455,0.375077420369053
-158.224215036462,1.40088428881427,-0.032616371390759
-210.367108152608,1.18962158809882,0.140744118703878
-122.192322088522,-0.679826378065627,0.813581028865883
-101.555404405779,2.24153400040814,-0.68058837580611
93.217830062611,-1.94135058327811,0.935694132676872
9.76574905987559,0.111088302142889,1.75298561945965
-352.828333905491,1.55558749107877,1.89376357422589
-424.347414948876,2.17766229400877,0.730309406557353
-392.965232578281,-0.419491210399428,1.99192933845188
69.1312799133157,1.23254610481672,1.68856598688581
-131.889954219507,3.36330661622924,-0.761170515994309
-332.439001355262,0.925443603060558,0.351769770601095
-274.61535091875,0.658614318279433,0.401925832404231
-444.036989256187,0.910032062431583,1.20036989783694
-590.206819600709,1.99810662161144,0.339721528609516
-325.384681964337,3.16343953321484,-0.0722966961911879
-309.185771339049,1.23202545975801,-0.523123433667934
-159.752421898098,1.28764350851998,-0.079284165858553
97.7459677349416,1.11842104758398,1.53946516096767
-50.3791388060126,-1.32425052905455,2.9025575038977
-114.748873500299,3.09704749587672,-0.631923128588824
58.3693042824252,1.72165608167415,1.24791865424777
-267.456460539091,-0.713310106933932,2.38808463125315
30.4708336774929,-0.789516732926131,2.4187500256362
-137.537471740499,1.95228332719853,1.12265104535618
-142.26116445116,-0.801299788159668,2.77939024794614
-401.146653980351,-0.174508628651552,0.860518063505879
-209.867660045667,1.52607379844994,0.401240053004585
-596.281574828288,2.10872579585703,-0.103609953053819
-174.368417435785,1.60519985388964,0.831677362250048
117.669777174524,0.238931129977573,1.89801363208971
-376.267617278998,3.35144145286176,0.437442955371807
-210.429797755904,1.46569621749222,0.710206164982083
-89.9973769593998,0.720429128879914,-0.318283670058008
-94.7421631331963,1.11466202552401,0.542714784951386
-586.610061265324,2.67934481026896,-0.0696274641231867
-534.664119338049,-1.15018221148057,1.55393370932325
-166.578620199609,0.993478491822316,1.15630955982488
-389.699548452722,2.53687459892535,0.950462373439223
-355.267847024545,3.43339737183123,-1.3091618742219
-236.229528400763,3.68075938522179,-1.00013077541371
-275.033607223035,-1.34472874458152,1.30880633177003
-387.254709345289,1.12551494289073,1.36202592056361
-221.468735428178,1.97665193032299,0.231299132530694
-233.765462232126,3.1335906539025,-0.592623186515993
50.8954350771528,0.890532077384705,0.0235073215008015
-233.240954916888,-0.246887423854787,1.41545755957486
-175.219500588049,1.98980303682038,-0.0468124630788225
-413.278299499027,-0.429257007119304,1.02188681086045
-250.456387437458,0.857643959549023,-0.0391067574964836
-222.110644757151,1.41027701395069,0.487665962427855
-221.985197307367,-0.805399987068085,1.81669965136643
-202.974188693217,0.599711273403955,-0.185263848718023
63.3980912137522,1.00233432406094,-0.0142178059104481
-232.561678809463,2.12734441341127,0.298993757518474
-232.371391291515,0.835386275641213,1.02307907654176
-279.664493159828,-0.046101519327749,2.17933852440183
-446.061148538254,1.15866377428756,0.576140581950312
-403.048584599303,0.319488695793552,0.469261369566084
-485.588241499456,2.60544484565617,-0.194016162742628
-368.06306796128,-3.05523929315677,4.33190813021793
48.2166669730759,2.07977269266848,1.34852037821292
-157.932817616263,0.885420002026876,1.13325635099318
-361.579893411661,3.87740033149748,-0.284008908842225
-2.22587067590575,0.0720084528438747,1.60242317203665
-41.4964373009134,1.53845804567391,-0.440706125598808
-168.281523513644,2.58029152671224,-1.12838868185645
-192.095827057317,0.0600443525108858,2.02472917449268
-361.262819606098,1.80396583546826,-0.433356716705021
-151.673931212717,-0.467810788133647,1.52439075429356
-171.801050285765,0.316103802499129,0.664434355363483
-142.080589987847,-0.622069039673079,0.795954382265336
-201.450229257389,0.75057325871694,0.59895336147747
-22.1118429296039,-0.116298946995812,1.04457079544341
-131.274349333398,0.481847129113703,0.311095961798856
-22.3268233874842,-0.27565745805623,1.0495295783021
-68.7867506129405,0.950411238496599,-0.0332849700935185
9.41618038917659,0.865203294713865,-0.063705348118674
-213.147434290366,1.0039124228133,0.119547342234
-40.1282199494599,0.0495438853104133,0.42750381388737
-94.4128873824811,-0.16932489744795,1.37091771359587
-22.706884721556,0.172166080337774,0.340680315232021
10.4338307128255,0.43542830547085,-0.105039892754576
-61.0825441840716,0.357772466450115,0.142408900515875
-61.3868575806409,-0.209882479270163,0.336362094414653
-28.5084087498399,0.0735172265412984,0.16895502979969
-39.9165854444291,0.423024874324256,-0.0663376367119781
-53.8681117437955,-0.176321521277714,0.226544652381563
-137.462390721407,-0.504003312405985,0.980299644630577
-43.3658340913389,0.183007890052977,0.577233885342139
-69.0530388474799,0.151837615274417,0.562975195498439
-125.136153210326,0.385438672368764,0.226637485058745
-111.723875374606,0.861995752362418,0.279009812453296
-130.573746480197,0.0686749433807563,0.825770176757942
-100.950335641683,0.603638249238429,0.260414917414892
-10.666980685608,0.1768603437813,0.244732186984038
-9.57629022660694,0.214946184918517,-0.0111579778895248
46.5690966191469,0.246613058916409,0.580731227018987
-52.9073080018934,-0.0365082586777135,0.596385235083289
-119.385693519969,0.616379563747614,-0.115184817605041
45.0076583005139,0.540812269609887,0.230141623858799
-132.183459297667,0.747049073346716,-0.190783153466327
-118.477262441011,-0.099512254470028,0.608894885506743
-39.7051739565868,0.398996856267331,0.181051662671962
-43.8069150316733,-0.614182018347492,0.91114534746157
-86.5600344934501,0.151260202575941,0.291680872905999
-206.263820812805,0.304748828486481,0.23279132717289
-9.05637765437132,-0.158105067355791,0.379730260567158
-54.7257613609836,-0.600639608426718,1.044953029108
-17.9557801634073,0.500357210792572,0.18844988005003
-29.3878833502531,0.280054886043217,0.240763657464413
-31.9444162824539,0.0820735267116106,0.353441194580228
-42.6432875436585,0.505458768282551,0.0359527822147356
-63.8904966203772,-0.266389140335377,0.581981854061269
-73.7972218837094,0.136870328860823,0.125715990085155
-98.6746937786902,0.131036614984623,0.307690538505994
-45.7732597043214,0.248926309228409,0.184758130599221
12.1003366928308,0.363473416189663,0.0776472640864085
-76.3522117222456,0.206581240476226,0.023534550145996
-90.4762263280136,-0.12399010619265,0.601588683566661
-111.813485610604,-0.28825539281388,0.418603383921436
-23.3060204617577,0.872530539665604,-0.218611054024223
-47.1131076160818,0.499048809200758,-0.104647186548391
-40.6837964164297,1.03635962676708,-0.0224790436332114
-177.640040382739,0.553051525053888,0.227589442554745
-19.0442069084456,-0.387069044139935,0.671256378343969
-30.9871767213117,2.0057333635923,-0.371950364205986
-321.424774694766,1.23218236395041,0.409623000159627
-266.73046614675,2.21298750628193,-0.275037554703886
-324.60684394397,1.49700169968492,1.17353188327979
-378.825274144125,0.287080151665577,0.464959587669
261.018146224495,2.83204172417754,-1.07240094309236
-169.213566631966,1.74819299339651,-0.214512553640816
-242.079847733025,-0.194522527654044,2.21399454216589
-288.52048481087,0.44432632488315,1.22146445391991
-600.564136039515,2.91675148192371,0.861166237227735
-245.353107671457,3.88879237997753,-1.47840561565681
-316.877951508854,1.61533255559334,0.909604335778567
-217.050823350773,1.48809073415032,1.10909731452148
-345.345476942777,0.590057371620787,1.08707901687922
-81.8361574767478,-0.12874682135589,1.20887032405881
-93.9701925104773,-1.76983825756179,2.19185881980229
-349.171251389373,1.36298925548908,0.129880680047791
-277.829201464037,-1.49989529559753,1.64257309463574
-339.506336524719,-0.208631157307536,1.90803015991696
-136.587088221524,0.888836996200553,-0.148052582662785
-264.305272595899,0.070499474008102,0.74535363567702
-364.949754648413,-0.511116472574031,2.96002709106688
-19.259406089579,0.768482947401935,0.979137087851996
-270.50807989719,-0.731062801220105,2.6484254229581
-337.461760028629,4.30954380762523,-1.00064138327434
-277.256597756921,2.86582051259029,-0.946610422690355
-52.5325982219365,1.34335971566907,0.257711954385741
-210.52364448522,1.12861812218034,1.02462692749396
-74.2036054708697,2.39319764310494,-0.556681523579755
-418.009897496599,1.44306980914553,0.776446675493844
-574.605668306001,3.27971165964846,-1.21642538474407
-54.8401896314581,1.2851228280706,0.547903828017297
-122.153946778504,0.594866093146265,0.449462239168497
-146.047560785955,-0.236864414677257,1.95617552986369
-159.386662864796,-0.34626170998672,1.8517706279672
-170.547203023481,0.338421467342414,1.27644722333935
-215.579635068865,0.660048226030995,1.14330425552984
-386.45092061476,2.96850348829321,-0.386197503823496
-500.614045969662,2.48275487055798,-0.371731647435809
3.74086978142441,1.23106478586851,-0.0796748523789574
-229.142617705878,0.213105446695408,0.502932861734735
-67.0183266319509,-0.391585063189268,0.931453232329659
-83.9992283920333,3.25349715970515,-1.47040777470102
-111.980852211927,0.105096847832101,0.80654648518248
-253.142286455462,1.6875053527765,-0.357193863339489
-399.011168470432,-1.05829296699812,2.72756902321998
-3.93616990488954,1.05626377676526,1.33956170221427
117.41251206171,0.111621172695777,0.85610416327836
-116.110761668766,3.16680742459266,-1.00774205979542
-91.9354833240025,-0.441194083963637,1.51101529505104
-199.614498236922,3.04097749483481,-0.363587070249196
-186.592284430779,1.36451806701371,0.376377066379064
-110.715332679742,0.557381611928577,1.01946751395735
-429.626514176882,1.18217081853072,1.68256870424375
153.841672561137,1.29633903873037,1.04440585010889
-328.633102966007,1.5455140703416,0.701965950298472
-348.775340134831,3.56719959623661,-0.441045696199581
-233.416655155655,0.869551326701185,-0.003452110075159
-82.3315689585288,2.38574114980293,-0.341208594152704
-204.078109729599,1.36095298800319,1.29837488094927
-208.519077878125,3.14008707751054,0.353920221910812
-268.087692338879,0.204302869882667,1.75255735994142
-116.085123042925,-0.156513281035586,1.18856732340646
-16.5803204731201,-0.0499674481106922,0.872887914389139
17.3621544403431,0.287986052047927,1.87787897439557
-487.286638937781,-0.250344027444953,0.740521218562776
130.99092070623,1.21028282906627,-0.103661638044287
-669.413551487785,1.38637591576116,-0.0685884900740348
-188.012931569741,1.99559570620477,-0.73260168012348
-272.118962807261,1.0358796063083,1.10445985812112
213.452228663024,2.88143662032962,-0.939657457558496
-131.799719977623,1.52509053284302,-0.405508483240737
-81.736997591448,0.896629105176544,0.514274387922342
-135.696110823635,1.15943474444794,-0.295239426945045
-15.2260884822754,-0.346960613736883,1.00491003973002
-176.813538424671,0.249716670081398,0.997511971221684
-102.719542121369,0.0459813614161249,0.978269939754682
-189.50567461786,-0.282767629498267,1.53687081468524
-32.5860894683256,0.309021877867053,0.724008711105853
30.8893546562904,0.771953923045658,0.103347509266314
-61.2636184835807,-0.240498882048996,0.921147346118232
-110.399000188641,0.00867825104796793,0.88994454616477
-162.920795330325,0.258355511723494,0.0095238856956712
-5.81752641260391,0.152339519147063,0.364625141308352
-128.579986936624,0.808275525811041,0.454039549978916
-232.898111665825,-0.108200447270065,0.893068667093758
-45.5790711552836,0.313603878283175,0.798334078484913
1.84932298451895,0.548082321955008,-0.205225010678987
-70.7212470319646,-1.29346893564798,1.8198721900626
-189.520205547131,1.17164553772091,0.105778150697006
-34.261426709636,0.447563934960726,0.154898847889854
-365.247826294566,1.34551235992694,-0.30803677032236
-217.145183564426,-0.0364589764503762,0.741625794827996
-310.496484105715,1.87828097337115,-0.185310400542221
-42.8965245471627,0.852698385337135,0.0984506832319312
-176.683998188615,-0.520333188123914,1.37673981112312
-270.146931734256,2.64746652913163,-1.2754094642878
-373.843543737741,3.63131459521537,-1.30214465126483
41.8168461698465,1.65649257932091,0.553009660419775
-484.840284057775,-2.27695808420685,3.99031293864391
-124.293282652252,0.634554035648762,1.08426055994642
-351.360077684483,0.510015085408668,1.74687180187902
-397.373562899507,2.93825578122051,-0.708535114368715
-760.445983049198,0.423904719995335,1.79020597072667
11.1731410230859,-0.64057823875919,1.4050187257817
-198.158884716511,0.400517140858938,1.24638268085982
-128.436726732427,2.28638945688726,-0.646300857115421
-88.2591836528009,3.39483553578611,-1.22227587453381
-8.27726069767232,0.471309527521953,0.238001711142715
-144.547900367186,0.718266846844926,0.887724030173558
-96.9709239668591,1.68689699412789,0.0605266248603584
16.6973023653845,1.47972587510594,0.812251910378109
-142.820808167569,3.37002727207437,-0.765732830914203
-392.38155979407,0.362821948787314,1.03642013354693
-119.478807945867,1.70247985022434,0.691116949557909
-115.547087523881,1.27326989671565,0.491304421797395
8.15649319022486,1.50540408105007,0.271667007320502
-151.424358121814,1.0470999841782,0.244451460486744
-743.394356103192,1.46763943748374,-0.0718965927671888
-76.4675311358442,2.52565964078531,-0.73289407221273
-93.0062079641202,1.1669830752071,1.43140189532278
-105.175939500827,-0.646275809791405,2.87631470680935
-38.5513315704593,-2.81593663879903,3.56132867007273
-250.793474953985,0.45615659977193,1.19889280421921
-253.494437515503,1.31849262916512,-0.102000514278188
-181.117047280766,0.989475249894895,0.569083096343093
-329.496627743574,2.55246554210589,0.359671325335512
-225.781261297794,1.28114994963835,0.508275243148091
38.9863231806521,1.78730679367436,-0.747510920715285
-315.704278971607,1.76871961029661,0.401264229629305
-127.496833443409,1.31120161709259,0.131105081149144
-226.777155764838,-0.595770100364462,1.39647702650109
-62.8022179193213,0.695025128326961,0.803671969053539
-222.169370160147,-0.125752992244088,1.08931251484319
-329.113113661391,2.76668453419006,-0.583462627255358
-237.788647195717,0.926729271042859,0.543969338628813
-418.022542767932,2.54822824128678,-0.425886983139208
107.023709906738,0.24570677268639,1.49056667555851
-459.477800518081,1.91067354616825,0.28726710905903
-104.739673093427,-0.358546507079154,2.10390743252538
-192.80877123223,2.70512397283164,-1.51063299743691
-440.377885396229,-0.130520486360183,2.36146261643444
66.0362269815523,-0.472151094640139,1.71129018727515
32.4389706039656,0.368305674019211,0.878299569070805
-41.3295949153398,0.777809303966933,0.235836903722884
-51.6153936292685,-0.422176498606859,1.30932969515561
-79.0217088763893,-1.46166725910734,2.08398660671992
-257.983091349073,-0.129676874508732,1.06121514998085
-151.190640582987,-0.340182520638336,2.11668569245376
-129.75387021233,0.875923058199987,-0.130997432570439
-154.905999140698,1.49602407177736,-0.615376768095302
-91.1514600315713,1.86188522957673,-0.00973237361449719
-410.687998644644,-0.771940619684756,2.11420020259538
-297.764999053128,1.39642223539704,1.36591236550885
52.9981009074709,1.62262155051576,0.148472584471165
-323.099058386671,2.30603254624293,0.472765913553303
-143.527137540223,4.89447014947655,-0.868108903407119
160.090753862838,4.14812838978833,-1.52943744504591
-299.235390584618,1.39245738749742,0.707140653801616
-364.839239160385,1.74885710400849,-0.516138575332462
-517.087458326685,1.03173534127927,1.52030906878645
108.581282984727,-0.112363493964949,1.42710404617537
-454.020537546283,2.35017891353345,-0.0959935222781496
82.3725664179401,-0.530386634807655,2.06551242202113
-92.0445514952589,2.62347815277462,0.387379302890622
-76.8334931829886,1.44298701491789,1.29817974511388
-533.935424351745,2.82307361939456,0.665125636616722
165.590274335409,1.92269849203876,0.0817050760815619
138.458497620188,3.61751983777503,-0.339399417905952
-400.500842402587,0.16298955748789,0.788302597931761
-286.169285543438,2.68603465266642,-0.213208947629028
-400.106121885168,1.15105069035781,1.43398897303268
-290.155968810326,-0.0277988473990263,1.45815187621338
-515.762443987958,0.789917727990542,2.2768567771127
-434.065806767307,1.0282751383711,0.167998566728784
98.8006558329653,1.29581151507591,0.501276242142922
-331.870900120412,1.60297308291774,0.261822179425508
-312.361433337031,1.99618555282359,-0.593683184990368
-385.575903801771,1.58992524329369,0.336723587824963
-355.287621122683,1.87887490988942,0.173537596128881
-582.196970179248,1.39673735511042,0.787228475674056
-61.8332261625001,0.587764173080359,1.45197953596653
-157.112663920285,2.11583818384679,-0.0846007234940771
-300.663866128161,-0.953838696033927,2.15328144783507
-73.6265299750448,1.25808337944909,0.898922394553665
-132.383369096759,0.364216958885663,0.496602067549247
-331.67633062994,0.384010619163746,2.10367362849502
-183.996636754309,-0.789557101845276,1.9056676470218
-161.092168845935,2.47237550291175,-0.234129846343421
-176.193938713499,-2.15129296838131,3.09309028153803
-609.26288215481,-1.84910828610009,3.74946136223298
-396.915365917603,1.28347352237324,-0.408338106324663
-185.938940644628,-0.514194664541265,2.14320644583495
-348.955014816489,-0.756328846830002,2.25418836238532
110.392815395053,2.79684002537397,-0.801240800967207
85.165857756685,1.15224677874357,0.9405342655391
-558.413900246291,-1.17831997599387,2.10431063018041
-177.367387158567,0.0629045584028063,1.13487620952947
-154.320349970145,0.0426819659769535,0.983625769265927
-115.857729824798,2.08111801611813,-0.0234326027566567
-356.835289048962,-1.25214251888974,1.60060935341608
-266.667541830568,1.37037402172427,0.351833103552053
-170.565450861919,1.42715256568408,1.51626226400185
-288.450363577504,1.36676134615846,-0.261605107109062
-246.942259906724,-0.748311129282229,2.11860535060987
-45.5894933756208,0.543955609464319,0.315053763157266
-41.1602082104946,-0.288919059739783,1.32722753403141
-111.959775811149,1.92455667392642,-0.357404900941219
-228.070103008017,0.354644070466748,1.53642489049525
-129.715276555889,0.544992462317168,1.07810087966845
-312.524783589455,1.6578789006744,0.777327376403264
-109.801078109682,-0.395697073538031,1.73424482090741
-161.379936310981,2.36060029944929,-0.618736013479065
-336.998385129089,-0.395682068716269,1.77531783921222
-572.585546084912,1.39508844529337,1.52187632053392
-268.259209219278,2.8432864240458,-0.193991955475212
-0.856392265199247,1.21892047744041,-0.266125406189531
-91.9642629129958,1.03936007685843,0.178667771135224
-87.6293602784353,0.0433082341187401,0.963144507448305
-163.615687387966,-1.38914900415693,1.94338896273985
-615.144940947706,3.40360385211534,-1.42714041206636
-298.841597983861,0.924890743515789,1.80893357562309
1.92007425015618,1.58646622937522,0.873496295884252
-36.9944387790529,1.75653359890566,-1.04306819585327
-258.655003647204,1.17337354023039,0.67720579681918
-40.9794379942041,1.3569959771703,0.0994588085341093
-106.628427474294,0.201961589145867,1.12751898689021
-383.80204709317,-0.482705161812191,1.5125672325812
-71.0746610195638,-0.594988190670847,2.53968305868329
-601.006369431079,2.00560682902142,0.106263981375378
-158.71981611778,0.937283502433274,1.54804134416918
-155.998732488923,1.14865714288317,0.461154077471292
44.9881148146887,1.10994855586614,0.567540219868533
-397.501469137613,0.433703233131382,0.69621696860122
-282.155467247911,-0.428086624619027,1.07964103983977
-132.735136828502,2.98648435311043,-0.339992363155034
-30.5277867596888,0.811125781598093,1.05851043167422
-52.7523265521741,3.77397663659303,-1.40667735158058
63.1128399124864,-0.495304419142485,1.96884616176249
-273.358522204966,0.307698120492205,1.0056653564825
107.01034904996,0.297527279051792,1.58696157528902
107.14722418459,2.04581142310417,0.392333732452244
-163.22372563227,2.68488294221606,-0.357047423283802
-223.453289963538,2.23818535705459,-0.139346329779073
-99.3640951645211,-0.911716123693623,2.14018074544947
-148.750676148165,2.14505713738617,0.369382593577029
-156.100802964822,0.66554644851567,0.686789918319846
-283.128357430687,1.65747032864601,0.53694973756501
-120.216498240159,1.3734761214946,1.0916810863273
21.4918393238477,0.25505788558803,0.839697131810681
-310.353411160846,0.587902457235032,1.16620503384911
-88.7168765320675,1.14324691997172,0.803735887810035
-360.568815506951,1.29776292393217,0.446836541697849
-35.7356247519856,0.887492998823291,0.85601418272563
-333.489624375317,5.28273661663115,-1.22100402403157
-405.231899975275,1.45215909538092,0.660303336451761
-460.100053851875,-0.049735594104277,2.65682755724993
-349.231460272378,1.23908144065354,0.545376343041426
-183.703546793186,1.65483051131014,0.701582987070651
31.9448505285545,1.34042265149037,0.882823771215044
-229.411495779204,0.527598511747783,1.36329161666799
-223.119945809871,1.67137970282056,0.912034094217233
-198.715704825576,1.40188019085326,-0.226637935542385
-205.58994573119,-0.00398734297050396,1.24879009377037
-235.522409495112,0.970975422929769,0.175696893202257
-197.695478739275,0.477539581173914,0.523245251977642
48.6266474571748,0.820073905662866,0.260852441613679
-85.3870300079579,1.44951554759609,-0.358008385956055
38.6743175259667,0.591045579261845,0.881496816728031
-351.865363448302,3.79761911944661,-0.710861253741314
-554.531565703161,0.80798782382044,1.69063865301723
-206.763543834415,0.382409520025249,1.13803980471857
-374.403020090365,1.52700237827958,0.508336850933119
-206.462570144708,0.621313227966311,0.244391574706242
312.191262969791,1.50942445901092,-0.255189606214117
-88.2383244341036,-0.334811593187624,1.44260932607722
-332.638667187457,1.41450765254194,0.514254184745369
-213.887515761598,1.64510433005489,0.953544521413278
-214.272640445954,1.89052062486007,-0.0584450966562144
-75.0592853286362,1.45482562111647,0.621153827763919
-449.488505309448,1.25035148876486,0.257987139862962
-91.7699974545394,0.154252878885018,2.16444434640289
-494.773350268282,0.507246971446875,1.08420676375317
-114.471074801171,1.71081903513914,-0.262280466398352
7.89988541828643,2.08044640055141,0.179570891370531
-98.9223292687748,3.29251019539515,-1.34435067468439
-287.314352084795,1.19311248212762,0.631291880650679
-67.7986491391239,1.64812850630551,-0.153956452486455
135.642959771591,1.53860420491401,-0.696029133643606
-196.118420554703,0.861561226629419,-0.0614665365137625
-160.71396219973,1.7035066888493,0.0920544015443738
-313.769496017223,1.97260835926863,-0.369312365481164
-66.9578428237146,1.51645341210315,-0.493501241144259
-289.15385550521,2.1438996044817,-0.52412085701144
-129.302756395326,0.273148797547037,1.37355703317735
-12.3575164088088,0.930411253444618,0.443871530209435
-384.897400008704,0.650417004508199,0.603342258007615
-359.398787722574,-0.313038563617738,2.66322570831107
-13.9035631361185,-0.919863740928122,1.88989479370866
-171.512777346987,2.0988036661056,0.0770854683942162
-261.217138076492,-0.0360290380449442,1.91417743167767
-256.964723649959,-1.99892290731077,3.30015023548731
-284.830408819187,0.526891161935055,1.50887522432458
-38.1464457174297,-1.13374957227643,1.90575042512501
-68.6225994382985,1.2420077114075,-0.233860184525838
-181.853822840894,1.36086328053716,1.32799748133584
-326.296964264902,1.25683421740359,0.986252557617263
-161.574919786159,-0.638399666844634,1.50154507088882
-231.172297735407,0.666761550528463,1.29966332775075
-171.696820425044,0.574107135820668,-0.149840537327691
-34.9708960433882,0.911051143593795,1.54706309843459
-233.519411324844,0.0890221456065774,0.640525490489381
-107.744567654081,0.44050669628632,1.06097593222512
-81.6218095731638,-0.280134445725707,1.06638664015918
-409.446927258588,0.791987308912212,0.577779647501302
-35.4288732857749,0.385057452593173,0.490303134865826
-160.553300589236,0.957260081777349,0.658097076331615
-267.807302107045,1.77546345512383,0.406628036784241
-394.520987716168,2.99702389387676,-0.839188431484217
-98.7487390827446,0.748263718065573,1.47635103034554
-134.400636399456,0.70658578079474,2.04883736069223
-497.111520431499,0.510702976418543,0.684680086138542
-144.260692849763,-1.39066546874528,1.43275831069332
-34.9867357215262,1.79118301352719,-0.432523827737896
-317.377408995711,1.50923849890387,-0.0201890735334018
6.61249402338581,1.58234587124753,0.574819159111939
-114.537922684729,-1.69752269165474,3.47365731774335
-456.7976131088,3.53718214036144,-0.0962482675095089
-38.8263924822386,-1.28166006610536,2.50846808007918
-221.468835735086,1.56309633619031,0.0991759063326754
-223.304422904233,-0.23824466271617,1.8946260742523
-290.408731065456,-0.447088423854439,2.03164358999493
23.2610507702202,0.818226919916924,0.392269537447305
-267.164743326692,-0.324646593100624,1.33381507084414
25.1708370098313,-0.328347186054089,0.961663325608242
79.8064340972051,0.998467944038566,0.643031690458884
-223.599128429067,0.583869418522227,-0.00379165732010733
-128.260495746305,2.03275572175335,-0.300545690646686
-253.995758112946,1.9835811341909,1.2826722578975
-91.643737283739,-0.714002423235797,1.40582754701609
-277.861092780659,3.21506253519328,-0.45722250790277
-377.792576417211,0.183049298895639,0.935243028667173
-287.663201889009,0.718092161871027,1.69500744884135
-54.8574471280881,1.9642962681246,0.947479684939026
-287.98053696013,1.77257426751549,1.47001906914738
-160.104191928476,-0.957571958933841,1.53007709226222
-42.294932088058,-0.648682526516495,1.69227068214968
-32.2936359165324,1.2446597917733,0.0391386720584705
-179.375005053938,0.420725272444542,1.6651026710897
45.2030960762931,2.99531649966957,-0.442729128032624
-368.326423782448,0.581791649601655,0.434796284338518
-359.965668983874,0.152307313503115,1.56054437290004
-222.639010957748,1.21244135675443,-0.131357376048982
-50.3864129386711,0.88131003480521,1.04953371100055
-174.679567333347,1.2662925134573,0.665133397371392
-254.255726633302,-2.30603365549177,2.87470995013427
-370.202920264899,0.320797673615743,1.11321270562621
-42.1097890779492,1.36256791734195,0.695294571367413
-162.351405128589,0.795729191944702,0.573192959360313
-158.778825146543,1.28777306849952,0.170361560383753
-87.016263040714,-2.52987348292663,2.47824452885106
-378.074581503759,-0.192330905796553,2.87994521385554
-121.971144566229,-2.02622817724477,3.19138514417955
-370.922643823724,-1.89603830643318,2.38391398886597
-534.013429068465,-0.147743826542865,1.5119622677521
-29.5827972241823,1.68424958524702,0.865087908918213
-359.799917281347,2.23792757638148,0.464872119133361
-405.82966114342,1.893895454632,0.0982045139480761
-118.62142353972,0.1292033979189,1.99412388942437
-185.162208513138,3.85174872144125,-0.560242625593673
-138.730955754058,0.749970308002958,0.573956472537247
-125.040827825098,1.85873573514255,0.123814699589275
-199.914656931142,1.06158733172197,0.429406069190009
-394.389025120996,0.988972386110618,0.372064421313553
-205.938654809404,-0.28232806068263,1.90251048463688
-306.547714313707,-0.244455010659294,1.05152584586176
72.3626945007272,0.749212808703305,0.864517897294718
-39.7005658175476,1.16009193394711,-0.0828634614299517
-24.7138207333992,3.76228529034415,-0.364399732614402
-143.142055599499,-0.848396720481105,1.40683524353881
-247.996300533563,1.02941610621929,0.467716965533327
36.8677363283932,1.04819701008819,0.259266845067032
-395.49445677716,0.970094893265923,1.08890861502732
-191.219375091718,-0.0202983898489038,0.830553121399134
-86.5133799245305,1.01838014213718,0.595288876316772
-335.978624065734,-1.14788007293828,2.70345713513962
-160.691441791336,0.0201456973009044,0.753900277297362
-536.481971146291,1.91697072476381,0.835858382626611
-148.813438470097,-1.05940930653014,1.96941444972526
-431.369596371835,1.29555534988503,0.874004837191023
-251.135398588987,3.21644684040803,-0.167414897019626
-118.633710136259,-0.895820301549975,1.72259388386738
-121.849760196183,3.48244411520136,-1.05399469909025
-218.558788586728,1.37869928524742,0.696472833311418
-289.288649293012,2.39569048628618,0.988174265537964
-36.0175598045462,2.42238006142725,-0.743305267358664
-25.6108227079967,0.467157801031135,1.23937784454756
-179.899373116215,1.28294568079582,0.250182870582648
-75.0398547520017,-0.396584332942439,1.62805303932691
125.894108378187,1.76845519967305,-0.275289479948697
-95.3078311757345,1.73922840057607,0.675085457536625
-190.935302819358,0.119027856140747,0.497161532475729
-95.0771124601306,0.910224823310273,1.35662265347491
-12.4709333099017,0.170382687152596,1.41726939557702
-3.64539344641526,0.878987837197201,0.136871217691805
-215.606429530686,3.52784162254829,-0.626881773030618
-224.971877547214,-1.17372199505917,2.22609556341195
-485.624584458244,0.831501424148883,0.988109470577911
-295.287102750182,3.20298428152455,-1.57849204700324
-413.047814939229,-3.19307191419648,3.50278288046684
-295.331672601082,1.48759326172876,0.0354164008022053
-189.309119390389,0.708461588408682,1.01474668254377
-59.933146778767,0.760552982741501,0.288888808863703
-157.244164993988,0.546765309409238,0.976080263761105
-340.448030587788,0.74058569551562,0.454633998793724
-17.7095545702432,1.85578532000909,-0.758140485821059
-130.112911824581,0.550601118138729,0.778661566320807
-266.750465386867,1.9557847716278,-0.169843578129075
-141.538359299164,2.72423433802032,-0.702698460023385
-456.64785760206,2.40112663246691,-1.06334428883565
-292.047695895308,-0.738952843315928,2.6567463753745
-386.687363581033,0.032998659160512,1.19659954105009
-263.154147080379,0.343058010272216,1.50901740185509
-197.014339199275,1.1143909246457,-0.1547061692836
56.9345983415842,0.350222320477769,1.74871049763078
-163.900340257504,0.632335682137636,1.02651259338745
-102.892179750401,-0.09125479956856,1.76075370599574
-215.155211347941,-0.498370291279571,3.1021208686052
-187.47741733375,0.302262006498495,1.10517198138405
-200.532106343468,0.942241730270325,1.37212585120869
-367.809980366801,-0.651626493414369,2.037669653595
-190.574136853451,0.904175985677284,0.666473806661088
-271.357293054563,-0.213846412298153,2.18259648280946
-142.281124544941,0.763418914822978,1.19275390839903
15.8237927812588,0.878665069245471,0.0944126060494455
-319.949690405352,2.284121126424,-0.502042488245934
107.178919672395,-2.34750681495643,2.10281313011365
-230.507687609846,2.29782232160505,-0.660735701108933
-168.361912912573,1.1793679004586,0.524993623839691
-345.041606676445,2.07660918631882,-0.681883607277996
-179.071534391838,4.70166141915252,-0.722604540729662
-137.111661391951,-0.144172674597144,1.46316411448061
-96.4543315381743,0.949793405423407,0.986824687281114
-339.326476927825,1.55409010678704,-0.772520254213305
30.303941125454,0.156654540805903,1.45026551026967
-67.093118099845,0.876150865253294,1.38120936830819
-290.589334390446,1.55491939084459,-0.419949483679375
-635.611443985457,2.34912620708201,-1.28627627847163
-531.973265940062,3.2026215365313,0.234974963743298
-157.74515976815,2.24889984200126,0.168269719957607
-363.287082847091,0.530034960407647,1.09666322750854
-213.95564861453,1.79032693103363,0.854790575394873
-56.8153228342635,0.732020288957301,0.346986031130655
-251.684977962082,0.848471323639387,0.712625394528004
-536.998007540289,1.4624955279287,0.649511831295968
-131.919441121863,0.850353863526834,1.60681254004885
-101.026516483835,-0.438548210957379,1.58637888924568
61.4384353503265,0.890439316804986,0.231416356298723
-46.5662337389076,0.664999650136451,-0.135844426520634
-161.194694179721,-1.22009253891883,1.50451766658989
-95.7091645233304,0.526879022392677,1.78093908093069
-43.9704878248776,0.458963216704433,1.33780368505177
-297.802406776551,2.11642872990342,-0.295092779560946
-325.752144481841,-0.148237732661073,1.84102805088332
-186.494238062616,2.94692543368728,-0.00815136029268615
-26.9957149240618,2.18569124622445,-0.024308669322636
-338.892134332775,-0.981933904229663,2.00623612060735
-504.774068704355,2.84453700303857,0.387507205834481
-432.424363966333,1.89667431993439,0.336551184642303
-238.929647650228,0.649292322588735,0.36087282787048
-238.169275441091,-0.253780056722462,2.40899429687124
-457.775612511527,2.59220215128153,-0.0621364531980362
-36.3798511960376,-0.319456699209695,0.886923574427783
-151.848494194677,2.25581151409301,-0.823870466527296
-211.164980808026,-0.795102496951586,2.05144632651354
-365.919063202833,2.22486425061652,-0.0183667273813626
-252.559843127208,-0.109747435134977,1.52196059191192
-367.919584472402,2.12333188477351,-0.271330762756406
-343.364377085053,0.853643472451949,1.12081816396312
-161.702871541114,0.173208064778009,1.99335474021973
-204.782464031225,-1.4893087333985,2.54199838553177
-179.575794450735,2.75985777794358,-0.119838872255059
209.204198269726,1.85913125576553,-0.288689778768457
-247.330129477972,0.39402243848599,0.378474435172393
-177.433542194976,1.4276893073984,-0.563527415273711
-206.290043496352,-0.551262049804791,1.89627620522515
-190.578120990249,-1.19471977885405,2.96749508087669
-218.676957310294,0.904425385728246,0.39318430005369
-459.501002972334,0.460410658506589,1.55960899590718
-550.288029479736,1.33789423240523,0.901518174083321
-65.1574203971431,0.453320206670469,2.11889826331753
-66.7915236939152,-0.838654282335483,2.39911376140662
-95.1386279020808,1.34802826261875,-0.060006922489265
-223.372626118529,0.515362642559921,1.05746027943678
-189.134324451181,1.5118591123537,0.591266727111361
-151.365261903586,-0.515413437107782,2.21065595265827
37.6177355396576,1.98159767505422,-0.224133386014728
-195.732695128158,0.786707494407892,1.50924241470057
-153.094850663907,-0.409847727045417,0.923983933578711
-190.28096708018,-0.446863785589812,0.790473623572325
-22.3187840341707,-0.126037268808432,1.49743202395621
-184.091636760251,0.944546622915368,1.28899029549211
-86.849869591475,3.11918675698689,-0.923161354192416
-281.703562415525,1.86221774778096,-0.361569794840761
-139.687995762884,2.16849710907991,0.249765199776448
-187.313726601162,1.85676341013459,1.33384013217074
-178.904556666996,2.11683437242755,-0.409297858386708
-113.508969425355,1.02115400285948,0.633861285437888
-105.606245379589,-0.0333785022885422,0.514123688313703
11.2471400454815,-0.294141925769509,1.93729011696996
-344.293922274519,2.39102965960774,-0.272478632716229
-463.932630614363,2.20843714023067,0.295664596982533
-235.620539487514,1.18764905376884,1.29945966112427
10.4747741544561,0.719567980559077,0.459583538166044
-219.11788394046,2.77184879899141,-0.0540063990702038
-67.3766359450528,0.950948259946017,0.518569065290649
-445.822746249847,1.10143357687048,0.91707694408251
-83.0019231080514,-1.86366560489842,2.53057119750883
-422.37668038097,1.37231674412033,0.311864234885434
-24.9641353643383,0.0606310167495394,1.32480994678917
-439.567136825041,0.339138567720511,1.72683852850605
-29.8037891496206,1.85400471867615,0.365389119266183
-203.91951259505,1.12984489445512,1.09396314027981
-545.480697468258,1.12493242177152,0.732449297152925
-347.898814597941,3.24733606298105,0.0241836298373528
-419.282653594404,2.4502909835428,0.835781586382836
-439.262974039739,-0.640659804194001,1.55047442058276
-17.4677483374835,1.10391205780252,0.702916977284758
-309.544513781177,0.0369493016041815,1.82982792954135
-293.653966265934,1.72756700758237,-0.291556722368114
-279.164084574404,1.19083639383462,0.364846377487993
53.8899027742154,-0.263147570964065,1.45459623157512
37.4597190763525,1.36795668880222,0.716076067430549
-46.6567074816558,1.36543716715823,-0.612361127015902
-258.298062764195,1.4381675121258,0.599155196076026
-252.283890868246,-0.966300332066567,1.49613806523848
-419.925547139108,1.02944173563446,1.0657508582608
-102.348440039383,0.214541702553106,0.925118490195018
164.61988832229,1.65599210153596,0.904474098155333
-132.39674126124,2.5019931467541,0.405148285310133
-252.56715407523,1.88437618261014,0.572548025008473
-28.2115653993824,0.697937920580443,1.47551146658952
7.7587405328668,1.93872541829478,-0.506571105899638
-71.8279113041353,0.511065535363741,1.32439583110681
83.7635425227709,1.30634387851751,0.474021778205497
-238.366321224865,1.8044526008598,-1.21986288515473
-120.148067325921,1.39674112136345,0.617455869665719
-82.8164867570595,0.1191120545991,1.42624323772543
-7.58244484215538,-0.666827039647615,2.19932401844562
177.617243419954,0.393246178718982,0.498641643353039
-163.667131461552,0.957480484328698,0.283820208613179
-77.898570193433,3.84847653651377,-1.64729386860563
-259.315472990753,1.6613144974981,0.400439033634029
-8.85288003376218,-1.22430153150526,2.90172929596156
-22.8176072926508,0.155540568346623,1.61720641725697
-119.011369759057,0.00132237628713483,1.60749460270745
-159.501964224921,3.49490659050207,-0.559789420862217
-525.045391583342,1.19612708655768,0.824987050029449
-207.64680493655,1.57797055795527,-0.370227196915948
47.4010451344075,-0.815888599230675,1.56579252365918
-269.68235988306,-1.13136544743611,3.01677266100887
-378.291529796959,0.204861523307045,1.19326851743972
-4.45103207977081,-0.505893026856938,0.691573406395037
38.4006994898518,-0.655815580845228,1.84004607840325
-76.2883818194314,-0.383193068468245,1.06188946252223
30.8355730094081,1.32458630727706,0.0112470445747022
-85.8559653857737,2.74669608973272,-0.627117337920936
23.6706162861374,-0.237439054006245,1.96660015906673
-93.1725823410598,2.73254860872294,-0.193291792529635
-95.0810168215467,0.455537957779597,1.75489056538208
-255.938885287571,-2.02778690110426,2.74620753739146
-398.655471180886,3.15222054114565,0.310734660655726
-522.198955093328,1.33035243174527,1.00910018080322
-39.997936476022,1.15831958924537,2.08465518191224
-213.105444001696,0.856706832069904,0.212763407893362
-172.859566441417,0.632607446117618,0.0388236240596598
-196.717595036429,1.72482430728269,-0.949990108056227
-139.59306997937,0.660934164377977,0.0149756821665505
-123.196245549916,0.581675964858732,0.845605849448475
-32.6457565940509,1.44546427266687,-0.741319592634682
-227.85317514182,1.20709378096217,0.850794881382171
-216.674674397844,0.754777471231137,0.462591697112657
-288.298911307273,-0.0774707429372938,1.07098872237839
-63.7619959770109,-0.0640308850561269,0.389525257254718
-221.907203771581,1.17831461703463,0.793881301629881
-177.324094363168,2.49694707513117,-0.848593827562581
-139.777527106318,1.34902087972296,0.283654908329481
-255.374103827096,1.43233482459618,-0.039196027944854
20.7683033099274,-0.787647800709237,2.42621338900062
-315.495080084496,3.47794930474629,-0.533861713913211
-403.337913789685,3.19225775187442,-1.26354409640044
-802.425010472354,1.56210448125057,1.23530458733148
-37.8541389541497,-0.351299503693554,3.28672943648417
-734.884321665246,4.76731209509308,-1.12800714926743
-395.89225585842,2.03853205596533,-0.461679595086025
-225.458959553565,-0.788985002509435,2.02165061392537
-246.907846991577,-1.80230122763169,2.91993823017401
-77.0670086942046,1.58290113618204,-0.366483864854672
-170.159424647951,-1.69856229287598,3.03055035442958
-261.056821720646,-0.327464581918321,0.508069103016169
-107.935385414137,0.135955314748571,0.854309498165094
-203.872661032059,-0.180388720127667,1.47375063018262
-452.546253343695,1.77020813136915,0.327083051430236
-339.654902495677,0.352845879329834,1.01910217906698
-735.514392435623,1.76578955685545,2.06985882064328
-269.363859507852,0.609451407450251,1.96592716372106
-274.029930250428,2.17403937422932,0.42663490970881
-211.746560368905,-0.252045778790489,1.71300176926889
-198.39571682681,0.242010496935109,1.97760288661812
-456.534356852717,0.598775787220802,1.98872949937504
-194.921740561026,1.64101077892701,-0.0572505995514803
-300.716639121791,1.3357214826392,-0.483592164913716
-227.989238651891,2.3612505120982,-0.57062132867577
24.9905558328464,1.70917144451232,0.469358720554737
-94.0285393493614,-2.13596328425774,2.57321680431778
-76.2679943285912,-0.258632339799078,1.57184087358473
-164.429569217464,1.29082182944694,0.509335121438198
-339.314084397207,1.20646255873726,1.87008275548578
-49.8768572075351,2.8711517121701,0.430883855296997
-200.992923442042,2.65439614627394,-0.884269434638554
-112.522551969494,-0.425208707834827,1.28141078003682
-348.738423461371,0.699194760651153,1.4517770979437
-122.304385264841,0.144834806298604,1.28984132201731
-31.8541257595934,0.258467272826238,1.92964505875716
-325.863086329749,2.80715304354089,-0.538917495876376
-154.621043732186,1.13649442868336,1.26509220249136
-79.0797139174829,0.748014221448102,0.0793284777610097
-315.046610596409,-2.50865841186896,3.73224687370748
-396.216010589276,3.57991584856063,-2.23712463733682
-214.946564808779,0.626208644149301,1.20914499602804
-320.534685674967,2.09755750649492,-0.049803674366558
-101.432518169634,4.70443105163577,-0.701746257385821
-427.621876590427,1.49531647907679,0.346063031076483
-218.236893078953,2.75547910030582,0.114281372763799
-223.864690576986,-0.0948442365079245,1.72409401493496
-382.975873616844,2.4546979903389,-0.0851974224715377
-220.869694030465,1.13703563697982,0.833269223527168
-92.7546447170316,0.228983975695883,1.41595505356963
-362.175545878039,1.23474846451427,0.348774376747315
-399.65342054746,1.81238155266328,1.0070127055078
-296.879989596709,2.29156601326758,0.108191385439568
-281.390880194493,2.09101937130617,0.0334072778496193
-307.86803416218,3.63618102486566,-0.238093001535162
-253.602389083066,1.64222768528271,0.109422851699492
16.5659907394038,-0.501880979951238,1.86406755139615
54.1880632422544,1.03807543445146,0.901346930222644
-478.906389386088,0.609008611676472,0.995437301105994
-285.097316673957,0.238012461617473,1.40160303114317
-208.196071810125,-0.0135302094167855,2.55947832274251
-34.3075126031763,2.31271050954092,-0.606810654724541
-290.881831788325,0.338784517181921,1.76212169882047
85.1757435552208,1.35519110503083,-0.0560211468837224
-519.491752137801,-1.65934354197816,3.9397401852184
-327.551159005627,0.542675430813688,0.921350281307241
-88.4831428543548,-0.0946381501271389,0.933961192073184
-224.677692321828,1.204283682604,0.618757453041326
-192.583263632674,2.14768752672535,0.12363857057062
-66.689092769695,0.0790109735535225,0.892411392756912
-147.312008774694,0.280989565901564,0.240768062612915
-117.997054153646,0.69745843066994,0.253954545260058
-55.6166442604772,-0.0706278218713123,0.552534889662638
-142.88580071085,1.23567711804208,0.348799736530054
-51.9540225508317,-1.25163752517255,2.11595203290562
-236.307539121495,1.34362134896219,0.0587768133918871
-106.060723507562,3.60036787969511,-1.52698559319833
-78.4018909209844,-1.98019624332665,2.79112585808616
-83.5080749653862,0.680129693937488,0.924665260201436
-266.652111890202,1.66640408225066,-0.414539708683151
116.530305468768,1.33285916834575,0.718372145944159
-233.314350702538,2.04222059445965,0.532607025990728
-1.23705789019004,1.81779028697929,0.765561409018119
-170.603436804406,0.699965203857573,1.221443461327
-101.427433762583,-0.560679516194796,2.09433692635503
-343.543630131532,-0.940304994990584,2.52492033367162
-51.928097843469,0.526459508022526,0.730417833168758
-109.289724355636,1.40754069421382,-0.524962908213638
-230.451574630063,1.42307737625379,0.973455941854809
-42.6919753366674,-1.1786828758195,1.52397634972112
-20.3180943100015,2.37209523226193,-1.06551132228924
-182.94966999365,-0.78605186266941,1.62003107153578
-47.9954988331301,0.882599512580782,1.49775609205244
-284.496718381808,2.45217721621157,-0.0877887577698857
-57.3048660362838,1.16000632757641,0.049229658106924
-312.764424712368,1.56107579576201,-0.0878477899314021
-195.382259552316,1.72961702020257,-0.306849233355024
-84.7068364587758,-0.590494951022265,0.857030727340316
178.08332955782,-0.357536291523502,1.27633030133438
-236.998636060729,1.84149507296388,1.37378364660526
-455.865946296486,1.92651767675125,0.424067392294091
-82.8849912431906,-0.396554211736657,2.04749135351994
15.0592817018623,2.4535971620935,0.156169566675089
-100.937053943868,0.776705615335231,0.551786045805784
-55.3012012602994,0.302256588591263,-0.276980255715898
-85.1758977300633,0.388077228475595,1.24990368928411
-313.181195365287,0.468301192653598,0.99406645266572
-129.712522032329,0.773434551301762,0.804358734578273
-74.2816811781158,3.47681567599102,-0.572725927475403
84.3230232716014,-0.637725839616905,2.75794093958393
-231.345035875565,2.49955664262961,0.177214604578694
-263.546120290775,0.805302985048911,0.288818612483738
-78.4757589231012,-0.452461534398026,1.802880576608
-123.93608758945,0.862525249656755,-0.0773988929149709
-371.305869383112,0.252336822639336,1.99734239306417
-117.197583178928,-1.22747061154223,2.48258937802166
-527.353685624905,-1.00782874824654,2.70660058646172
-174.379900490694,1.71215866188868,-0.237634945842728
-299.684546407065,0.235508308775024,1.45768471099291
-268.106681470133,-0.646876287704799,2.20767900419014
-335.600057057396,1.53744691592874,0.808742541339598
-223.675643521856,2.60160535626346,0.0164361174847727
-619.524106903962,-0.915244140342111,2.3576019334123
-158.613533264564,1.42661836901971,0.413770281331381
-366.699988945319,2.53633907090989,-0.695739336326369
-237.665396844081,0.306938523426652,1.55494237874882
-46.1355769639777,0.151524186570896,1.44052762574574
-157.606663667153,-0.0377612717056763,0.896850556775462
-150.599902538059,-1.15651275582786,2.83025852795254
-190.152429322901,2.21454471147445,0.406583725281962
-181.336240138742,1.9559070086907,0.194755787917529
-240.44020755907,1.62022602255456,-0.487504254033411
-304.939281369589,2.60673236071307,0.689015452255262
-224.770401720518,1.05912941411952,1.84003602720622
-117.197086248343,1.36631464597303,0.111761107369603
-728.258586962227,1.63834803187638,0.878120889712591
-91.9815746032982,0.720288368094771,1.10274479512009
-41.6395986797143,0.0414461844920879,1.43352297594538
-212.300856787901,2.22788176901668,-0.743167362408713
-317.117037812561,-0.771233154344372,1.93197207950288
-545.537182001877,0.641858876973856,1.33878522605301
-217.399364630852,1.92580087082752,-1.15937028321787
-107.968194124871,2.45728825116385,0.0431265820952831
-405.404238512438,-0.122134050164277,1.9736679804264
-225.815994180084,-0.786554383470502,1.84448407080345
-234.372502081955,2.78209441195941,-0.34853973817917
-359.754506212688,1.2235183235025,0.979965371546314
-368.253243368916,0.628573356807465,1.27907042522565
-149.056632613589,2.05471156475323,-0.0845717148986296
-92.8168892349713,0.832339673681417,0.511506164213642
-76.3960134735389,0.32564053076203,0.360110412293579
-383.600874659904,0.571693775976655,0.234387788936147
-19.6015012963326,-0.126429620897397,1.60721330874367
-332.272434060753,0.810863873717608,0.756518997557578
-373.826855496663,2.35792754441172,-0.092438603809569
-186.846932071028,0.700237439508783,0.746234565231134
-177.922110089978,1.08870583473436,0.621736017677904
-119.403224649897,0.933070896397112,0.396281367749907
-39.1586424579145,-0.4626055111803,1.85668618039927
58.1660974980041,-1.72839239582754,2.66384543763706
-19.4058612063382,-0.0522558984885109,1.11930072906125
-259.497547023988,0.553430931293406,1.01744478721594
-43.9631308634271,4.22338610332372,-2.0429706385039
-304.892663697101,3.09076559430105,-0.848687743258779
-204.036674097209,0.698524429979443,1.44071226053347
-345.475543677399,-1.15090561520992,2.10006366198195
-294.66630388514,1.97472215291054,-0.185102779447334
-263.33331989024,0.868134151169215,-0.387261352276255
-331.261569963885,1.40732849003689,0.451385884924093
-147.293531548572,1.67362360702373,-0.758229298488004
-97.4903331777605,-0.671518868330168,1.64005814050324
-223.98061915936,1.47169929154825,0.793387682573666
-320.742443634314,-0.456520017556613,2.29397069981496
-262.727643448423,-0.240333956520772,2.38908098567481
-311.232353807558,4.48583619343844,-0.0952638298913371
190.350005729466,2.26028234318801,-0.626893386615848
-9.93999141258246,2.57092843088321,-0.677322529198136
-277.835907785673,1.0420816395781,0.854044908309334
-73.5808167170908,1.30993930546538,0.130942979783867
10.7516328650454,0.288364233580069,0.597821546990417
-91.5854309998322,0.209731435297726,0.776601777790347
-209.745817594488,0.711360166009399,-0.120105553491157
-462.491105529843,0.0621899627876701,1.37249725230504
-331.984823407191,1.64147496553778,0.827113650651881
-344.194827848856,0.787210329974187,-0.475655284848472
91.8143028431332,-0.761212666344363,0.727473904335056
-102.479281769396,0.729782162212359,0.60905787468073
-340.916848591763,1.99042557785287,-0.301759765454335
-43.4156263173209,0.91370586535777,0.574643066327553
-372.193336391476,3.12825218994112,-0.154782112629618
-276.43305770836,2.37545355234761,1.72142788871133
-550.051270390326,2.47300383876427,0.509016916941619
-88.0086586368862,1.08239721828431,0.920507612727306
-604.74306372166,-0.149094955428154,1.33739921296365
-160.869126158577,0.56494882235711,1.13720541210932
97.6281581084768,-0.457239564610063,1.69538089437992
-230.345981885359,1.67603252288245,0.784507503878558
36.4191877783014,2.7806465612739,-1.03983424432226
-12.0904882414034,3.5390184999269,-0.896600053514703
-407.167779961885,-0.485830817051465,1.71314527848153
-177.681223232972,2.92775483800506,-1.33338536092924
-81.400349408359,-0.220915659461753,1.41338734367309
143.808559889878,1.71368291863746,-0.061279376182938
-237.026069784566,0.406041079389979,0.859653842115222
24.4302494385465,3.62266097150859,-0.782543964756769
36.5758461761288,1.54455296692322,0.325421080658998
-309.546162353295,1.88944877361791,0.527244278637227
-208.631616960027,1.64975523350586,0.162486436078325
15.7008101382962,0.738425121264299,0.362906043314069
-53.2087458349706,0.222210689651547,0.732400281900482
-271.544233357381,0.595173207490006,0.558499940932961
13.7407974532471,1.26099168745714,-0.0621134891116526
-70.8089744211884,1.02685487747658,0.938656495875875
-159.948919783528,1.52532877546037,0.883854910061928
-190.739382565996,0.108161671669222,1.43911553697399
-80.7340292831341,0.725777537940303,0.324541472549754
-321.428968316453,1.67342570041365,-0.258289010234876
-180.930410048066,0.650884732196573,0.582619524520851
-100.461346089942,1.13813910562385,1.25022323720623
-102.371511188485,1.28511468873694,0.57183716938016
-234.326206175203,0.196692593475746,0.922567087629432
-65.7880844022002,2.87980180955856,-0.344186977581558
-217.509842374508,0.22343839325913,2.18639376218016
-121.513565405097,-2.3518139609223,3.62384939167532
-240.770708544762,2.86678930666676,-0.179748891438066
-246.218417475939,0.199710111777677,0.585434965891181
-124.603995843827,0.0997498829165124,0.981246453262429
-322.764034715539,0.996499228363973,0.768533865862992
-74.219334531459,1.07256574394705,0.481147253711242
-387.876494142663,0.876303544268012,0.442424000473693
-278.659457237656,1.033791260008,-0.363151286583161
-99.3104357926586,-0.022861403655952,1.15611512826945
-408.135289720347,-2.94280509563396,3.46112662623636
-81.9042279552959,-0.237326743779704,1.954422023191
-327.273591841324,0.257841003411158,1.24723806158545
-215.592076083303,-0.367129005985589,2.28758265373472
-231.427552924945,-1.48208524878646,2.13438275330191
-173.679949863523,1.14209547127393,0.326437975849331
-72.4339626994915,1.28122962091584,-0.595500916162564
53.1699937173616,-3.52189495696075,3.3887066047464
-32.2975256611971,3.30343154785805,-1.36112490228697
38.9303626442124,0.893882749890508,1.39975217590109
-195.855280463205,0.996381837379886,0.244876957673114
-250.02742735832,0.12752980364894,1.02045588110786
-168.562778358697,0.912980415159836,0.824091869624681
-428.898306282281,1.07474542179261,0.0557032454380533
-81.4702513785305,2.8946538805103,-1.27433960970666
280.697749316401,1.89673959344509,0.903915810900799
-27.0816569241942,1.05168997863075,1.20571864252997
-145.351354799088,0.562619047326734,1.25949430817855
-246.375999282871,1.94651066567167,-0.0261623765691184
-109.49737791004,2.28119665237318,0.731500282156048
-279.783906676501,1.31419869238744,0.0662354418673203
-52.1596408389742,0.509279403246182,0.701011682169337
-129.27780794377,0.167856884800131,0.765974155961885
-238.839639044367,-0.475885513951653,0.790023657249549
-62.335703684701,1.17340603892808,0.0122506057814462
-30.1243667670351,0.633392680610996,0.37789832931594
-87.4704024972816,1.16629033386562,-0.119727251279983
-2.28619505096503,0.893366005730059,0.476196781964973
-117.427028659462,0.909612354229466,0.41658940713387
83.2413962586143,0.857059641623437,0.776372167223599
7.53537694133411,-0.100466321760905,0.933896385191474
73.5156294333283,1.15844068754814,-0.401581812331642
-179.254967232962,-0.225473609374603,1.49843211030384
4.44220182108984,1.40592427786942,-0.213548508865642
-21.0689253360033,-1.8335960147524,2.64602221861423
-306.003538995312,1.91008919508022,-0.656174530224234
18.8754269947531,-1.01393241572077,1.63244598123492
-35.4552859039395,1.43038187368074,0.126370864512865
-36.5579653425521,0.441224270078237,0.889319271234854
-139.300290642481,-0.359191062190803,1.16011184235686
-92.0965013118694,-0.384977354748116,0.792925419984385
-129.077746632905,1.88289405172736,-0.28869507942818
-20.6743533390545,0.442347732343478,0.409034546188195
-200.709199446021,0.513183286340791,0.177476743599982
-137.798459767015,0.440477473435749,1.53785832206268
60.2940709479735,0.684709453336836,0.60402734534
-102.634439279194,2.03994215201237,-0.285296874237247
-260.861658491039,-2.0390810691606,3.50585741118994
-318.486675250264,-0.312312019930687,2.4384714611806
-123.928432278655,-1.36092370668484,2.67883094115678
-453.791557551129,2.17212184231903,-0.414772425880074
-184.437037032534,-0.263642489979247,1.43572157836752
96.4025564314798,-0.268614327709656,2.68331960555031
-212.984991654606,-0.330597044368915,4.11349331749079
-276.322439296753,1.12937372495071,0.629624354724911
-540.625573576555,3.26980658738466,-0.503806588611042
-261.151573248018,2.52803591423435,-0.574585744689102
-144.207043855218,-0.797465143416048,2.27502064219152
-108.481506634373,0.559194275352638,0.938864769850625
-55.1443083635822,-0.458243284111177,1.32018343282107
-183.422621789323,0.331229446514044,1.92143584607402
-217.360059486586,2.95958020635589,-1.15544689455783
-161.614082117565,0.00476286305638496,1.83643610644503
-279.443515859894,1.86609023745405,-0.577041193668265
-286.617938987751,0.770860154829279,0.991300357185537
-158.661083835599,0.435517899972183,1.05283463682281
-252.080537511709,0.197197531117126,1.69883694074815
-754.746781260663,0.0199343078784295,1.38789076434023
-579.01596318603,-1.03638570581097,2.71273299474706
-380.289460614895,2.63892417422903,-0.152205914695514
-302.950683690491,1.69814096868504,-0.334566833684221
-278.567246070306,0.194982395143597,0.363590121523885
-159.435410452657,0.861540129328205,1.2991195233335
304.776015425072,0.752974396527861,1.20233634923352
-262.688007058954,-0.342367893965275,1.8283116157836
-531.466357435667,3.3630748577998,-1.13476632045058
-417.202200154577,1.97355781177612,-0.238516172787058
-87.6313677561993,1.946766472116,-0.119172599268495
-106.598573117808,-0.632754336693324,1.20454320947465
3.50107825356827,-0.766326889272023,0.917659769736929
-83.8684724102495,0.947452361608157,0.448191961273551
-23.6052002407923,0.210564753288054,0.545874900701165
-47.9860378137673,0.134862105765933,1.02529289864469
-111.624093861814,0.549251418095082,0.327046014495863
6.242188776494,0.834267038313556,-0.133527914324077
14.0049102628473,0.626031304433127,0.650754231042811
-156.162069148406,-0.0950520250989939,0.742996141882031
-160.950445386727,-0.0303131692999159,0.748893228716042
-73.9716466176906,1.35102983348042,-0.412875384150539
-133.920534373319,0.670929273641377,0.110217676250613
-209.486945753248,0.866296696549398,-0.122526807404938
-52.2009783244357,0.984403372494853,0.0354795308812754
1.83443590678507,0.465630204587796,-0.149291740963235
-52.971717837223,0.681699582884903,0.38657587452326
-107.544793158449,-0.51345887484058,0.692377153260168
-31.8407337451063,-0.128811860664428,0.497089823998976
-76.9008390820527,-0.25589959367062,0.618016985106806
-56.8252835781313,0.667135449650232,-0.144198671200684
12.3243289685633,-0.185339344214299,0.504470212263925
-103.973693101878,1.92830588977085,-1.06096059613628
-173.540442710051,0.621543206740171,0.521862003399292
-30.362781961303,0.365706904922263,1.17100398142065
-132.586995137426,0.995735326141585,0.354040467966115
-370.1830837405,1.43986954717548,0.00733609988674289
-345.862480958021,0.830047790790559,1.56584789208136
-107.74999253478,0.689278455305612,0.251911154657137
-402.810341453071,3.03018351062201,-0.985769708720909
-163.367973140012,0.864817617424706,0.486592121116701
-87.6785938287449,0.194257029106666,1.1104671482899
-297.887253635308,0.50686068723553,1.14146728247579
-62.647330537824,0.683837614575168,0.175890683371108
-119.770702169533,-0.332094802884967,0.485498416775954
-81.7396751311462,0.513126074234606,0.311484734062105
-105.544178673314,0.411962846803362,0.000423896441134275
-14.8516604357574,0.398338364058873,0.103129080336657
-174.953110187918,0.173424223619804,0.357712729448394
-75.3176214608684,0.901047532621305,0.0662442714528879
-154.241022137983,1.05452245974448,-0.470498849153955
-31.4813598514647,0.187148018536391,0.316852952499175
-112.042175098744,0.965305761463242,0.245751046684745
-157.629398419609,-0.147650508442894,0.639564456971129
-32.370237277044,2.11610018074862,-0.959156725308276
-87.15001226397,1.01626087306067,0.0176641114558151
5.80752645109897,1.1315908874094,1.47192673955578
-5.58614900188695,3.68165812353254,-2.02952798367187
-382.459906875156,-1.60746192951774,2.68414625448349
-75.4191579145117,2.10592564047693,-1.01940011972329
-137.667414841475,0.507954693253851,0.577659994523856
-59.2852991577383,1.43832533815294,-0.366390353621682
-68.5363222527449,-0.17076586267649,1.66390965503524
-256.839858762643,0.338379615019221,1.92142310634154
5.90345180810255,1.63378292796551,-0.72553930288268
-203.036186126315,2.68845574818261,-0.336009951068263
157.004112035749,-0.550711422882159,2.67984880194854
-420.001603246463,3.16977015021257,-0.17047204762639
-286.53337851484,0.79876628954662,1.23089761173469
-60.6990288125817,1.47281529044994,0.811709993024124
-370.068448046455,1.67162480644765,-0.0931861413409933
-176.906491678491,-0.781732018775074,2.99502690916779
-237.856512285565,0.317249448889925,1.57990981117473
-245.281061746937,2.02076236518769,0.271811894795974
-145.809329399755,1.18784142170625,0.443536301754648
-118.943338893469,1.6684762074874,1.04089879305684
-233.184962266627,2.62208800017834,-0.586431700234243
-447.53630810426,-0.948651350699947,1.92870055284584
-480.047234760539,1.3780598355952,0.262842471993281
-223.342834597274,1.92405042301107,1.95306422954309
-479.48518658003,3.55607829324435,-1.28834704333076
-410.517752680556,5.55413127294742,-3.38455687463284
-51.0839072518575,-0.332542417483637,1.85908826522063
4.01211838053132,0.801951559755253,1.32628928904705
-167.290188967483,0.454292159876786,1.59891227429034
-326.650161940386,-0.115424051968148,3.08966729958775
-336.342233786403,-2.71922463597366,4.14770784667053
-437.00127045784,1.04327042077784,0.628843193061584
-141.638722312149,-0.681943558685816,1.07144273241283
-329.778433866071,0.724365135672997,1.75092939541355
-103.857465440538,0.869002560517401,0.841715073998785
4.99024175724662,-1.76782132092194,2.67063904530369
-22.3229137236485,0.731114743844955,0.916731715740752
23.2787878432973,0.572188913556602,0.640051540889544
-179.903267591806,0.616257637637318,1.00881443537583
-175.485654748016,-0.455046594216583,1.0740758535394
-265.900505994039,-0.869856956909643,2.32923169370042
-136.558083963828,0.658378817292032,0.914103053393774
-107.471166969,1.3494260328298,0.794297279262537
-74.968441309873,-3.05627144957543,4.99997300218092
-241.983499722832,3.61101498292737,-0.151163029062445
-160.615922459652,2.02971047967731,-0.388645802925566
0.0595484868172207,1.70898017144646,0.291824398678727
-731.524877749012,0.998932002461515,1.31749707277049
-118.649524615088,-0.675692169927061,1.01363221339852
-241.274303276179,3.11894825275522,-1.45017856231425
-212.801986797334,1.50264691372649,-0.00481444662727881
-291.750395714378,0.900083656989409,0.611865802529792
-231.454194064456,1.57570935665717,1.31052268386702
-103.04192239845,1.69138057178543,1.08423502010191
-304.991007787219,2.82627406454776,-0.494436213477456
-397.998642116087,2.90076164395578,-0.700017168315753
-83.781265370897,-1.17117051955938,2.58557685126289
-393.085874113953,3.76594205976289,-0.643243417667691
-317.632549010741,2.7393135549064,-0.541075841640122
-719.566933560054,4.4623711999302,-1.75037666871685
-369.580497499184,1.48130024383136,1.2121716040856
-381.255023539008,0.409362179356322,1.67817217795528
-214.7501502339,1.71271596173756,0.200117033651622
-285.553245052768,-0.0215977786210715,1.59746835926489
-148.637719912796,0.791744853690034,1.51371256467246
-57.0428626721041,0.500070792724728,1.99313729914138
332.327858719298,0.141391487515648,2.09372807781619
-280.346783278641,2.32376248769287,-0.731741520037758
-203.124185859691,-0.204408448269533,1.94913948902104
-287.461813274043,-0.0429229867440881,1.8144977078191
-213.948816308097,2.07548882093397,-0.292485043697525
-454.466127247579,1.53849771839123,0.986227318178862
-319.676962209167,4.30040734205977,-1.80343299146261
-123.682372573858,0.787388224613096,0.932850395456626
-284.88121552582,-0.480594040884171,1.60223696083995
-73.1625079833684,0.0682859118969645,0.897671793354675
-129.891469615599,0.275406478373043,0.154468476772308
-133.58277216494,1.18014223450155,-0.208343496284215
-235.626693252008,1.54067228129134,0.17064126758487
-278.541591093206,2.3349151593211,-0.130671569797073
-142.338421207052,0.44163339012448,1.82936470294408
-593.650398697901,1.09998962577083,1.9447797476605
-229.756963201129,0.130125166935613,1.25155213484686
-85.6123055907083,0.808293549751397,1.57895413417282
-15.0438462043239,0.11728939776367,0.487166066595819
-37.519207631296,1.25490132894629,1.72561054975813
-65.2851352777361,3.84562967721649,-0.755784970882814
-560.420315171083,1.34191847882175,1.45352463850577
-345.674582477659,-0.065171145950444,1.15550674090628
-135.545912507019,1.59931475144094,0.122503926424542
-386.653067352221,2.66061303697643,0.680758881855581
-51.8253626546611,1.1376204453627,0.838239328979398
-443.993429593713,1.57725054492767,0.79830335493898
-369.339478278518,0.385008460449171,1.02746382410987
-239.257614201583,1.21878942885087,0.808049563367604
-195.61581198456,0.160970019744127,0.17337567024515
-227.690341490845,1.04053422691504,1.77690255828202
-94.9352121430784,4.67093792682863,-0.905704985816556
-116.53929878732,0.831055991939678,-0.915409747816739
40.4141548855114,-1.23995794491202,3.87188593897736
-101.72774190674,0.244517416182134,1.66351453398238
-304.748112523579,3.84861794690005,-0.715671739380923
-492.508948171395,-2.18004406853652,3.11405035338248
-650.442341902904,0.155517600618623,-0.031734815594973
-185.703075126657,0.172552806412568,0.893970092205564
-485.637854026412,0.219770310857712,1.29874586558435
-15.8621164190117,-0.0579382919058844,1.00524977403984
-7.05913988721977,1.61914670441183,-0.471865611667454
18.6779134957542,0.618443812083569,1.20579023734899
-102.491990447503,3.27694846136001,-0.906485779923969
-145.73188480391,1.01171301558497,1.22843388473848
-130.908489030757,-1.23073035646212,2.15324823760966
-236.887535412709,1.7709911144193,1.0071092628059
166.248165713274,3.89050534706621,-1.88533989564166
-638.704785952694,3.11807941204461,-0.122546141385101
-223.259871830072,1.91761850371404,1.46940245295991
34.1070402314217,0.851613896578783,1.37216131362766
-284.881268459096,1.75480122849694,0.180677199037746
-266.703929261363,1.56574927165639,-0.440514193585841
-19.8427510758265,2.60739609075426,0.123508048332951
-266.625667592205,0.482839061696723,0.956531210191315
-119.781930288809,3.43530945669045,-0.89892038905964
-17.7885696150697,1.03048981889151,0.867098033344519
-116.020632074756,1.0185685475326,1.54010776125506
-62.0834921825008,0.375309820155962,1.36353374188548
-23.3110295981605,1.35138745163385,0.42590386417578
-384.403207939786,0.0815992520292639,3.16779735561113
-203.781382771896,0.731502402955812,-0.0210673508699983
-260.390880753053,0.165007247880567,1.82777422952131
-444.285582445329,1.06697927314235,1.04580070014345
143.884787054623,2.04494394030189,0.582629745738814
-656.834626436911,-0.580650705873268,1.62875044137036
-369.860102306411,3.36716265192081,-0.0654653979872819
-137.867659705989,-0.0504454962538148,1.78626290833927
10.8377160501113,0.948705514118046,0.728001168601622
-181.219028788706,1.0008717153396,0.817427245208819
29.7497622172086,1.28704634431051,0.523396909986332
-661.570530315439,-1.27073971038772,1.75392318759987
-133.313923687325,0.930401333043847,1.70150149372057
-605.173903395877,1.83619442449344,-0.0123234804013919
-715.698572607653,2.84199500081013,0.421649126190459
-140.120535360903,0.372446033899905,1.33430593773664
-389.127279447042,1.99328635107304,0.283242371922825
-356.630486299728,1.54283413545636,-0.225014690149692
-351.07988505291,1.16317636100575,1.13491280231392
-128.078706024993,0.463895354754641,0.759415301377885
-114.176638380392,2.10758335328137,-0.00233353162184358
-864.975795372462,1.88343123344794,1.84699201859621
-524.078323166672,0.243517079739831,1.77474433623138
-257.965288585372,3.66136303869825,-0.758840630129271
-215.06412281876,-1.25998031317431,2.13412299212359
-342.012753421899,0.555180521292641,1.2843170165288
-194.272824912041,0.64073684316827,0.679089388817374
-290.041786790156,1.15576858944405,0.801700665761018
50.5550527800424,1.60560501521104,0.0239442736565252
-344.072845848246,0.155521389824571,1.11980510642752
-65.3227590351598,-0.881305147922831,1.73369907830784
-576.427191183131,0.969048137994832,1.19272951080347
44.3610837884444,0.797271989416913,2.51873527474527
-187.871590936993,-0.12661698309239,1.71780854268582
-4.69079633371439,-0.284454101330084,2.33961423786241
-478.069533063084,-1.16975939656913,2.59879676220589
-202.647226124565,0.512544151468319,0.836658750005881
-114.163461789445,2.23313981245155,0.905245950336393
-326.338446704931,2.79066218259686,0.162808344997757
-154.925687299052,2.2161799534224,-0.118386362373712
-228.794481930701,0.903339306591079,0.416356456116773
295.167782704812,1.10085488969344,0.541040635449463
-114.471047554965,1.44274324326943,-0.182835114712361
-251.857976089668,-1.41873574450437,1.97722462205274
-348.740188142283,1.61664349163948,0.902609764772933
125.516100727691,-0.277402114916185,0.569764812964422
-297.218452869791,-0.86777748579334,2.12624718369625
-312.925283012126,2.62368627193791,-0.177407736249734
-128.740900535689,2.36413003658527,-0.180985556173255
-228.141563069323,1.17788665328408,0.181896778410191
-302.415147896187,0.307702699676156,1.34671775516472
-300.73768598774,0.359285460427145,2.15557913827161
43.3080873370855,0.0413932667761401,1.19106272277713
-576.901956080532,3.06292489999032,-1.12933626509039
87.8380087875994,0.385096730984515,1.16018966956108
-139.468046964757,2.07902992257732,0.0497634366474813
-400.807927367627,-1.02991058806765,3.14003131848585
-386.959246140796,1.51893594834837,1.27011154655338
-21.7682445625687,4.07181536537246,-1.02423876631656
-10.6941636825359,-0.598257782839937,1.89098153637315
-135.567312098898,1.86340939357251,0.331771243174444
-254.348601322476,-0.935689964157064,1.24710940908699
-345.230419894799,-0.562362023192691,1.94390472934174
-299.089914151711,0.643979828433658,0.446650237106951
-496.71287540943,-0.992778924766753,2.60783788613753
-177.664798790753,1.87889841705328,-0.342930229584454
-240.66390120612,-0.0349885349278338,1.45804940449443
-278.528503463116,1.63428614834265,0.545930137235473
-224.575524088665,-0.913929071102757,2.09659665089566
105.046948344087,1.43035269810935,0.779303203962627
-37.5307317286788,1.21022219117731,0.179952881968347
-299.890755741864,0.984831101755844,0.188658837840194
-210.479965847429,0.946271629189141,0.439904988466878
-149.964616247584,-1.59722697071265,1.90009955392088
56.8315251657259,1.78416623685916,-0.151886834166362
-84.3362222145952,-1.85940349294106,2.0757549747359
-232.805806333854,0.622629682926345,1.44863592947149
-264.689911674772,-0.895655525935581,2.78755423624079
-136.705327215358,1.53744074390852,0.18461683280475
-1.3468239234644,-0.807655112148495,1.33044888627546
-214.003502647269,-0.417119427293073,2.04012412433076
-321.754607886171,1.9116617478976,0.96560416653665
-321.764580848212,-0.774856849486241,1.60478173344745
-120.247539710021,0.963349111931166,0.993817305905395
26.7537255792413,2.04750095189956,-0.691289084512391
69.4390202789218,0.977527804410784,0.450064060874865
-13.6092757166552,-0.702215809025802,0.97467895464797
-76.96275010721,0.492993930762168,1.14017215311469
-177.747792365175,1.51747663615606,0.67638838289713
-176.718158758755,2.18577089242171,-0.231326392351548
-337.690573074069,0.802495787916996,1.2920639042859
-103.345314086459,-0.169038832595106,1.36501652845618
-526.14063388019,-0.124779713549287,2.20760128780967
42.5982374464947,-0.138217881758465,1.28959453184507
-125.792222465039,-1.26164867037733,3.43257992114377
-193.441104760667,0.698063596501015,1.98930467615719
-118.717147830728,0.276262016777764,1.61733457053197
-99.7214553037775,0.951884898910066,0.136130783459521
-140.257128055964,0.898478261267883,0.524306965860887
-159.380705119656,1.31438737019198,0.167709612171166
-98.5186123679268,-1.09059170753062,1.63772908660394
-373.276591757938,1.85433529976581,0.15194726815389
-243.951952214062,2.19931161480781,-0.0355698203202337
-167.980595257977,0.541855981144181,0.871762522408972
-307.239426183049,2.65322510067926,-0.2698390439582
-197.64455522583,-1.77976425294764,1.67493964788446
-179.96534925761,1.90180566935305,-0.0598768387862947
-166.935976322697,2.74880071217194,-0.339169765706174
-290.976398909987,2.11792565212818,0.129275829982362
-39.7353691450335,0.109506643086206,1.28444511274574
-362.004610738692,-1.26720288203796,2.32329436618602
-365.190686320231,2.39466413705668,0.0466459015151486
-89.746893180567,1.98334689133117,0.253898450246197
-58.3894694740302,1.40732234696134,1.29681229427752
-54.1837096472082,1.79459213606606,0.410060204871115
-143.968097392292,-0.134551324823406,2.66240230640688
-210.316887066161,0.111646529621794,0.638414047549304
55.4768153532641,2.10480573918358,0.126285938033107
64.1760797970637,1.8281886469631,-0.0270344285381725
-229.423497685129,1.52550398817402,1.41302231489681
-303.014686983905,-0.376033577107592,1.09654771940404
144.931242327846,0.905450355901849,0.111900259798858
-274.751880758049,1.27373956970405,0.0805973419192014
-112.913972336361,-0.34923172534036,1.24065996518766
-94.6042223353215,0.756509244150948,-0.139985138899647
-63.7802396800835,0.44269218086265,0.857251330438885
-393.574270867844,0.620729136157024,0.486471300420817
-160.271573587161,-0.230411614174955,1.44361964974087
-264.0819853885,1.79202511922631,0.723393667751225
-446.824465361162,0.966362619015854,0.681369153229753
-292.383813919529,3.17347003796385,-0.801744703989243
92.8321336617664,1.09762995799247,1.70737684705819
-122.40603041483,2.71750124057871,0.535954589780886
-227.674906963104,0.467611452651909,1.81666234956538
-43.024610683111,-0.401646073210941,1.20307606723145
-179.342187416347,1.06414566026069,-0.734567899795366
-667.950575505034,-0.179762836021837,2.95189111799118
79.4373307250935,0.466489035992709,0.233530085111852
-258.275884766757,0.377373448660364,2.12515313795302
-14.0756824447599,2.64181755234313,0.871939145810757
-643.78762487787,-0.458640820899745,1.86169207583589
-96.5260975331621,1.998060043843,-0.221836954384344
-134.559368977963,2.05128176772268,0.500618042582573
-428.8839075077,2.47533800228757,0.22759204814065
-225.036640170663,0.490743707072397,0.771380432328442
79.0829106136807,1.8057712149166,-0.352891377537162
-274.413785523473,1.10988574170187,0.0600119024020387
-130.35695900584,-1.36804764087992,2.76381287314871
110.484542270628,1.26233474377659,0.526022430167018
-321.534945191765,0.969883365434725,1.90172342966252
-923.251548155065,0.39993615174717,2.23659712787776
-253.493932408383,0.298456049276865,2.07688702346786
-511.659987954863,2.1917703467625,-0.711584355158266
158.29900353479,1.20432545986114,0.872291756113555
-340.782088339794,-1.43004591935471,1.83785347852972
-303.005110708304,0.401501328080485,1.2587931646267
-297.378746973336,1.16299764576252,1.05474367647548
-106.947044112298,0.0959083711204585,1.20269062688749
-580.241859976421,2.46528486185707,-0.390575246899971
-416.7144870302,0.956383451811234,1.35438507246727
-342.181931538005,-1.33894508600497,2.86673355578387
-339.122841178425,0.384558285477397,2.31440662420937
132.417072243628,0.659860521831433,1.07207468081106
-110.732085966098,0.205730389840028,0.980707866641296
182.891121706787,0.396881852284423,0.88544458324759
-88.1526344894446,-0.288696897609043,1.93422689885483
-359.094991761871,0.838564705991303,0.426096455337756
94.5206589525915,0.595905127949663,0.49021879787324
-141.285885289763,-0.186994178806344,1.23121558828279
-200.114185686718,-0.0992864231957356,0.654605683637783
-25.9502635668323,1.62057926176203,-0.182622171247203
-74.8525938999373,-0.290455999536789,0.793312201514709
-157.147431320398,0.545928169201943,0.1934707420005
-104.990784325521,1.28248952353897,-0.170463172937161
-290.590546549443,-0.302819943732175,1.51950865671097
3.831151319122,1.27473420743991,1.0781250030559
-75.913570177705,-0.151244651904562,1.39325393058243
-316.133479121432,2.86369485084924,-0.471294209310145
-182.25837643157,1.74864913371857,-0.332481821808869
83.7394213483494,1.9188531023683,-0.243496150127612
-82.0952757711857,1.18159092075075,1.46533100808301
-149.533150864521,1.05132771657372,0.205487147482927
-335.307365365799,2.09952275440446,0.410679715452716
-256.058293057766,1.53720880374021,0.222636109465384
-568.811083218134,3.41297252534423,-1.43011628944078
-221.811916776275,4.80234746713541,-2.07395987524069
-180.81663257016,0.115031598252244,1.31149998061665
-45.7446166850568,0.700944318381516,0.673431548464578
-66.7690427478083,1.4117288729467,-0.364911874443351
-73.1615995887551,1.67784112767549,-0.126536000345368
-103.279764966079,0.0101717808283865,2.06312422334304
-37.1742531745986,1.22053257370135,0.613890559587162
-231.829355531467,0.018094640225172,0.985580203065183
-100.391064310381,1.20007180637913,0.428793186045368
0.330350095406175,1.2425060414098,-0.218472281478171
-350.843315182297,1.18101563459641,-0.00724712196097244
-225.646331193195,0.579868938002619,0.890165174823778
-100.880625119695,0.715925458611309,0.945887121701162
-77.9764266682832,1.04938623806811,-0.418870249937754
-108.110589719268,-0.907775141124148,1.36313896685897
-103.695640435064,0.576612519304035,0.455942757384037
-28.0032171939238,1.10174784305855,-0.00575138212298043
-437.167557390589,-1.24742422599229,2.23659618917736
-505.837408530688,1.54291989053308,0.517237847307115
-433.584925319679,0.229713980326778,1.77751978691958
-306.790645261295,2.23343578089407,0.0109282324265223
-211.494433633779,1.26724236001246,0.316278096768656
-232.803044580869,0.139972586010117,0.771004062262364
-269.693853272185,1.12187851058843,0.740354085093713
-313.563071217504,0.850061154338619,1.73952756130893
-638.882383590157,0.440987772162771,0.762740915379254
-379.481724709491,0.460816911698203,0.751202883548103
-209.269931526843,0.758118337253109,1.1052583823548
-522.555380117046,1.8619749120553,0.532811460172525
-195.886417936141,-0.670702621384407,2.20898352166114
-397.451510041188,1.42829476232737,0.43686149828136
-22.0652118642835,1.96390720600903,0.595969323039753
-189.122392884805,2.10107688790595,-0.273541517479316
-270.888441381452,0.206594890842098,1.89922293413838
25.2736992023129,-1.83876471186522,2.50366384360677
-111.865403135635,-0.365378709509969,1.99317801801953
-122.205855149099,1.58733534780913,-0.13448503159816
-196.207202070364,0.185173892969033,1.83953379375453
-603.489053631791,0.266560003285122,1.68132512283046
-230.094952167114,-0.81827390428225,2.0224488165768
-80.2806940291193,2.22640822520771,0.0163271980964055
-284.350721861792,0.308035051551997,0.944671483564889
-78.5676716391572,-0.289508886751719,1.40021375913238
-204.54776084621,1.54092567512998,0.202434022503439
53.0969494333985,-0.152864109157235,1.21843183731471
-293.654569533697,-0.946838823001599,1.70483360622575
-124.400524469267,0.918913162902754,0.989047087248764
-148.96234441438,1.26298790087458,-0.822508413082687
145.0408286608,-0.640387947103591,1.91604869419825
-131.477117791073,-0.335818988038227,1.96759945560757
-36.5696949139528,1.33558663639997,1.32726452159113
-63.4057999854122,3.43482129017502,-1.09868911294689
-314.763817996311,2.80128636389964,-0.662823969118108
-252.39165984682,1.09720740366174,0.586931907950202
-211.287268326167,-0.619956356338662,1.62262073629245
-425.312178865262,2.06552083574934,-0.679299113689922
-153.011763073649,0.140108371695533,1.16465826207423
30.2904059784923,1.0725298969337,2.22175829365733
-89.7522670369362,1.57517886671121,0.4088189442773
-300.529224844999,-1.04464351359638,1.65079176553172
-301.478680650558,2.32045584065781,-0.24056954603293
-134.323922955315,0.977366853756394,1.10623782245966
21.0172080375814,2.75583447447571,-0.499425598387461
-179.637906342305,0.41267775571032,1.55207580971182
-197.755058932009,0.622030973725487,0.764971776225138
-246.661045464862,0.518591209380247,1.31791824118409
-251.680575431892,0.173598342618789,1.8786018389219
58.0337451052073,1.27570037159603,1.26095002604143
-310.092926089041,-0.0733175206696615,0.427234034759749
-158.400835548946,0.736559699269492,1.14952518888458
-56.930469103354,0.308265684943763,1.20559487765422
-172.827540007798,1.15138162599033,0.736222525873018
-772.140183373616,2.0430951065423,0.243367907532956
-131.004819104488,2.18429023542558,0.287089101650054
88.7609064173448,1.82964124673163,0.403538342630782
-216.270088779565,1.12596581596154,0.664757157603162
-102.817054684419,1.05496193463478,0.366660636325832
-202.781585348552,2.47424110994325,0.0521526806696784
-356.885344172057,1.33237901349457,0.452274103532545
-65.0288010463846,2.02108659959049,-0.448550933124352
-192.177870664374,1.79954147282115,-0.050989831041079
-321.466469069201,1.41560855888019,0.373036040633451
-368.858715402326,-0.945297935031704,2.07182374282274
-188.417569174308,0.857416129263584,1.35145236773315
-63.2291751869634,1.43301905124827,-0.384375443944009
-77.3647285940242,0.798082385743328,1.06055105665791
-204.087179167516,-1.19053373464703,1.77468649811908
-232.640923267085,-0.00200578237127047,2.76257446128875
-361.634019299556,0.715874957037158,2.29038914428384
-400.50899640426,2.86073211439361,0.587514504913997
-523.816586755027,0.0048360366236011,1.71641281669145
-175.262419353487,-1.15429364668671,1.85718045687827
-442.600589597125,-2.67513949731074,4.22134990657651
-134.39558030499,0.43024971363775,0.933756818252732
-286.696878370363,1.78077150377794,1.32389024904114
-146.857542937112,-0.255939977592789,1.79108677784825
-294.766733583849,1.01167996892764,1.21353366907351
-115.204157035245,-0.574723070167238,1.56000989928725
-162.642620094241,-1.80325846152846,2.5187462986778
-224.162959653338,2.65305359285412,0.0616913788144302
-129.80241221191,2.81659791053971,-0.0298237606475595
-93.4440197664371,2.52219412931299,-1.01417539847898
-539.293815061479,1.40940980751475,1.4101619329449
100.878783954322,1.58730670307705,-0.169152953545563
-34.9218451641209,-0.705810080369702,2.21792134256975
-406.510674032637,1.56055963827362,0.635944371315418
-5.52175684734539,1.65438013933453,0.787611825406202
-234.669634128502,0.449943033250747,1.49895809083955
-383.540603989037,1.38891525869258,1.1824576240906
-349.224792855202,0.85389374262013,0.831791420903755
-253.252696789015,2.08347025921103,0.202381481700286
-363.759389304527,-0.0532447464065626,1.40800261235563
-409.780888333029,0.340142268876662,1.50571085876436
-134.543860520076,1.17738914483925,0.765246999668307
58.081432701103,-0.273814720392693,1.97329602584068
-308.381107354886,2.09960022232553,-0.0397200606821571
-275.943222373287,2.78239459000179,-0.815734731176235
164.815903011498,0.798455390497111,0.570886438465095
-384.029865084027,-0.0905446548822511,3.05211591134957
-111.453993177465,1.08005895257884,0.718819584333232
-140.966235302167,1.70580946677364,0.269674219933222
-251.52837551566,-1.5756571314414,2.11140435786365
-78.1684382767708,0.858871560994885,1.29619904661376
28.6468083315995,2.43752677213342,-0.144401938916417
-63.0836445524146,1.65282141041462,1.477883592328
-131.646765743164,-0.208680466574151,1.27533160189341
-336.776042850717,1.87277365792033,-0.00612319559559182
-114.49189001866,-0.970550009398721,1.61994321469683
-31.7913058543899,1.83246979821706,0.246861623814766
-43.8836854183464,0.38283346821845,0.935568264685571
-76.907365940162,2.40781366750889,-0.431107743148459
-249.872019334871,4.44271103935898,-2.03021002581227
-350.207955745544,-1.07231422839686,3.29555148043437
-355.155878911552,1.65847887726704,0.254172945127721
-322.775820784529,3.50172719321563,0.338497101090979
-161.619480955604,0.559955204749713,1.7076538335823
-44.5734780779821,1.76042679839884,-0.16990127239842
-60.3901138958536,-1.2535640795104,1.93799876276171
-119.523036070743,1.64199651803938,-0.490227977847098
-126.035214522213,0.439171817394708,1.04219866099447
-66.8116409661125,0.019771295323153,1.19018920153758
-87.3806492154908,1.41947350084956,0.927448546688538
-18.2048302801995,0.425446228589863,0.384566909371642
-159.166896798968,1.83750929121743,0.0326153099013027
-265.894818720146,1.32096025825012,0.591674590366893
-142.767530658362,-0.517007098722388,1.70529824077812
-538.614585048457,1.12721734568186,0.101429873917368
-280.401282303992,1.08106211719496,1.90535165760957
-385.71480690009,1.12788901603199,1.71295723385992
-164.294527376973,0.678081965670572,1.74172866131994
-41.5494917788455,0.242630401873612,0.805628273714319
-152.442915867494,0.102184415358352,0.988364666089183
-71.6925217121898,0.258229280843807,0.360671254937188
-122.471983470623,0.670164458570071,0.286013581324369
-82.8274097981048,1.48817521181786,0.505747026814788
-71.8614624366019,-0.965693811594974,1.58208564281085
-90.5819295218971,-0.472852884340682,2.03112263388903
105.973700284259,1.66784692081274,0.0816504067624919
40.1949489261824,2.17582892856444,0.440561447467189
-164.231492129009,4.55951289649238,-1.99014077481115
-232.233645545057,3.22059156703472,-0.713012222688121
-62.8479632686358,0.719301110875676,1.24792425428313
-199.737020114344,3.0290994028619,-0.703066417510854
-242.916985199852,3.63564578334626,-0.524311590837897
-455.971572552749,-0.032467291213834,2.36152653737736
9.96363506678608,-0.270045243494678,1.60864278814552
-268.901977447284,2.12970047257841,-0.973195053025847
-279.189162488474,0.61796570084698,1.1334988312301
142.722094742669,1.85395906011399,0.731428939761827
-90.8673810065666,1.30994807952811,1.55989836301887
-130.042904473637,-1.35444374087092,2.40178264326823
-127.926605803048,0.358018461032771,0.975083919809549
-461.003120975838,0.355215713439975,0.709247364495241
-325.920190809564,0.271917763979218,1.78060432121856
-104.030728114565,-0.217198970116442,1.17635221268574
-27.685850439826,-0.798296601387847,1.8300358922279
-203.455282942363,-2.57890465158562,3.86808591407316
-220.522666716235,0.101097913793637,2.23250159659074
-68.0866656483631,-0.894639625112177,2.70476670342032
-176.089649729067,1.26017364072686,0.190992576812278
-335.36301182014,0.784519465989433,0.621492086298531
-78.3936890431214,0.581897716634558,1.34386693507258
-18.9669729412781,0.917566933261696,1.08767028515285
-250.621891961637,2.48904647964082,-0.245141455343401
-292.600217950028,1.3820457486654,1.01569626148557
-307.271479088813,1.45275772792229,0.519188566628145
-608.449422248552,-1.14184864798881,2.68314614375413
-180.575808040914,3.2288355199853,-0.71578530210536
-296.610808767335,2.68894683293183,-0.632602118370414
-361.951531485523,1.51825621616445,0.809927865571808
-425.094166651983,0.102808378647751,2.02581491757155
-134.027789978005,3.07167915630271,0.432071821342106
-600.718837969311,0.571186030818126,2.24328479664109
-264.20959892479,0.323766389512457,1.60729104618076
-744.318692563276,1.66799548091512,-0.340175906458171
-354.298256009439,1.78545005974229,0.376628464262467
-250.575088263711,0.0331400854774984,2.44335297309954
-501.930876510443,0.589240223169327,1.7613453460508
21.772804341279,0.588172239295091,2.06208660625271
-673.376874782567,1.63034768175567,-0.947454790024494
-206.081645331193,0.86348272349278,2.52694778672594
-19.5238064329887,3.39428400417091,-0.74503323861245
-315.062309872301,1.26491990462819,-0.0781844115845161
-326.120940893226,0.77302079512765,0.578838133078534
103.476583327822,1.7196538988137,-0.319383612353704
-466.558418202985,1.7058667599922,0.432092701199508
-318.929864091675,0.852240332547808,1.29930713688373
-247.702474623977,0.125926651882764,1.12908264539146
32.8350015197138,2.26087632674898,0.414278873278818
-250.13986953831,2.30800893479318,0.370337403437588
-162.075253163173,-0.620832471387985,2.38351331138983
-91.509622650668,2.48798764080129,0.637650373464567
-357.030485274004,-0.609596233829507,1.74201002606424
-370.455165832129,1.50038399359619,0.578214111854322
-284.167107033325,1.73070743965218,0.00126177159836516
-490.427400088956,-1.26016589801293,2.46218742795463
-378.037222045707,1.95169035928848,0.959276385960038
-212.324811536091,2.3199196784808,-0.570028731744969
-165.814822942892,-0.755969636134978,1.42636762416805
-158.450497093479,0.603592901592492,1.03890936447806
-80.8498874017241,0.366138531710021,1.25549722573487
-323.744005470042,-2.17697826577933,2.91221791459247
-549.291648746264,0.0213802882499294,1.83826494967798
-428.16978586575,1.1059205953934,1.52168098371476
-318.096574014035,1.45811369972944,0.612348771641336
-117.954862932402,0.67043327958163,0.313922816536433
-129.135730007285,0.732543489953969,0.601959898341647
-68.231984852071,0.488897961884504,2.22792367290822
-135.29617917852,0.853869172555278,2.23500361635524
-385.230443582463,3.08087212521787,-1.20193018265854
-122.65555897852,-3.4452780286374,4.16288828059623
40.9827149102057,2.38494479670589,-0.381220851719263
31.3769696218806,1.99062764448172,0.443826480797725
21.3021513009444,-0.234372299775714,1.24110692228714
-542.525655260019,0.658301415125607,1.33766759422724
-431.966229795093,-1.33590172650293,2.74255859589903
-170.735224707401,1.00991887708346,0.267747779638739
-157.182799403234,2.21387785060506,0.052187834160577
-181.524690196886,-2.06811553344596,2.81554193538614
-193.346842519342,3.75893153053767,-1.23737647122471
-233.942567189704,1.35332318811925,0.460283904641983
-12.8077851814269,1.45347111454612,-0.45322068023961
-109.138135919377,-0.154912355175838,1.27040139390738
-230.567806826645,-0.199777918154723,2.21900779169664
-121.778722633419,0.402416163153248,1.09230355286491
-68.5397192994424,3.44081155952153,-1.02038455824368
-383.422894309442,1.68986820520786,0.0741555379045167
104.479016247118,0.47379665695189,1.61022419287474
-244.438740787009,1.33379036089173,0.107216872173012
-590.529800518103,3.01811548003025,-0.433063579912414
-251.913798420857,-1.53066734835738,0.786474239652307
-237.432238280133,0.0494977426278638,1.02353316931112
-88.4162647594021,0.579794473291258,2.93123092290989
-387.390229760378,2.89465365394426,-0.849269091355382
-142.417560232187,0.343346151748847,1.96234692278085
-296.601478996261,1.41169836337212,1.58610386968212
-2.95731717860326,0.74603133504479,2.09876191728108
-394.010017105131,2.90783822584172,-0.155308054672787
-169.487947114023,0.581444222741993,0.476119354541879
-173.992221644963,2.0728362929658,0.124799713870743
18.9646804108634,0.702983641647734,0.692982738582941
-422.761142201882,2.14291730232253,1.1225184620962
-149.216952813178,1.55699985934189,0.517837326500739
-323.153149644131,-0.201770925501478,1.49354254751233
-5.33654994468088,0.824148127925582,1.11084411505726
-382.700613834691,0.292424390929227,1.33379878144478
-446.775745686042,-0.343479117982497,1.77017580504616
-359.852192481223,3.0848466019379,-0.869799341584439
-32.3367331980407,-0.610916256970086,2.03769883578207
-456.506299183915,1.48109042305441,-0.337016651137674
-236.952935564652,2.77960450683895,0.860539571105619
-88.7171968964431,1.42202448274475,0.113756986633234
-478.384454214533,2.45637611116399,0.394464638768113
71.940429816746,0.420670533618249,1.4496843443485
-221.502189753257,1.84716903328081,-0.0771980238496326
-278.99705315207,0.58550056500826,1.7513059390476
-75.1997269540752,-0.102005502015345,1.50484207758564
-221.039931389445,2.97721928404644,-0.613539719910477
-270.071648915036,1.04847605066425,0.414666331074841
-177.701656919395,-0.28344403297524,1.34680364556334
-264.610949517664,0.956723219482228,0.846212655291311
-220.460037733776,-0.164175674304715,1.88677805519546
-401.520649248472,2.44893220876111,-0.892508363998786
-181.358538506705,3.36562636055169,-1.26079669973115
-134.75177475161,0.852155229360505,0.921905197413707
-105.377680184931,0.308589453605236,0.492068008326896
-83.8757851592891,-0.33723291681963,1.78933213176788
-5.34958459011978,0.938700109370984,0.998613940973883
-534.419707445886,0.417838198787649,1.36681714895531
-734.717040492447,0.528316644944425,2.22079336902243
-61.2866146386223,-0.916432301761233,2.94843905841117
-387.427394565129,1.87615365454985,0.738172310666414
-310.690426456124,-0.865947266953299,2.42838348290388
-305.622395189021,0.543596696574241,1.12159220154717
-106.092945355311,2.21415023646296,-0.536299201536167
-220.867533497338,2.10412145851296,0.0279784475424094
-335.898070859665,-0.165310129523277,0.722850168007426
-122.766707018454,1.39409022923428,0.216489275699132
-133.551195492211,2.62768643602794,-0.437503787859896
-222.538716051873,3.23265258588799,-1.10729759334936
-137.695915776232,0.698221914710302,0.464764883401585
-118.535828358424,2.17645049540079,-0.519417850584432
-125.298255317888,0.876864661859145,-0.359290562355454
-22.6317693022429,0.513296395831276,0.288964680832578
-5.58741925871072,0.820452055631904,0.5885447972978
-79.1277833259373,1.38536043619388,-0.388826865077135
-193.384601642359,0.50429741613334,-0.00900748433195986
-166.292054458358,1.63706848492802,-0.294135909454781
-190.041813550473,0.359643846255494,1.68374877123279
-142.867475066407,0.112905485293595,0.701179129871889
-122.936149934489,0.846132791484706,0.474810081330361
-132.930323076245,1.77923235920753,0.212614075833699
-147.958281654282,0.0072191053914139,0.545700510050665
-159.815737974881,0.0927624941832619,0.969380171620287
24.2965678845321,1.13699807335252,0.590601966221584
-287.718227251726,2.75925502492464,-0.537951534432068
-460.247491319845,-0.0917363233893411,2.22492776814761
290.855949946359,0.788128349457111,1.11371558689279
-216.884723446041,0.82454181445064,1.30953668242728
-162.612438974204,3.53894641223451,-1.98738969834085
-109.138171026949,-0.121829533411073,0.761183333524968
-134.807886585564,0.310181833519891,0.94362715115858
-74.491267667152,0.0951054739198298,1.252514115331
-226.76437017163,2.63527123306994,-0.992417409172049
-95.1091678096564,-0.339666169784323,0.82734596481896
-306.728329371981,0.517015091181747,1.34983541880501
-295.835900784587,1.42895771362964,0.875032824726077
-0.328789280014462,1.39077802363317,1.31496484199306
-568.285574127323,1.64702262752689,1.16356025879941
-357.612892824953,1.93286266029463,1.2190935856197
-163.68847021171,2.74124875375952,-0.0706367270540795
-274.448088481848,0.855297757181688,1.58675949614553
-11.0012950560631,-1.40880828664012,3.50140439899405
-112.779650677519,1.85814603902327,0.551032223913353
-310.652129420792,2.45033103000605,0.717980344605166
-528.209144059598,1.60200458106556,0.153294885385549
-468.29252247361,4.84044088094379,-1.54965961224661
-278.102022463165,3.01146423647151,-0.415038554907369
-376.311312711536,0.929488241006766,1.20092516238219
-284.638893185824,-0.433833954233705,0.938993893345469
-280.87774255409,2.58541662346033,0.00965263364196289
-548.173043525545,0.266518071541213,1.36420856289624
-208.390351206341,1.43198115901032,0.105419254556182
-376.53378232877,1.70291305235151,1.43753628793638
-40.9504871475801,1.83007414222811,-0.246559380670078
-208.918128074525,-0.474530299630715,1.20010579416703
-170.370803551923,-0.272775639401516,1.25189409746235
-418.845657281592,0.499168418306908,1.09678905639157
-51.1431737184248,-0.772918723814655,1.6981904841814
-309.584226003615,1.29571256123018,-0.175684727291809
-221.754414536146,0.960467993078055,0.717591586901108
-186.744332782197,3.18100945094193,-1.06170463914168
66.6544204935199,-1.12239897879772,2.74889621678449
-217.680509824161,1.60973620173172,0.641498246681294
28.2768846620165,0.515862171589106,0.950247074535582
-200.07878202929,1.00059832283841,-0.372032965016842
-324.503280844569,-0.454698830173584,2.09911714305053
-170.21035415295,0.618395413112012,1.29936410021946
-230.396652372438,0.72199726573308,1.34440588403959
34.9779663530499,0.069863994474872,0.941377416304022
-142.569649342939,0.613320199958252,-0.211283252661815
-164.294849291895,-0.358444805431645,2.4417566831271
-55.2883817063266,0.313518470444251,1.61639268396539
-73.3832220223849,1.21380197899998,0.597240802875604
-163.616530015381,4.38812734478779,-1.26142385142157
-1104.16566109833,-0.0634720386005938,2.01888561206579
-222.43086540401,0.0611119417153532,1.23612779637915
-723.592105298128,0.307962923077866,1.0772796115416
-155.274993198691,2.7855834433467,-1.63050486256543
-140.36663860752,1.92945994093316,0.366050903136056
31.5104320565297,1.18551728161037,1.2126927743011
-10.1783447990892,0.580371280142572,0.272890919120982
-353.23491146657,-0.265050027432153,0.991083554776196
-203.777794633672,1.18367184668023,0.127992320034537
6.26953521643645,1.1264064483621,-0.0972666759807908
-94.4283082064649,0.296378782833926,1.00727257781546
-88.6014481088496,0.423910287543549,0.87874762021238
-43.7027253909146,0.908435353427194,0.0916320627311507
29.1886627355416,0.061474745743908,1.27129931555464
-307.211733456585,0.218960008758586,1.08605770400027
-122.533441843407,2.10773424464605,0.327529335540021
-5.86793267495523,-1.16032158464077,1.78308445948278
-48.1786063124746,0.509359963980387,0.884744022452651
-186.904723837913,-1.60996836909862,3.69664830408874
-382.989346758928,1.05521674386091,-0.0372356631414732
-539.434060754742,2.14898525226454,0.838929937890498
-460.822378627243,-0.33270476249163,2.38993607720477
-84.9437197313819,3.46322398792472,-0.548139052414626
-363.100991796149,-0.28245175426855,1.57770470995456
-146.927450292715,0.624297513742931,1.29610718277399
-239.04233685293,-1.37578198299343,2.83037347842037
-216.205100096806,1.4594350411935,0.871634744980838
-76.2895972568949,0.883932389377151,1.09963929385412
-524.724936848215,0.535176962555852,1.19727699410578
11.1912221941457,3.06471678212984,0.402734636241803
-245.698410324731,1.52829360883334,0.979889020367409
-64.1743202638281,1.20828581764363,0.412334283319069
-270.232097284163,0.249246770341415,1.61770132152014
-76.1009025999156,1.90181428186042,1.21901026801788
-330.380032379304,-2.05026768520474,2.93702960848168
-211.801006964299,0.410954281127488,1.44344755778729
97.6319269237065,-0.516667368094204,1.88967621410848
-155.197118715718,1.81987407669294,0.623406824321137
-130.782428341161,1.22500241236412,-0.372733443495235
-282.756453550639,0.554408069365309,1.16923426327412
-639.113727914395,-1.53932035762409,2.63180635544268
0.360582689070725,1.68033355925581,-0.166600569144066
99.1071391832229,0.130927040898314,1.68325840322359
-67.2253652995278,0.941835863195593,0.993438564555618
65.1206231279939,0.164232917266418,0.623083720944123
-134.796380864631,1.68258768352098,0.933535836869851
-230.220453136339,1.25791956810281,1.25545620065532
-38.3554246912972,0.0426556107704528,2.17773837688401
24.6267013362819,1.73603909165831,0.267566971931956
-157.492552598836,-1.18171275111672,2.42900836253102
45.5571172978398,-0.0466479158203583,0.776905284728855
-547.016153146193,-0.359756847830795,2.24913933685457
-298.235802563751,1.63585348549532,-0.295838753016142
-267.39131080408,-1.49109700405461,2.42535613157088
-164.314083869023,-0.75053507470875,1.54242905742649
-143.002528030192,-1.03022019619675,2.75265482877148
-161.968759723219,2.00479388526583,0.0888184464420192
-253.327109022299,0.732708579031168,0.948263754180516
23.8006949587871,-1.30656223992992,2.88980160393294
-34.2329433047853,1.28518147440627,0.288684034021571
24.0344327486964,1.66879556889762,0.238085782562848
-133.118175496973,1.84444050528691,0.810178330226336
-95.6371564282454,-0.210554162156768,1.18161349406
-113.35535411154,0.318710763483978,0.982175329081656
-210.438627566513,0.536218755223672,1.06756304981536
-32.9661483514607,-0.0955346426053438,1.3247145696223
143.752149614149,0.302561356686056,0.0996460897440556
-147.704757197127,0.668152135891432,1.33772926100937
-345.322006972463,-0.0929140510415891,0.872947513365943
-130.538559297638,0.692387409188086,0.355447143265337
-41.4627681420679,0.754601852066116,0.255207449139562
-226.424677947798,0.0741532275933423,0.760293939136318
-179.887677971492,-1.44614164734958,1.88395750922791
32.1001741182408,1.46545318912104,-0.159974509762833
-207.5325241518,-0.42399861865124,0.724131503317039
62.2185544950189,0.260029720873717,0.878687911550514
-185.526332558569,0.378085503660259,0.439997250243323
76.171234094596,1.21797912365582,0.591997351191822
11.3263567493814,1.77815263549564,-0.369241800304735
-112.361264296567,-0.34470483622863,1.34706579830083
-218.960459726259,1.23656341599417,0.554761527528171
-77.874700615328,0.924434974003816,0.639346467738505
-51.0747421582491,0.553255732960679,0.609765859597246
-257.978840395655,0.919424036284909,0.913617651298409
-246.232975410239,0.737484143843176,0.483340935895285
-35.9472113297088,2.12344558369659,-0.68781620646223
-88.3023138265853,-0.601738637240487,1.42784661689802
18.8381235378329,-1.31428171620064,1.84455719793914
-281.320877513455,-1.74365663052595,1.71083350406116
-464.945260786406,0.740300542442128,1.03267702812445
-337.927195407654,1.45807984739076,0.564030002722575
-187.497144127847,2.33030016596967,-0.0141694043122698
-271.346539321028,-0.565808874849608,1.96975934266811
11.3371393498892,1.82281411421172,0.0949210980179487
-438.143346340759,0.294530639002915,2.03846230109048
-306.567767537654,2.1403576957091,0.52802356875327
-473.83746652877,2.07236377336085,-0.0868464671289075
-5.60829467889107,2.73246951733017,-0.527956645993982
-531.019557460924,-1.74367625758168,2.94499231994268
-117.921781351582,2.20975392573746,-0.414806381795643
-335.541948254904,2.30954576559452,-0.585470831712883
21.1380534227937,4.43901007714157,-0.694551310803263
170.392715153655,0.840713125020557,0.343563749367604
-5.28144581181141,2.92074367820169,-0.725742654663918
59.3231096814015,0.949040716108357,-0.134206109083607
-94.6312379015872,-1.09838875713467,2.25473136242363
-247.645926238256,-0.625026843865726,3.17167604086717
-237.920138084788,-0.0786246340649086,0.642004678506055
-171.026423781841,-0.146925245251623,1.86447663724539
-189.753075085144,1.37926231240272,0.502976241114084
-104.727507379866,1.33296870518825,-0.0684929535491392
-253.535074747822,2.35827487603819,-0.621163818505011
-60.0942349153338,0.936794241744792,0.520382777925988
-393.400971137009,-0.166796519828495,1.24413835600171
-333.089165548308,2.16195831552614,0.518703769397689
40.6958691675318,2.12115468399134,-0.111515339551261
-139.314752002567,4.27058157849387,-0.891052425868111
-335.125170954459,-0.0436348814400844,1.52976640822453
-132.437486537514,1.06584735658544,1.26732917298796
-422.779170507332,1.89455085693044,-0.632210551251774
-570.694903963042,0.202752594930644,1.53481130795262
-322.245901857794,-1.62032148441358,1.49081462725007
-105.442354413148,0.0754323523433413,1.46807946542685
-206.618496354698,2.11212226201314,0.0400955642980989
-278.985385104417,0.694750160182593,1.79724815056215
-282.496688156658,0.192459069625329,2.04456290643429
47.9819781971746,3.55399517214391,-1.47436671474134
22.0969267579494,-0.8973257351754,1.96385030558304
-249.756102236752,3.52711078387802,0.700556573297945
-100.107407946191,-0.753314522546134,2.2118461657592
-132.307216203379,0.9820851868717,0.798924450749837
21.5920379260351,1.49049401429875,1.27246992836444
-294.762445409113,-0.838999987623538,2.36984162255249
-20.1570426976068,0.818485508469166,1.33614963348373
-384.940985829013,-0.554745833505876,2.40374313747452
-122.295892637892,-0.744498537882464,2.17355575710462
-334.157353436767,3.45769231097074,-0.758433892697212
-265.842910613806,2.55605083902446,-0.646668096771464
-55.4535904151489,1.90004584275448,-0.0767120534728747
-131.101370547316,0.365179809276015,1.04127748379688
-65.2722356328159,1.0039719962806,1.54046813340392
-165.168900291595,2.22984573092617,-0.481787912125583
-504.672352690308,3.24992720921,-1.43504262375063
-94.1120686734284,-0.195003057378926,1.52915810182458
-175.30287907325,1.22840722063847,0.197500477297581
-9.51312214849168,0.708153081359342,0.0191123313852586
-127.675364280585,0.815547549551411,0.626456359871554
-41.7572083100677,-0.704110776161542,2.62607707593997
-33.0938728334877,1.27774395805318,-0.265098245203262
-234.067409493,3.69976980693173,-0.862096126191318
-61.6659183131706,-1.00421527247818,2.13725976413843
-109.503982048835,1.6047813026089,-0.154286435783433
-114.771213540786,3.4945949340181,-1.29448205642984
-317.679418763754,1.3347774195172,-0.187215168230978
-126.480907599827,0.413577562067076,0.911158122995403
-235.93813056864,0.508473194582621,1.55667521523719
-209.790705789426,1.33042472196394,-0.286848457739325
-196.648078443734,-1.93624861824355,2.1672207773297
-102.040537163164,1.11783066514545,-0.367521704436513
-486.141411442673,1.71631581423571,0.601100755287916
-199.75654193449,1.68103641355992,0.217540687895962
-252.116243977362,0.492216949540307,1.16674537910149
-373.796811437336,0.0650081216008402,1.82344897237272
-281.291784511639,5.12006881622074,-1.95170302093902
-308.88477870237,1.45896642261869,0.926691303932785
-296.410298405943,-0.094165216840338,2.43171405030444
-227.210769384466,-0.858921961458691,1.76392846742863
-189.15165019469,0.0231490581209073,2.08149172505364
-245.814823976507,2.29029669663578,-0.102322840757552
-123.448855112714,-0.651692177671066,1.18757853305578
-239.502088693087,1.58588339727066,0.448208265646826
-228.374976855397,-1.9854553497571,2.67907398332318
-74.5134474751831,0.665720174418766,1.42998481196264
-262.919042179084,1.85905370099499,0.246990758441825
-616.3725022824,1.31516687182011,0.557858033775119
-204.54260265467,0.18899913909263,0.413504533367814
-239.459903064024,0.0399267237171443,1.86525204980808
-266.763341838448,0.460642075527176,0.466617205071088
-195.585560146996,2.44402626478404,-0.539547085238155
-289.964443975154,1.37974548874809,0.822342460829532
-154.334927383985,2.79758216911114,-0.28373324876884
-62.8258508876897,2.80355677181797,0.308456694525375
-173.946573309469,2.96787813511401,-0.386147740762681
-120.297204753013,-0.611319861265656,2.13839665700289
-106.422211352809,0.481161787582096,0.498915340871463
-129.648505179546,1.60658095629879,-0.113817110017408
-68.0058718827495,0.141088036849396,0.61411911687901
-79.4107314618639,0.308076413348317,0.813454026443651
-228.92545989469,-0.273362095511402,1.43342949444195
-128.164293778886,0.00470173239591531,1.0597026793539
-188.598309514477,2.87555511058417,-0.717992864752887
-259.162652332321,-0.348301913909381,1.44262727974274
-176.459355674669,0.541282289887022,1.1294797440205
-225.365806486778,2.4230974765087,-0.511322561367706
-30.4683430791483,3.29248057061341,0.154501264174542
-726.411974377111,4.88841231224069,-1.88470900001994
-231.802491047975,2.76634717331035,-0.320103409219882
-234.922911445406,0.393220363333967,1.20374524861109
-170.091309497337,-1.56695086922264,1.42803546299183
-43.3193228789605,-0.758118075809762,1.78423825936625
-237.857242608312,1.57250423867663,0.277988294765237
-180.677374210776,4.48904285647586,-1.71048809064087
-267.691145881872,0.341877814673353,0.752286289192853
-260.12809838797,-0.221908744046232,1.45452162408037
1.4049204440671,0.020878998831904,0.450941861694446
-249.632428760175,0.853119607199915,0.43055734677182
-251.77307427513,-0.00917504509061473,1.57557437845389
56.9255073478707,1.2779869249207,0.738178364466876
-5.04034456747468,2.44646974321222,-0.352387509370601
-426.783602293377,1.65184502184275,1.19243470410584
-154.301179499402,-2.35576211553416,2.95686258050409
-59.6586441392374,0.317914233848569,0.922972580461646
-12.4017894542485,0.787325055804104,0.169394799217116
-326.335870896379,0.545805130968802,0.537594581168378
-232.510252020496,0.0448788469075225,1.32479723262077
-128.96840473183,1.10969726004987,0.811244833879755
3.11023994008428,0.993370103358757,0.916762682143599
67.1348463390591,3.48772919182738,-1.30583049468987
-195.325071235718,-2.66103571558779,2.92380736827181
-48.2550266249018,1.01920832433825,0.879939855120028
-242.398071356918,3.88564110013976,-0.817233743087854
-95.5723761583649,0.876263879763428,0.288643272200716
-80.4121353688279,1.17202516544057,0.474708544061286
-220.645825933425,2.28971421658935,0.623920428974088
-144.605347034521,1.71251072518498,0.141016723326175
-198.248171166688,0.668353896066264,0.92262236699753
-235.117665366415,1.61479602215695,0.413457280490547
-136.977327246997,1.55735724268015,-0.0579727028198249
-328.256807762398,3.2089561445282,-1.33788681897568
-627.09244491026,3.41106649271387,-0.413959163211985
-210.890432628716,3.15168698134221,-1.33871350654954
147.187710647981,1.69188170538109,-0.660938200133387
-232.463844613485,0.023749970132485,0.850321827179869
98.8701105818036,0.764217914940673,1.4810586688327
-133.480077543602,0.351535009851432,1.09354937823082
148.193239841814,0.49768612520711,1.07041946782556
-259.929355851062,-0.814542872263701,2.73144972206683
-76.6487074468387,1.98603170065689,0.560204681503819
-276.211145711104,2.81463133949728,-0.630584129627096
-215.631477687282,1.87808844381652,2.06407543679234
-135.398339212326,-0.0120470985414158,1.08929243528837
-300.574086505694,1.47761765065297,-0.268910616672656
-282.315485628365,1.01083761949121,0.739720596211555
-420.773641503503,1.0472893450642,1.00451532390434
-128.022170340148,-0.118379994202314,1.61182223734795
-106.00178317567,2.41804586824583,-1.2737651070056
-64.0504189647809,0.196899274618772,0.850824038003339
64.5045874119605,-0.603357124573051,1.25993724619002
-300.351437504891,0.312528002250474,0.748087412270252
-221.379325347905,1.04504685776192,0.646992517860781
-245.608381114282,0.201294253769447,0.745219267795619
-351.121385996637,0.275323919864604,2.09391764308384
-288.917611131823,3.43972282166942,-1.16136664804071
-562.836654504761,2.21699998073223,0.53770041174721
-314.119384564896,2.05342666104116,0.627365842345171
-183.80818671493,-0.121547506809293,1.54789482001797
-213.250897543083,2.31636000326398,-0.703626469643496
-97.5457970175848,0.532788670854643,1.01185851657647
-139.293898472759,1.457853142776,1.38208239784581
-413.36386466787,2.94583979199524,0.188004454957991
-236.674106194325,-1.93890534598904,3.01179215392767
-206.68926020943,1.49043106127465,0.849427542321791
-13.3470848687721,2.87306458322564,-1.13393163167348
-269.403601320533,1.78033688286814,-0.50854329354479
-317.161124148377,5.06397768926399,-2.72388295466953
-94.4685194197227,-0.172022381419083,1.22559553114115
-275.547332462505,-0.743510533677181,1.87970668787966
-167.430300908061,-0.937837601421052,2.59468529174774
-1.72618204977334,-0.238902742746177,1.45366545108845
-429.963891047388,2.52918460336514,-0.239571095395149
-142.721030690627,2.41830952261807,0.561034405698592
-485.904456868739,0.0765116726543056,1.30531942634843
-301.852711353626,0.59803526639007,0.944687205919763
-388.724935379621,0.178296200567274,2.57612197527487
-346.570380575773,0.547629366123147,1.72344081384654
-12.3939219541644,-0.577559057997632,1.7301281045693
-112.94268603556,1.2631690515118,0.88999935243919
-219.944310750074,0.954591421061195,0.583601168647874
-150.333105348109,2.57000051742762,-0.803240528497554
-433.47338984711,3.54272179278269,-0.501067484496161
-114.372061195627,1.51342778211983,-0.616649611445609
-154.506854623326,1.13367503038899,0.0548785138234962
-220.330900605019,2.34549975401023,-0.110966623215063
-210.66596573939,3.01039921869233,-0.873844603614998
-664.610225204218,1.78529108219664,0.552346855973155
-411.46672072605,-1.77539720089408,2.2882382321186
30.281262050863,0.268726019981841,1.3108223642048
-270.675180930717,1.7065562740172,-0.163825024151265
-238.827141590387,-0.38738772040233,0.564208217845589
-239.490800952422,0.851590119731554,0.958570553568279
-101.997915449901,1.83975541174732,-0.477101574910193
-264.531000623567,-0.952033822744852,1.10576575096275
-290.730083758795,0.373850350180874,1.54539445906994
-134.005825345281,1.61318096143077,0.201246175041888
-415.087982230179,0.533509218032123,1.52359954180429
-166.169301537651,4.02677593543194,-1.06874417250219
-559.519674141542,1.69109528878471,2.04920298511752
-186.869663526224,2.57673487978172,0.120584642176254
-146.595654655335,-0.036899339305819,2.5423594680251
-134.713110335772,0.967177418955544,1.56893328508886
-256.884076369679,-0.278896064119181,1.94125121406978
-307.306739156949,0.637747683038469,1.30447892854863
-122.947982303755,1.2891116930241,0.702251690629055
-146.751097231871,-1.70514369425655,3.05200589340529
-305.208275292964,2.13899811581359,0.156909975830786
-308.452870253161,-0.69724903331371,2.38270452468714
-421.897315854576,0.609278539632214,1.70627318960032
-82.5892997281917,-0.554192429219256,3.01733176829293
-443.189557416121,2.94030073018803,0.0945637618133333
-214.630132689503,1.84620063337206,0.335190004727338
-246.004418950673,1.85640088282526,0.421035384228162
-433.528778687568,1.97728082098183,-0.0624561990262009
-58.0417704025895,-0.165882719433284,0.991516198104364
-316.179222430489,1.76186944765504,0.517907055582327
-426.598404533404,3.4789546384709,-0.280039377117646
-281.137071399382,0.825332949083531,1.95486932097083
-459.67691370433,1.69077890900189,0.132794641685905
-34.9237722711114,-3.25792188257037,3.94060412727413
-508.963960326662,-1.48562371692969,1.94278900526115
-197.238095961953,1.26435389667421,-0.14228297455702
-478.052691395613,0.200654917438442,0.899774187477306
-228.424687120161,2.09909462146607,0.335453689025599
-316.221055920963,0.751816106545448,0.349772584246239
-142.551044200351,-0.43081854529737,1.92417959793238
34.5844940953903,2.01712156570284,0.454828197151073
-528.998125983891,3.17471286127693,-0.69442049691861
-254.908383562579,-1.91850465470998,3.25176126218139
-345.206813336903,-0.136208025651285,1.45880877638228
-106.82650835863,0.680014936224325,0.298093591612997
-214.953270371101,2.37885985094181,-0.0438628161500674
-47.8281980766333,0.133340530563146,1.84131689689821
-139.825512133888,1.87461298297058,0.0264631819736678
-246.317229756794,2.12689204744493,-0.625982812522125
38.3297277862584,-0.12015338682977,1.48271513995132
-267.540693563089,0.136562673811568,2.04964980320074
-559.234577392086,-1.0856869633426,2.02698590137152
-116.754121727383,1.73401998112968,-0.322846741233661
-95.3581907674234,-1.13963179478014,2.24884900533652
-440.951112678638,1.30625451459491,-0.21052867141043
-139.90711725541,0.106814404429315,1.14304707510746
-119.101488077373,1.37472947513743,0.90764063304232
-475.619613427421,0.455212054483127,1.95076582975889
-82.4313735157411,1.24667491825676,-1.40253261278121
-122.793559345388,0.951169894817212,1.31012502565864
-107.798596728,2.27344783438457,-0.676813380472595
-401.568600494065,0.174275969475275,2.29952257643163
-44.7926587251568,0.635348560666898,1.36725389200728
-277.096786476934,0.859252148758969,0.209168942499673
-52.0154227749154,2.1342425221228,-0.157404038676759
-125.817633039682,1.01605076369742,0.160960206543677
-173.450449618218,0.0619472460675752,1.5247787926055
4.67487450869521,-0.0985229628349771,0.568842236199998
-75.6673752362549,0.196732346132194,0.194150810406427
-117.265631072147,0.015679175790865,0.905993392916571
-53.3405702318123,0.881434261425056,0.302948451901102
-9.95726688654395,-0.209060479992331,0.585106489554164
-89.3828379306651,0.66523913963465,0.0131545940676006
-86.687737470791,0.166265270883741,0.862132696489425
41.7820795190855,-0.298243830373394,1.54064150698832
-153.483733509383,1.31375879235566,0.168461516361276
-15.814613264738,0.0537861261909711,-0.0690068921103375
-87.0231119136879,0.281105690170079,0.716585423590004
-35.4835591669398,0.222996127042279,-0.119911923888139
71.5114358820429,-0.1019668241006,0.896217712717771
-121.306051733147,0.373863368258753,0.622235399336205
-30.7403447499528,1.15292372037948,0.348687816236634
-36.3625033276476,0.908753002375306,0.256674179341644
14.3376282680838,0.0793018740223488,0.633747884741751
-82.9210957245305,0.152209471532842,0.280584583291784
-91.9495097017643,-0.511054967239033,0.892549420139403
-151.713287535225,0.231778541550739,0.793680401897291
-248.029996754427,1.17321691903635,-0.151151298730838
-209.909088621411,2.00794216366194,-0.0740725292016577
-30.078551739949,1.42011366031147,-0.0112697910153656
132.364274852094,-1.24515342473751,2.89388954603874
-251.850431873776,2.10110330043244,0.279642422452525
-240.536758057598,0.165875245409552,1.6239283864561
-254.095119437901,-1.50514464722437,2.61963306972757
-171.043867181332,2.18172057098127,-0.403859418031061
42.6129781257696,0.542886510898825,0.396864147536689
-528.623136016926,3.41523324933951,-1.06984655545966
-175.774244530166,-0.241747441359621,0.712366914551239
146.460161702838,3.80927837072522,-1.18653666194359
-289.38645047541,2.27078750247165,0.0339458517664752
-254.993568122096,-0.0300277373535209,2.06402599040302
-136.226907558172,-1.89044498701696,2.22277729057168
-4.75364313958562,0.241562928204075,1.46678082050312
-183.525772719673,-0.127053725882433,1.53419950642274
-153.756559473884,-1.55095214623725,2.87033301095653
-8.30139638399123,0.283287090336671,0.751737132348353
-92.1240570129303,0.7604159925977,1.02124377909058
-72.3495856813606,1.165042849374,0.120972175500356
-79.9218768108444,1.64619195968407,0.380424842369393
-187.547077866169,1.20504389947018,-0.308746899303515
-182.942481999155,-1.27618517770316,1.69121003966575
32.9796160827391,0.628728982323082,0.202575205667017
-189.054813291557,1.97448589152191,0.719848023058148
-69.2261086955259,0.82416437806387,1.21051464564516
-500.439394895693,3.29151419758523,-1.57206268858135
-52.3914149283119,0.958685150035308,1.11242746250355
-406.295963058859,0.756048219831428,1.50344959028007
202.936075102407,0.20204721193295,1.08006858424858
-27.6936328965749,1.23695355157543,0.102842929423787
-163.546743816172,-0.71197257941094,0.458850486735173
-142.167570256133,1.77480266257771,0.134630414220737
-76.8649774926016,-0.0636164340103278,0.700837667455744
-159.759490095326,0.283358294385835,1.25619885869673
31.0559079285013,-0.65253098707035,1.27933607260638
-68.3132903333026,0.785885774042981,0.664833842442022
-247.332272454543,0.393208236037026,1.32597461335945
-431.72593765093,-1.60743543916033,1.98930046560417
-251.162946515855,-0.872677708524861,1.6984030442618
-175.971029188273,1.55059181553133,1.52020564013219
-11.4661517585482,1.55520008101666,0.129802157796803
-167.033466176345,-1.90292451053392,3.36293850742368
-132.459192997027,1.77734768771188,0.414073957872461
-252.10841837246,1.58091906774644,-0.155701541356393
-340.597647917923,1.36588450494492,1.25359147195559
-259.447293557521,5.17018952054786,-3.10626019180927
-288.53690959177,0.314403813130411,1.83613423236238
112.596540573097,0.617747493466595,0.921191527663723
-727.005619234871,2.11808396891865,0.608626376953907
-90.0813945372356,2.01631348461524,-0.614220732655667
-320.083180907288,2.13479284747154,-0.149835247684678
104.681924152159,1.96599756242358,-0.181901168474724
-309.476231789988,1.78924398704839,-0.154897047850682
-159.712518419983,3.51779464889114,-0.938497500872472
-374.05523540327,0.0878972575906118,1.77403540350497
-466.464104516752,3.23280852580501,-0.723314039918478
-320.797243382709,1.26839869102696,0.422181093512336
-5.34894908189017,0.771402682337794,0.959790233595413
-301.949499621109,2.05933116347296,0.398613871868292
-116.216579201413,0.386311432645016,1.88116120494669
-401.204337496005,2.22653159477341,1.41966215441789
-98.3848247881833,2.03371087768755,-0.419240077004361
-566.989356420701,-0.852249789546477,3.60153184033697
-50.95037535335,2.32002636589459,0.0306869070336688
-319.478057446526,3.29900540648669,-1.40049813204678
-183.024731027312,1.05004455114249,0.441809013278544
-181.141007093662,0.275440597804845,0.5195295573576
-11.2749138239888,-0.902670486160787,2.24483687232714
-214.777861530805,0.318459847170743,1.50265829867567
-57.9441485029238,0.337659763223201,0.981335098545969
-188.275991501359,0.218557591899298,0.615844695996202
-171.790429011609,-1.69490520455292,2.59536875593767
-194.118780510878,0.129327199421823,2.02102501154513
-250.805421345951,1.59491509459622,0.822098874661606
-97.1831229054224,0.201425852290413,0.714536332699936
-48.9488729753211,0.504077188394149,0.46887948049698
-191.724869614765,1.20218659841339,0.111663404808496
19.7247374698763,1.27103884027747,0.142816776271502
-154.749216463795,0.868637661438697,1.50802016232956
-150.562495563387,0.621444372693077,1.15051522918839
-21.7400864156225,0.826331646629114,0.518768945068587
-125.898467904248,1.12191295304365,1.05898171603621
-29.5418158982084,-0.361887915176339,0.6832085527858
-528.959818552328,0.76013912939743,2.41966516364482
-108.655963502912,3.45970553153893,-0.336409425683087
-271.366612453221,0.813143030769425,1.57054830653942
-487.53392660035,2.63277834135079,0.935878451185999
-267.755935676483,-2.23933114294778,2.67134942123084
-46.6013876000216,1.57729599644335,0.943776440544752
-16.7930761882089,0.865844844018284,1.12961887233541
-15.981256240284,-1.66433352512831,3.50031075811421
-118.895650861174,-0.66345318796084,2.35840282565914
-158.485037310034,0.786979830169003,1.69374265948136
-56.3905690862739,1.22895808388421,0.0491211174958153
-204.293618379292,2.66659768656245,-0.469152979931096
-194.012745941407,1.80596687589423,-0.0265507520271058
-5.88174466934288,-0.157351419969928,1.04198540071229
-233.755117282439,1.86091446216597,0.516220200789576
-87.6970723979757,1.35199627136171,0.497816628434521
-138.564027556335,1.31109141468187,-0.589089667006192
-496.073590461019,0.907855025361641,2.48684040538501
-194.941170033679,0.909091352004907,1.14086284174118
-83.2122991934011,0.354587910187547,0.946524717874127
-401.801673323098,-0.207421671177144,1.56901172746439
-22.289646627994,-0.468072033108911,1.685562846018
-148.019248513723,-0.341745953992358,2.21846713998821
-125.649761596738,-0.668228795031609,1.75391397221392
-304.524940994888,-0.724276318011107,1.11796816000424
-162.726734455267,1.63144941096107,0.179520431891433
-214.881117610508,3.25310789248397,-1.23943347643581
-42.1248019188934,1.10088842810364,-0.463585123303346
-177.131376762341,1.28090820062653,0.435373941779289
-119.330966384005,0.631450462969951,0.24823529169953
-107.48220705054,-0.617588962748414,1.41959461581428
36.5121757241432,-0.33938072269666,0.991098523030814
-407.237030931799,0.180072697963624,0.969858820943045
-312.357737018203,-0.310081910043664,1.09620091729448
-212.399130553633,0.170843817839341,0.387329166725976
-206.082942262299,0.850598460794572,0.552344921728945
-260.857278010575,0.434944513355731,0.965496481436276
-267.511398154897,0.510649262461811,0.758796356443781
-518.618784078149,-0.102392936343676,0.931260975499754
-224.240509074967,1.49090275912022,-0.180074406933272
-168.708581874293,0.278130947336649,1.565522032991
-319.50055340458,1.55506391191739,0.769086052016064
-803.776799133027,5.80470963502012,-2.82057223643642
-82.0702883222839,2.61649528126327,0.298516147231567
-219.655101011409,1.0318666182975,1.68925417200262
-244.087018936465,0.140303756430512,2.21418588150118
124.012461371691,1.74275812750057,-1.86423926247517
-299.348487442301,-0.317979111132445,2.52163982229831
-21.0786680838792,0.891217506577959,0.793672396146576
-47.2489311853133,0.338322681214777,0.77133050293196
-95.566361002042,1.12372820457676,0.880409023782704
48.1341671488581,4.16130969370715,-1.17679815320298
-92.8544225155474,0.399959964270238,0.970293942897115
-217.757633734538,-0.406609832498361,1.29927917133318
-97.5624289080588,0.451197036745725,0.191896451171488
-31.9826501587668,0.00658216947340406,0.923071489640279
-135.278674188448,0.415572880941909,1.21379468242958
-68.3421812737215,1.56004310677235,-0.35812957950111
-6.45084078951186,1.37882918980176,0.473135370295495
-150.583115968169,0.547271697461838,0.596181223474559
-75.1722272724728,0.204041647535632,0.80434818106005
-51.052521034806,-2.10145108023426,2.71802592062159
68.6029098869476,0.463671073404839,0.651469644362805
-129.684798844459,0.0859147726368974,1.33362128795125
-169.307479524607,2.12664837513876,0.638443026429741
-197.780374469789,0.749668400678274,1.82474790859123
-370.534007746217,0.290699314966332,1.19771384450723
-557.291397041059,0.629574523976771,0.834272358115413
-75.4926083414757,1.11118625423842,-0.0264651485194918
-322.185954749024,1.04237692154129,0.571517591597512
-452.989010600108,-1.08541219408653,2.03678092833434
-86.2816808210118,-0.362134983879514,1.73826193749846
-39.2552041510062,3.3414878223266,-0.165498828137061
-187.900302309852,0.893038417838397,1.53657038398887
-139.763893686701,1.17801265935123,1.46272697745735
2.95896133009228,0.831568048903137,0.855294726439752
-250.77474356044,-1.43484646890283,2.68319651051638
-447.21974725218,1.46710328853806,0.160127366136294
-156.671302680268,1.41031167101755,-0.114273819759546
140.654149468319,2.25995138817234,-0.663230501115322
-173.695711131528,1.70415377508107,0.481033827702049
-216.872790336172,-0.178770039667143,0.848412362924137
-309.068856726121,1.07619795447681,0.575387648132164
-203.566125824815,2.86042490079126,0.0915277630847413
-287.343334182449,0.772039877468615,0.652662345226418
23.4187515013455,-0.59628507461457,1.64925254546688
-153.680476663587,-0.471042157558259,1.03508860308648
-68.2165033260462,-0.702248664943909,1.68582600774243
-567.326853090664,1.72586022800533,-0.424406665813876
-786.958702386561,0.744696894660592,1.50856975254283
-389.655353043636,-0.740563630824909,1.20343039288127
-155.534280624357,0.668407574004959,0.795545773042249
-232.898436751144,0.777264476113487,0.725069389023702
-297.065408761606,1.57432057980259,0.104327034001471
-224.696833755523,0.0578562628943473,0.573497579804098
-314.717248005953,0.560377938265447,2.00104264287802
-168.954449301877,5.21576713439572,-1.82616203459474
-206.142463200085,-0.976071158511331,2.2655390191976
-175.46177760467,1.85881234789667,0.760061850487546
-212.303201457268,0.0727107883940334,0.867296484426333
-225.209231770739,1.21506869114819,0.276220341194858
-118.66098607608,3.55579758944805,-0.859324132121401
-364.322838268068,-0.179225495521678,2.36431756638922
-220.188370415704,-1.21661014892743,2.35783399983484
-280.863682256779,-0.528373503708281,1.72072650780319
114.878941654286,5.64490105958248,-3.19736143953924
-232.313874535059,1.95816530818411,0.364969018080501
131.874169836912,1.4774142810129,-0.268218482106022
-172.630050338819,0.564866976841586,1.39599271428597
-574.553072762399,2.61064627173619,-0.0900412614719244
-293.612033477679,2.77219191697804,0.326832074926642
-194.307107953939,0.716952889139066,1.24167628008581
-145.478141498523,1.62755669069702,0.0919832534636953
-170.244617256627,1.01919900425128,0.856028558613616
50.0833212922298,-0.377638733712956,2.40093431257264
-216.350985151061,-0.56534927058965,1.12127399366364
-292.841536496322,1.58544146374334,-0.314478966189199
-107.034455451096,3.17440358964814,-0.428103353806364
-516.81745223039,2.30583495595783,0.131688823879813
86.4936973941039,1.36071500874823,1.15624245116487
-499.058025106004,-0.763330833869986,3.62380231151474
42.7318731891282,0.255168453375518,1.41963816942007
49.6444882721917,1.45293074419897,0.791201567844837
-13.9534375178191,-0.263758991073701,1.92229171483632
-451.058304317292,1.82278147188481,-0.766732977557695
-269.373931818131,-1.72060525906272,3.30974676655023
131.277952959528,3.66737934689445,-0.227858507729252
-156.161579172433,0.356740642047953,0.0397096486121882
-834.822401155368,2.19179315968358,1.2026309661851
-95.3878382488037,-0.758576258347603,2.31836542200108
-182.333063657235,0.36654130462648,0.252664160332642
-327.100978130453,1.25735839390109,1.09301850685733
-126.145133407852,1.7539924345765,0.49808485887479
-92.7090480626794,2.53189733345062,0.0433832104863541
-488.755773018433,0.108006869239034,0.771508363643079
35.3446889512088,-0.113645062636351,0.991629267075041
-150.427259749846,2.04523550123122,0.187241638905107
-285.692438853876,-0.234315084991977,1.42662704767281
-213.131645672005,1.09799282529275,0.616283052149811
-220.817162912072,2.49655464114039,0.787538103610132
-227.759442851152,1.9503889864136,0.0705220501986332
-101.609129559674,1.98933101954754,-1.45025899699249
-109.19296377018,0.852295436139684,0.377969720459078
-113.16408354044,0.861973810293421,0.259506480346317
-170.038610310155,0.681471745978797,-0.251495557487942
-123.702052638546,0.0641337645356543,1.03871948452434
9.84830850161961,0.39979253095953,-0.0608741751784692
-39.6879582016554,0.446948316841372,0.18758262274423
-145.701454944327,1.02608248057368,-0.45591777399386
-320.002401847283,1.46296709116359,0.409451009618351
-330.655024918116,1.14948339905823,0.00562865584652172
-304.973879423094,1.9079903406091,0.521408638924186
37.1247376797401,1.59374437409861,0.433367617202748
-525.0654376807,-1.75056119009605,3.26032673960435
-149.914571326019,1.39465274796385,1.34734424753697
-324.505086104822,1.04673770727823,0.224610037384991
-43.5853034817846,1.1510948172654,-0.025928990693501
-570.013002347318,1.52571581720258,0.725088181452065
-414.000026878493,-1.46462197256187,3.21527693262033
-130.891910566037,1.09292250813451,0.804495975832651
-195.50678177939,0.50345421890961,0.682787390935118
21.3802735063655,0.889135202269927,0.414912974192703
-93.7974639174208,0.839304449043993,0.405806880415184
-180.596436209999,0.423867623474507,0.600023523875279
-11.0285772183634,0.784240533139382,0.337023625557777
-60.5726759577046,-0.405379528354388,1.05939911113819
-227.142400343131,1.5985317407758,-0.291566775762476
-96.7155906832122,0.579783376131672,0.935269568108197
-254.904196204443,-0.818035292526474,1.7633198577696
-101.746961451034,2.47053226188291,0.207179749661009
-222.488333826928,0.385261769784847,0.829724750292371
-498.368703088869,-0.681844797800295,1.2520768691902
-46.0816547636787,-0.0296403338288656,1.14920295790944
-103.467265415034,-0.425863579337602,1.49584194457202
-217.360285635441,-0.711300282830052,1.99249121495086
-145.927418356208,0.189079473146194,0.554500770493178
-52.6733763176453,0.510983980973833,1.04732480086386
-99.459525086043,0.726840105674455,0.881596878545679
-466.177082767244,-0.487502414864139,1.80300787948363
-206.994850658768,-0.0534536517516244,1.54290611127362
63.724404348151,4.66718992872484,-2.31906809502789
-348.560058646286,1.33311349971336,1.52726038952824
-257.791268299639,0.169740623736288,1.49423876772926
-324.318533799975,0.681281291675077,1.27956294933392
-205.2460375261,0.295891350177044,1.16368158221303
-158.90930460321,2.85368408619252,-0.545961783000621
-531.65322541786,1.66548684952431,0.94502133585047
-192.913267258715,2.86891968495547,-1.08828846340839
-188.149843405525,1.35387833221466,0.260361876426032
-28.7499002146287,-1.04288142831501,2.2491857950954
-220.098096903501,2.29522950742103,-0.735086337779649
96.1471042765625,3.09168616977513,-0.575324117045966
-76.2552387305368,-0.495328727171,2.72758796544804
-202.376667148157,-0.211667719740944,2.28777873315266
-278.896202867807,3.27767829638833,0.00250360569043551
-489.925740709019,0.974126373184845,0.824636923520302
-387.180831994963,2.05036843870766,-0.536734620167408
-124.087335757158,-0.0470924297987949,1.83767483275005
-164.168905277053,1.09711192804389,-0.0352974244160578
-168.523701807535,2.21349603293675,-0.474617514748388
-129.877156517177,0.2907762407267,0.783223141595954
-207.599475988201,-2.70877436600858,3.58993430601549
-122.912422035952,-0.333744054129056,1.36229093202564
-346.682412751165,2.84774060163181,0.298248888604576
-255.439955648675,2.05767471627041,0.0316632440080866
-262.374399923458,-1.42492874048185,1.89648748632317
-785.771865421964,-0.000903497435501777,1.97667340549378
-106.21153281469,0.695654915616615,1.70427242014739
17.4700289245011,-1.11818863353983,3.06992482609348
-216.41338371551,0.879784594464581,0.922663509993072
-203.76145105598,0.473767876217607,0.151221694570268
-402.819965452902,2.9072593874298,-0.849929087230521
-134.395921278207,-0.685637878508714,2.70078898503198
63.7445789710891,1.4995042028022,0.295385568434995
-541.649473136309,0.176858831981008,1.60319575938047
-55.5663609668773,2.58217637461348,-0.155931467263144
-200.670209695429,2.00213121532579,0.487701075486257
28.116735883752,-1.47512338110391,3.34361712294049
-308.110124040784,1.06469204403402,1.87355787746492
-314.996313520212,1.7197284806316,0.0253936588123906
-32.3166315647359,0.514303038075013,-0.433832638329477
-14.3451211689098,0.130230604103417,0.920742008187517
-526.03514941808,3.75619537492457,-0.810192736040335
-126.11531929818,-0.98498401120014,2.9007138447123
-227.531955103525,0.764610375015764,0.832495360635221
-401.425882723095,1.87998251375393,0.925105814074186
-164.992302133411,1.17035507066612,-0.0152368522103643
-152.006649483723,1.75725558708291,0.159966070703376
-234.96704571541,0.830279578396585,0.227685414545704
-193.01290444281,2.07789407644304,0.063234789762646
-137.342780671868,0.855038278939901,0.563454991221079
-101.056736963204,0.523206383091747,-0.0627343112537346
-142.049107375147,-0.448483721876983,1.41048251419852
-101.815801841556,0.275727305517648,0.11587015153782
-99.425383690017,1.24127253556071,-0.700153830664931
-40.844461017783,1.09304845842416,0.252792862833303
-174.059594786602,2.02620807956191,0.339274820376886
-71.9560105813125,1.03852564617409,1.69186383258784
-108.775507658065,0.240928207374964,0.462784404408012
-525.293060300464,0.796171720765415,1.66611465543656
-108.669572179599,1.03118586833079,1.27641479139857
-151.399548946243,4.11179457684921,-1.51546432351461
-149.245755240758,-2.39646093586271,3.04186672534343
-157.844374870954,2.55587392840243,-0.290846692209016
-377.903987873717,-2.27502517515313,4.83580683071341
-137.372016687419,1.24898559385474,0.313424193620449
-55.6539686137548,2.16440594704909,-0.20012345588475
-42.38145847225,1.79870134177236,0.448861042183125
-271.615292752511,0.822573852812639,1.12836019787574
-9.92382870620349,0.794179183223605,-0.131895929076563
-186.524977385845,-0.918838632736879,1.78209620418784
-9.39841927069938,0.312016116167797,0.734681404341245
-360.182599619962,0.457608386939683,1.6855374470997
-89.2417382222629,0.312466591218254,1.33327623506193
-105.554154138736,-0.625283668843622,1.96162521841779
-27.1685387670077,0.507768849667627,0.403020269921399
-23.6882890185261,-0.135926907722023,1.51502631824405
-119.865464840259,1.40307751134969,-0.144269417738542
-114.814369035077,0.985188675251266,-0.167768746410729
-207.556251127768,1.81688710732851,0.0748950663110008
-102.377020587272,0.985952345421538,0.413718147814507
-85.7072621762404,0.364932472002693,0.462858919388964
-138.171617335829,0.596385536686284,0.16915069015522
-27.5941708727987,0.442644323360582,0.626240825891273
-96.5251402004651,1.22309617267456,0.0333745285752229
-34.5945363004357,0.266194182799154,0.705082923406735
-146.294949461648,0.6046789187385,0.533154034659674
-0.100497789911969,0.461831227934454,-0.147508951733471
-0.920206078531919,1.09184202304459,-0.623389272594068
6.20332873158623,0.319984569376174,-0.168775712307252
35.7135990315146,1.05558876199939,-0.224774419810274
-69.3997803354141,0.361711856996408,-0.0511362526731318
-14.7624685525043,0.832514812632667,-0.153471891680965
-59.2783670602221,-0.731449189643172,0.880637532740366
-17.0369835677266,0.0324724461388541,0.405146575038088
-33.7815157134319,-0.00612437419476919,0.301872259617085
-39.5440294706787,0.473648491235508,-0.0262392699660268
17.9150329842523,0.0860389549925458,0.201714479881048
-23.7627197021502,-0.0918456456347485,0.468278488602664
-11.6920743683004,-0.0233717271185014,0.36887366863084
-24.8520700837689,-0.15876852627116,0.495605330113904
20.9635619567125,0.252831998644979,0.121953279653098
-3.88198998947337,0.340445845766226,0.257482945977245
-126.802751729832,0.512358664753265,0.122164671694918
-39.0686104917695,-0.526770431664772,0.767912913926011
-89.7470988883797,0.444470163056394,0.131297813131823
-39.6476618139641,0.842668298311764,-0.0509805604087887
-100.22034443132,0.301847687893314,0.288914193733945
-114.403956437367,0.700100838587105,-0.0956021615638747
-10.720722374761,0.538293757461361,-0.00452145068993559
-57.1968117062061,0.234046153782401,0.336432204356242
-145.861668759244,0.488499810133362,0.0740488383089541
-61.9802305339399,0.234060562730519,0.386087302998931
-41.6109333106288,0.515757225381094,-0.134838464044151
28.9222497950832,-0.00135270529426634,0.16378998534492
-164.674668152831,0.353671199496603,0.671119583528707
-140.151396206165,1.35290362450178,-0.0403157703694887
28.0411269547913,-0.506065499299439,1.0659269712487
-218.292904022921,0.851364441114129,0.143558610180662
-115.482175250123,0.137885932577774,0.387701864045084
-268.992316783319,1.47953691535804,0.116535234290495
-187.06286719226,0.0283617285531363,1.35354469438607
-481.392749302933,3.31000874387428,-1.34634093703062
-212.200136653701,-1.50362992459122,2.18329189102224
29.8260994193188,0.714681400975678,1.44603762764018
-264.927927405195,1.92370012011816,-0.190508836414665
-127.53413131088,1.11373321448627,0.665003300215176
-38.37929755605,1.15548366740404,1.42846904168255
-152.238801710657,-0.492773880183449,2.20802795667259
-129.121526808798,0.0900166868632368,0.910976389270218
-123.847216454946,0.579930283522117,0.98040556939668
57.2664305559592,0.906564461736707,0.753796592347499
-199.450577407955,0.782432003090435,1.6390059030964
52.5991547147714,-0.718947926063265,2.4050677528503
-22.1379048618255,0.746746363613056,0.5534439141029
-581.855578074203,1.28207200571342,0.451667600689689
-183.395926368763,-0.0849283731367905,1.73754629872701
-150.632907413237,-0.252354499389185,2.03411940160731
-94.5719513577933,3.44087773130377,-0.0618298332847189
-211.724347951644,0.72314646083214,-0.0418895675684325
-367.116398298196,2.55384494571626,0.570324401778635
-552.392131836314,0.502760410716292,2.21511107515107
-340.226026616467,0.790455676178681,1.84643655618129
-568.733745936916,2.37647162739995,0.290900509804487
-215.944977102297,0.745713438111125,0.750412639099522
-281.178833646816,1.21814417435962,0.965966122752434
8.06159677288088,0.31845939217601,0.702209020644659
-386.092647585705,0.86356901502586,2.06839254208899
38.0300984229543,1.1869093483765,0.0663564612859773
-294.626874817201,-0.995534081528604,1.69296688031318
107.541691941226,0.836880911396293,2.17805033092736
-156.938252831576,-0.619940506672719,2.71388307015877
-364.693314094555,1.1819930683032,0.206104461089126
-124.860807780628,2.0215025509242,0.685890782084243
-191.428431155749,-1.3921818136223,2.53870108249248
-202.530909599154,3.63724970805015,-0.401897736555838
53.0557307827112,2.09462624356092,0.0567675162019441
-419.151829533337,-0.553159094219154,1.15772099647438
-166.96195097678,1.74419007714096,-0.645883100878564
-314.307030090349,1.94562431961822,-1.18522095945082
-282.836838511255,0.592629457154544,0.821163207278005
-270.296567528916,2.71385281177936,-1.25473057336058
-37.6173187096865,2.94268244168779,-1.19207230728352
1.59939634552575,1.50630400905766,0.498720452596899
-127.831689602809,2.49249448622868,0.0831408021622337
-334.137325251912,-0.576427506312029,3.45248020009603
-297.356036775498,-0.886762762456783,1.79040754624293
-8.8498845157701,-0.918866194297152,1.74690123659093
-103.617536333113,-0.390743432799354,1.54589091520756
-330.777813167078,0.20170756913285,1.6566311676288
-81.5410589866806,-0.282889118352614,2.06933242159721
-9.29393257007177,4.17629368801863,-1.60927040004754
-293.221696477238,0.307425087557931,0.998361600155476
-66.8471076177448,1.89914015244722,-1.03785687924392
-194.037629965464,3.50881427317654,-1.44885268807411
-248.439059794662,0.196645299169177,2.21798725235567
-171.666059268813,1.15792057664657,2.24511804568465
-415.963859378811,-2.36720583583519,3.47280384135786
-248.958565419313,0.62548647512449,1.62266791943694
-419.383166423009,1.62678567872717,-0.544512549553474
6.75330043130089,0.313547617875884,1.29043106985046
109.878749236377,1.28323479063693,-0.667011638994154
-7.54710826702649,1.83154223472957,-0.483431039319839
-18.5277640945496,0.923310306283383,1.03222506685415
-381.113349651641,2.36225569716044,-0.0090117748773082
-145.801103643194,-0.945486337004695,1.95134397586662
-225.112373142496,1.04551711141539,0.0115124575713708
167.334327460703,0.329904011679901,0.586294203065336
54.1880236900033,2.38011922303122,0.224333052174188
-144.534814572442,-2.41771449023508,2.81319059192901
-192.509143782867,1.00673549550265,0.910720116473385
-323.279640364326,-0.659766614597174,2.46817424159235
-276.722427743385,1.53260569456324,0.284484745037844
-70.5889012563275,2.7237726158346,0.404798062871123
-91.2618651481171,1.0864944789937,0.00711856177076697
7.9813449812209,-0.037345605000155,0.499939473214909
-105.311763731399,-0.366358103899984,0.943101261757874
-198.109338043825,-0.436170718981884,0.859247861146287
-189.125025211899,-0.00276598094205838,0.846712275919344
-23.1935360974603,1.66913636867685,0.245622261125391
-120.052111567175,0.101925327820936,0.406109465955524
-74.8997134217643,-0.724259153893172,1.52860509921447
-97.3558020456403,-0.57365771989862,1.05593927054724
-113.414495944715,0.993472580274101,-0.381412302944227
-53.6715580011951,0.00162960067791573,0.708500058626669
-14.7538546476371,-0.761202608191525,1.63528599622077
-111.126269390821,0.465631872883023,0.218951497663511
-181.844609723485,1.21044188107771,-0.0803989426858607
-177.208280613369,0.436836916276661,0.781863024763879
-506.236184467038,2.83808143617352,-0.569912163860863
-92.9901874230127,-1.31180779839633,2.61528856045334
-136.361099098111,-0.0494260204432067,1.52145835906776
-128.956750780111,1.35153027929482,0.708519601954322
-79.5381749744702,1.8952835321179,-0.138158412526536
-358.758532246356,1.7086683905145,0.96664569764107
27.116018964196,1.99194629379781,-0.30569522359292
-435.994180928283,2.56276372812863,-1.08077429991681
-336.142810477933,2.18870462814812,-0.567061868554447
207.597582046918,1.45508326261188,0.38740782732566
-197.312100840551,1.99982190852461,0.750025070330594
-373.76674544363,1.54012913469342,0.326484789373353
-25.9599855775668,1.10148187406958,0.452488518611062
-272.594043705689,-1.16419236789807,2.7601422779444
-85.1189830987132,2.66168427644516,-0.517040170700056
-17.8117995069624,2.4382554461481,1.00660151179181
-280.562522271757,0.907946411054581,1.00671323193819
19.7789163164853,0.623168725753203,0.500778264286055
-253.056491096622,2.25482541033489,0.210893374271109
-270.603450798953,1.23408076277701,0.285746363748331
37.7516180285529,0.901405176620756,1.22540247094003
18.9604966952465,0.0699258897730033,1.08360784946126
-76.3169875584208,1.67216106972774,-0.0386468705546577
-106.771536347089,1.63091521908063,-0.211936496605631
-170.658853740882,0.7327661246145,0.942707582129515
-240.500793124331,0.367024977807887,1.20452580875281
-276.643482017898,-0.28688470916677,1.0573549096589
-198.786878103798,-0.0304021883457608,1.84096352165216
-141.796458218254,-1.10390048573026,1.44316443710704
-174.561129108766,0.67765777992463,1.41244397785704
-127.911409774822,2.12385013402672,0.485279111473233
-204.315269530707,1.07848843070678,1.43137527393901
-334.94581152036,0.0798006302647991,1.48534304731584
-145.003395138177,1.46418588820961,-0.00340682514070068
-219.976215625102,0.653833113436121,0.402986520875857
-57.455444226187,0.533378364456439,0.357827442727285
-154.372880060706,0.706352466604585,0.570511310754227
-55.2894013536279,0.558096078179005,0.504307965328735
-247.409001977619,2.16685447362397,-0.115851879818365
-188.164669376056,1.30848276057804,0.186530861919891
-295.557206855665,-0.255159239561181,1.06949376461853
-147.334215131712,2.90827275643824,-0.179778611643997
-64.7524716341577,0.0502189240578446,1.87046780891251
-8.83263021094172,0.735309926094487,1.49472288455581
62.0552372739476,0.159966939332662,1.15846170318036
21.2753470423486,2.76578214235815,0.248987380909966
-410.289521231898,-0.262808437496062,1.53169669266208
-42.5692637910397,0.722273647546217,0.364240774448263
-479.675497212404,0.706535744822759,0.297757236883626
-295.250522336661,0.548148107569432,1.84520283955453
-178.372886437577,0.0295603530248627,1.16381435788935
-233.263083357424,2.64070914358308,-0.29882102854026
-220.199070930074,-1.17023778463226,2.40201663145854
-70.5414485374495,1.49279858300997,0.870182861435751
-188.88478829525,2.45799717429918,-0.287950630983687
-210.98477587993,-1.96238618350503,2.34804233636532
-7.87845750688575,3.73733595885278,-1.911700704135
71.4814432540734,1.34139394271551,-0.284538111045549
-297.619712978194,1.29815078628599,0.43890089179331
-140.500901520005,0.876531668160169,0.512845319826738
-128.971720159127,-0.139072976089665,0.926861646803445
-151.233051961957,1.48960049073503,0.824271854100516
-79.1921452154129,0.890883224724348,-0.0663984394777799
-45.1278024183703,0.614493871988088,0.387118003622163
-224.430097975055,0.729629758076044,0.524343106535525
22.3914906814171,0.00921059158281423,0.393121987094673
-29.5227188257122,-1.86636313291092,2.64889747718917
-55.5717174956517,0.295015248586424,1.43921875554588
-191.625875248625,0.99707723116444,1.46646516207693
-28.1634863129002,1.24567781417682,0.50532783671224
-269.690059297585,-0.174983973440249,2.16834432614269
-118.17447290993,3.27575305690698,-0.552872060259688
-394.384500911983,1.79457989273942,-0.646637637528329
20.6663370390452,-1.01472936966456,2.47293011192232
-210.880294365605,0.587914584379178,0.865646356804064
-404.727955341557,1.79922091417393,-0.834173578798072
240.983823723946,-0.201094029334854,0.571691685414407
-108.509433159921,-0.469893929657701,0.573691871693882
-66.8674167550053,2.28811625674894,-0.898110256763175
-106.493366820563,-0.985119258286431,1.01278923162317
-97.1814470567479,0.902056073697167,0.248473416078923
-314.299130515661,0.216051053190313,0.886016237418517
-81.360655462573,-0.59593622108514,1.52350542092609
-104.847561703878,0.187009388318984,0.899382788251387
-81.5679200253508,-0.0895448155060876,0.518484966087271
-19.9112126450345,0.504601176711731,0.308595087983122
-91.9477875730372,0.241230821637146,0.114815810302389
-76.1673973069774,0.935887079293025,-0.00933848999193287
-159.102128797836,0.522215986075025,0.388550165080233
30.4157065151303,0.628838710436867,0.432591161501477
-130.967960263617,0.315194563183468,0.314007179433247
-287.159466984569,0.976423035928747,-0.419092886033468
-3.89498316313984,1.06148334880709,0.0903441568798371
-68.0133680806612,1.29186552108149,0.398490015162679
-46.7436717233795,2.9049694619689,-0.455818278681363
-223.043901160039,0.825154322650633,1.52637652312114
-213.799778335673,0.809832858358277,1.0249666076736
-146.437794291902,1.7944745506029,-0.387976406306734
-218.742107254031,0.698918043453887,1.27710565202869
-292.01590015844,1.26909586598049,0.394839994049107
-14.5219931155298,0.953245630531455,0.687728037151828
-230.219695194453,0.0310461109220341,1.2085885202614
-254.508496388173,0.386912446741917,1.08546408384427
-7.13261428555415,1.94731425063583,0.271689480483474
-22.6880159028224,-0.596573008973792,1.89162755622237
-254.274882778176,0.0475776276252873,1.13819502538536
93.3091417602991,0.321236827468965,-0.221445449511521
15.4669984199863,1.96220384634216,-0.336713143391535
-150.540609767428,-0.596013096066599,0.781468800691073
-55.5154237773095,0.84267597598955,0.185997662803857
187.896802505787,0.19336970000586,0.527664971543345
-83.3023753560556,-0.455931859391058,1.42139272665372
-113.883398311966,0.311179731026641,0.466981461562682
-44.2106988833912,1.15769209789869,-0.318289739778265
20.7018812349561,-0.155154666699673,0.787607786449371
49.0651880409059,0.359473849239293,0.048498758340429
-162.629856382326,0.654386837486527,0.865589412518602
-133.216371963092,1.86040245351614,0.351783435529796
-267.852837055798,3.18243783907019,-0.937145084128133
-229.757697177003,1.69116611417849,-0.522435676932218
-391.138507035183,3.00373521029542,0.302494961157208
-304.029973629033,-0.219963119277963,1.90991770158871
90.8476152612129,-0.394079967889411,0.635558600217337
-319.663623948174,1.02667880654917,0.958200771943666
-196.426045464177,0.0301885404987843,2.11172354410155
-227.044499365089,-0.394366665843563,2.77349369169679
-166.718670772321,0.10428936862445,2.26528439031972
28.3326299888295,0.116725083018537,0.744749348144978
-116.200303301157,0.149356140849704,1.51168540310027
-470.910944921852,-1.68382387793099,2.72573520762671
-276.689822511755,0.736607460876257,0.432688252541993
-103.762421532359,1.89792690367085,0.290213924141426
-80.6688386549213,0.356642159807961,1.25974752131515
-76.4529701862084,-0.153600850589328,1.70765595912235
-60.7079349580745,-0.100176643383747,0.500784042968007
-128.508902136615,0.785074022162007,0.891069117758889
-58.8286460474337,0.484668718694593,1.09588580142372
-322.952799871564,0.551780409630737,1.53828155816882
-405.996839536878,2.54461351616192,0.42088087938464
-192.522722403846,1.87207690852483,0.820974083733745
-792.240575698044,0.448929939040681,1.21891735144891
85.1605019241251,1.86305515878485,0.218772277105018
-375.944010101128,2.55941005982095,-1.21681992235244
47.6351285440032,-1.93779064790579,1.89325634540728
-142.261682716369,-1.79105421632994,2.34926852711942
-116.305158853582,1.87817055509004,0.864316509185926
-144.650189784421,-1.07705572691339,2.50161971465968
-685.134113091313,6.59056965984928,-2.37610352390038
-502.110564244656,0.832981083513005,0.491243000054965
-237.370876721892,2.17177519325924,0.252596314065158
2.92013585067616,0.61473525108886,0.550036990236549
-176.444638997928,0.928802229464054,-0.2872021446492
-230.681395137653,-0.475483886279108,1.17594415957865
-60.8889294178516,0.294505104335258,0.261663281300571
65.2198232689625,0.318867753077939,0.369733377257944
-153.982602887743,0.620676358339551,0.481081703706877
-131.871500413952,0.653712469909806,0.277258940033789
-278.620408204646,0.191628601116463,1.12954248953611
-26.5905611124253,1.13670560030732,-0.0983559879969107
-90.3049657174543,1.06476045502495,-0.0734689186574542
-86.9235450985434,1.45392083593924,-0.10898448372609
-95.0491518749477,1.80102861090927,-0.622608828925877
-129.363746804185,-0.396098948345752,1.15046508611704
-61.4496889404836,1.71824311883393,0.524090631428408
-14.3648926588212,-0.373827943214565,1.35554187567323
-245.526695005421,0.84930249156605,1.03021504647768
112.121907669731,0.315200813784031,0.219581946133985
-63.0045340387005,1.74712903943146,-0.0692825378137059
-79.875711050423,4.00181466005597,-1.96298587197816
-205.918731135898,-0.337055835974752,1.05821530224057
-74.8299647915337,1.69004362432315,0.308106091843001
56.9174248694835,0.390325629152358,0.465867065318889
10.8218810400867,-0.533773334260331,1.63727539232059
-142.212872175674,2.23305815504864,-0.168899061191041
-255.150280294241,0.489969617323368,2.18432095116441
-101.184074225106,0.596438718581339,0.397932818913432
-252.934809864862,5.48282961925725,-1.22010450577363
-83.5745826929215,1.7030542145003,0.567352294456214
-98.2748551751138,-2.16081852071511,2.12974007329467
-268.451312107529,-0.305535430306918,1.66078268304409
41.7307924591296,-1.06170411249445,2.72819881830947
-270.896784873679,-0.373902541738062,1.79051149095176
-25.8461507315515,1.11640842836277,0.127083841274725
-671.592699949513,-2.17818606010405,3.25636669486994
134.932358616818,-0.825048028287711,0.917167138512013
-92.4661917344492,1.32386673021392,-0.250070853013312
-215.250412151639,0.358689341159334,2.09775245732453
-244.319486283814,0.147374492713425,1.40246548157302
-33.4311580789936,-0.446707407041686,1.19398961030674
-5.5266038247064,-0.0209471299749566,2.36153606677544
-91.0670316815122,-0.371341191254942,0.806146509305108
-205.334756916767,1.43770669928927,0.583502448716899
-278.3187351862,-0.948977636093332,2.395873205096
-374.298975460006,1.4509045589366,0.218169811792905
-292.917800075021,2.03929661979782,0.62577580181096
-35.0660870279535,-0.118915831470076,1.77171659608575
-7.52346026392115,0.687489374453435,1.44653778747306
-362.112391014467,0.739782366785221,0.843366400767991
-221.464489492954,0.327685393160209,0.452551778401357
-159.468663726293,0.303465999291802,0.954956265952205
-175.204976821784,2.64196636178531,0.91472998385143
-380.920311457468,3.28217575239069,-0.27524618183088
-226.094622867167,0.31604937773227,1.64025776748895
-435.181550573092,1.69048990402371,-0.845079104823526
-172.454416596294,-0.264679198749945,1.31821837445023
-164.069189132213,1.19856584013905,0.270070686921827
-256.544608378281,2.16777224770703,-0.362331496391562
-270.967055333949,0.577186533802887,0.567240029980894
-92.7771176119422,1.42104473654763,0.880049954698507
-311.989830646497,-0.512899033517897,1.10700737199659
-128.408691186945,-1.33223596375319,3.08740932085493
-131.572550457808,-1.17543842786108,2.04973033290298
-322.09442481507,0.36532900678867,1.53564797264698
-379.849325666553,0.847065314068459,0.468119212859165
-201.045153502928,-1.18980934573854,3.1567127783469
-352.857301478308,1.61533785463325,0.786400529774255
-297.705101091691,0.682585986331105,0.82414055596746
-97.3402584094219,-0.510555439861491,2.1462658123346
-150.111492377306,0.805318491678918,0.958417847752571
-261.940985488603,1.58090544767947,-0.368014721432701
-290.141911586732,-0.564319967306801,1.4199954377109
32.6727291378193,-2.90086712985067,4.01727654706337
-338.881939117592,-1.3310804986686,2.8558773987188
-595.090280828208,2.74068233772414,-0.694441255822312
81.7538327008139,-3.68914666264754,3.23554069863167
-171.935877994954,1.660654890773,0.241612854879349
-37.7021065165172,-0.522156255305163,1.42517694964044
-341.891111100722,2.00479277255363,-0.79174548665469
-49.0140067512693,1.91645971275284,-0.00991794516448863
-190.375413244212,-0.311480852134991,0.765418605918057
-224.532217534226,0.844998483662494,0.420286473527085
45.9271964361251,0.942985203801072,0.0601332106848531
19.3850693603454,0.908849621216177,1.27738450199831
31.7111150072014,0.78181607454826,0.023630761919776
-213.008708138121,1.12916441824927,0.246112731882022
-201.107484609191,2.62032445858495,-0.66442864475539
-69.5728414395198,1.70257475872677,-0.0693265583831817
-128.48008342518,0.873032546820468,-0.100947132392321
-99.7398259171023,0.0715125824208371,0.951567480253289
-78.871258281375,0.224549989507068,1.10186185349448
-79.6899184904287,0.0537500537466258,0.411458852613578
-190.768559366523,-0.0218103417137172,0.735799120142474
-229.674827113857,3.53072325661196,-1.03512982613756
-23.8673877787369,0.541238074401917,0.639501385638141
-218.606438218339,0.292315942220739,1.48291011802212
-29.7602932303562,-0.678427260339959,1.77548789970751
-150.365602680089,1.07949607935734,0.457117683195975
-180.400083196902,1.51669409224996,0.180221302842256
-756.633577841989,-0.195744246520917,1.48429550338187
-446.381798128801,1.2044022167247,1.07219907824765
-241.883089463823,0.326552549595363,0.973736217580154
-89.0252985122206,1.52907727494312,-0.171065934708167
37.6621321722632,0.877733157423791,0.637767417021678
-174.529329678815,1.38520952506224,0.449376669806952
-19.0085456241795,-1.40729933039984,1.16081261899672
-214.833147187626,0.778741537533278,0.0678283469642338
-76.3859750798147,0.96357063659525,0.606746822813875
-261.943727360704,0.461903607734712,0.33689269018123
-252.736717140922,0.735045072986395,0.186880939250841
-44.631019720473,0.592654096784827,-0.0212946390820434
-81.8277740284684,-0.0590601090516429,0.487367523390276
-148.071412486279,-1.52504260287969,1.53336704581307
-36.0522023617441,1.30903894151561,-0.383269820827991
-31.2866810848936,0.292786153564521,0.117744705581572
-78.5968048392642,0.28496514174185,0.29859081824543
-68.2316412706568,0.726875887728966,-0.14781076273357
-100.329044675484,1.40902060701774,-0.436367372050881
33.6213997651794,-0.17303910850751,0.450019911193522
-14.4679022963028,0.506379820028087,0.481743655022001
-158.242909930108,0.312073842609607,0.665768012906483
-140.691005190485,-0.0048641205066815,1.17651967157872
-16.4135913097125,0.821911900271516,0.242961915675551
-262.490638583603,0.28757545677945,1.20625421467412
-120.819978387088,0.395603924465831,0.468402345533832
-184.770717551728,0.604089409745939,0.81971019867342
-266.611968713494,0.966777924113558,1.40496115275891
-168.782482554947,1.4045992741012,0.746319702680921
-116.973636129915,2.18372614850523,-0.259796022843148
-152.927178371701,0.842226990615018,0.950502037983824
-233.515805612922,2.6695354396943,1.03122847838677
-204.632449930075,3.57031565502984,-0.816390715019224
-159.279911152575,1.71531035612861,0.508361484127818
-575.906343585986,-0.5466822896542,1.33434900123393
2.75276907753869,1.75701423773717,0.472845522097487
-327.186106864188,0.337947143561905,1.1516924871903
79.3146691890797,1.10076428191678,0.211327890574466
-35.4151821157866,0.694852423854172,0.697219794984449
-336.839010865078,-1.19657615797769,2.39555108588684
-376.186891146375,0.934507004922125,0.310270134388702
-545.340452360491,2.69152052676145,0.462924945320992
287.538215284483,-0.570372978836531,1.61293589233537
-248.749587441082,0.58495263752593,2.33428581149201
-404.389984975554,0.0733888870527153,1.77307233568717
-588.846056065027,-1.26344218108716,4.06839215928403
-172.256906888913,2.72239272260776,0.652111038158182
-330.276744674076,0.00356402656325372,1.7166806687128
92.9705293549669,1.68035866530408,1.36287464238376
-442.472818922055,3.23215273112874,-0.900604510155972
178.807768150997,-0.657719301176257,2.62639027378464
-64.7508563697047,-0.314225351931782,2.75761533154582
160.24457139663,-0.37596581762773,1.43095712631475
-21.7175129648822,-0.750390048851841,1.44141667212534
-322.157206499706,1.49303602550208,-0.174557085236302
-283.353312922583,0.287230893911328,1.77065984273213
-361.958528685529,1.62685426790267,1.42322424364102
-363.272662241812,0.425535061294795,1.09357410158555
-789.900051960314,2.85308441886446,-0.594170278243837
-110.889810033832,1.13352042660699,0.262603160423168
-350.101317632652,0.0456358448718674,1.28567497222502
-318.944578556584,2.81470639526378,-0.541600142778407
-86.1706110594823,2.11218306642695,0.293073504144559
-140.154194902108,0.821357533801347,0.802675281127449
-288.673310769824,1.0740604136663,0.703613920182761
-222.398155419593,-0.480867174643208,1.89766757051984
-734.139415192592,0.919454564573243,1.47006663825596
-350.141261977782,3.71888572419994,-2.07530955444963
-366.641750004179,0.55512494238792,1.43717036705493
-367.579593069328,-0.173539766103204,2.31953102127591
-334.274164003546,1.45993581299263,0.476572487354133
-369.749265288614,0.838455573000829,0.173585992350127
-105.019372533105,1.69177764849701,-0.122043356153881
-301.764141909196,-0.249470315829967,2.07838209928013
-239.854577499907,3.56178942701808,0.169819771428593
-226.068722827855,-0.698342071851584,1.93979686696366
-86.5316170338119,1.17871486968943,0.278320920959231
-44.9419201786659,1.23608283630892,-0.56842762955057
-215.943183212134,0.645566837338265,0.475429823956802
-131.416441679186,1.96272815413795,-0.0528742610040354
-282.949255328975,1.08019550651079,0.93071639273694
-60.8975011794828,-0.390139557319344,1.60310630089134
-156.571878629329,-0.341368564753793,0.600709077531064
-44.997915211432,2.15239489480155,-0.423402758766315
-163.74425683156,1.79921925433155,0.527784777666966
-282.344380768176,0.531487924228713,1.06554433374913
-164.331494112252,2.0413529961661,0.0418015453033149
70.1269947691253,1.92871781513895,0.406133385884459
-123.542493201152,1.42595779874318,-0.239640094339848
-182.0356842482,-0.00476339417218696,1.28978246563929
-12.1858816602762,0.824606681271689,0.679237032512901
-58.6281023242045,0.346717639903545,1.18219059437979
-239.471489040559,0.885310788835341,-0.50888354882045
-363.203777965653,1.6660927261546,0.20312092176755
-146.004656810539,-0.178308099595597,1.311469379958
-138.17749602583,-1.89143079781206,1.4931711833342
-132.146097031044,0.489781566879174,2.05625030444207
-212.693193406885,-0.339625599273859,1.46308927244536
-351.936958216251,2.3900096572761,-0.304459538776428
-154.580558944057,1.59763954956725,0.14934102994448
-161.314079727857,1.5774099874252,0.597696141383494
-189.189381358388,1.06676151519059,-0.301104059675708
-163.115833391523,-0.393612663850945,1.32093877892476
-60.5911341126193,1.39355991513003,0.45186386189016
-130.681332609718,0.859890239004017,0.531168878063909
-76.0902885221149,0.88069233315764,0.263513184683688
-43.4560567849185,0.226583833413315,0.426252145232866
-169.417850936836,1.00953643858884,0.628101283055003
-57.9600987572048,1.18528054830676,0.465872283573844
-185.317165247863,1.65406767072091,-0.188588890647225
-47.2666784493922,0.431488864385756,0.489286450960208
-122.084885528722,0.0834255093359388,0.639639432250988
-78.3741882372124,0.708725263917586,0.959493707086949
-279.01415006127,0.349316923113292,0.935955715744058
43.5986586880754,-1.05736958869966,2.05906066441582
-137.603159037011,-0.808446853970963,3.15281797561329
7.51589563669404,-0.310577876050957,0.951297152423649
-87.508189434855,2.18686886731302,1.22365988595993
-121.68519353593,0.372606518409157,0.0691634038084885
-160.989573325845,3.71199965027517,-1.94982605710538
-59.0477705801168,-0.461662143061403,2.12067893127096
-386.347763931437,1.81450225395383,0.104646141873673
-303.336144422647,-1.05704158765366,1.59548482627542
-151.252270296834,-1.99970822837895,2.91789552994305
-314.17512568758,0.612342642230942,0.444228802487487
-261.50014573778,1.8839459360097,1.10636083125792
-236.811071253906,-0.184689453293686,1.76714657525008
-126.470387668509,1.38331665076839,1.16406524412378
117.038701527752,1.30626844341168,-0.216790367769136
-217.004813623505,0.922685777128208,0.625981375720585
39.9037626377685,1.10313291868079,-0.407880832761293
-68.5078190636559,0.789023595061735,0.0362604619149351
-154.299903173989,0.432341931278643,1.45042277839093
-160.81821979065,1.30648017381463,-0.201596659331699
14.4825275033363,2.40745805212646,0.976075267349188
-73.7735013436031,-1.49961611104663,2.84259461267993
-245.188749488167,2.49221748285345,-0.112138623400824
-194.67112932427,0.341519899975538,0.263218186889389
-271.558638040311,-0.84964799406589,2.0744494634273
-260.918375034787,4.64989600475019,-0.863970190985128
-200.379911350326,0.0798917731517577,1.92956202916685
-148.272973888939,3.65130917614442,-0.677671964168894
-36.0017878916769,0.804001151496777,1.38458899105899
8.15704805114365,0.216037958140078,1.93992140092814
-88.8000285879971,-0.202128335891757,2.00715997669067
-172.499003297016,-0.633847455319483,1.96591041327338
-69.5898596335173,1.4639010894316,-0.0372281039599329
-108.775521439879,1.48939611148671,0.590473159529211
-390.580970450232,0.25990777233892,0.913214059612073
-857.049642170914,1.25131931772921,0.583518807892688
153.552633789048,1.49943093353068,0.487328552117106
-640.797673603767,-1.43536332344229,3.4502626612375
-111.398345148547,0.405242399923736,2.53229738891241
-160.738838281874,1.04414144030306,1.11602947215897
-393.217243294777,-1.07793041806144,2.31455489245127
-176.268345862743,2.31702805530949,0.239422585669672
-83.9958300789294,2.94367403128672,1.6584323324787
-117.10864818393,1.00568380599725,0.937665762787219
-145.2739223682,2.16070206894074,-0.018980071428814
-177.956547494789,1.15890352123824,1.55808957167756
-256.717881793709,-2.00350789393997,3.94528138914029
-165.228275445246,0.896944142790744,1.06907644269813
-206.435576705691,-1.63425988541712,3.55372886019904
-304.185549768794,4.95820273910067,-1.00668001774466
-11.7820404861268,0.847343501562136,0.544516264169943
-124.92222915453,-0.619201847584918,2.3233980404766
-132.936448835433,0.443209276621928,1.09639523855731
-136.800573545406,-0.221786160607735,1.98975152609637
-29.5975503278314,0.528370022177114,0.931353692780249
-220.768516280958,0.239826846587221,1.4340094930958
-359.97863983424,0.232582796321367,2.07671934440441
-148.73101937052,0.736766419060586,1.20851322068484
-114.073000298915,-0.339481419490767,2.27211425996575
-200.150814062141,1.43288067702088,0.129661385552026
51.3790638435457,2.23253838426899,-1.50220367463044
-165.08661679647,0.124601363284455,1.81340164075664
-629.05916156077,1.08496913750059,0.90439306476037
-146.980518096912,2.22984563489445,-0.474929044838063
-193.861158636835,0.473248230315221,1.36119340921869
-104.900510693882,0.849730054254906,1.49344118282897
-226.07577963527,0.896948039415292,1.19276559315767
-433.733787611451,2.43699730350636,-1.04151452609221
-119.640499709611,1.07753678722656,0.792808545942535
-93.099853942389,1.69641687295371,-0.435162052584928
-341.094413681334,1.93472176810474,-1.08764479402453
-224.300702661567,0.969184841378592,-0.424088073341409
-402.335071097728,0.81836239427048,1.33983177682967
-297.179348736441,2.01654932748261,-0.0992091791049461
-153.049682029028,-1.80672050031717,2.62496234373248
-227.892170281284,0.91854820070148,0.146619342980557
-302.03352088359,1.5421954630001,0.595157509465935
-152.653737300701,0.260412391115096,1.20281635277024
-312.127295179991,-0.180187643378304,1.46401536024496
-156.85282158968,2.38047015620941,-0.869298972625984
-87.1246843073532,2.9864466394265,-0.382476391051028
-223.742438948917,-0.569457480465644,1.37378930283012
-314.946225085485,0.489471066593978,0.417823640778806
86.4343377934129,0.795030604014755,0.109151055083203
-104.422215096623,0.410048355188337,0.306410412595142
-60.3698064205528,0.21672149997903,1.13361885183258
-235.213112416503,-0.277346436734661,1.56868538110575
-28.1254866267846,-1.16441553199547,2.23685428765748
-89.6113505547037,0.654544806187914,0.441692078427877
-56.2904338904773,0.533622960159846,0.919459793665737
-220.956620624054,0.0325405443436466,0.879656480334233
-326.560999977526,1.78169234353118,-0.278337582247332
-190.426707828563,1.14135418144724,1.4866933311132
-408.780183200422,-0.964288661444357,2.69486662384588
-282.268050552462,-0.962979434378212,1.83734988662763
98.9041444482646,1.14989342587069,1.81056745818023
59.3145603887733,1.14506273786537,0.734463091910584
-500.150300042282,1.5852367460684,0.907278532497003
-281.072145590793,0.124234286224237,2.87944501291349
-498.434196197515,2.02998425106489,0.240296807154664
-5.19726454531337,0.294038263906259,1.54051437255112
-443.375166765916,2.146759105417,-0.557690593734151
-94.3329535384855,2.92180193973763,-0.326327411273496
-254.081657921437,1.54245879286464,0.358294409932569
-580.711245200939,1.3769141798839,0.481859388615703
-400.53325948133,0.492668704755488,2.11160713114077
-576.708253231016,2.32627087943547,0.672849253889581
-271.280979012212,1.20948748318187,1.45900565295597
-84.5005856512726,1.42485300156113,0.135790876316605
-96.3601768063309,0.0859459846251411,0.481531768309651
0.0582621027433561,2.82209580144263,-0.678149909479544
-119.495949263684,2.10260362763074,-0.389649973963969
-355.205933832673,-0.543654301174683,1.97860025826958
-442.760089851392,0.765491945930989,1.27737880260975
-62.9092118448316,0.547763223810762,0.0330227490485413
-179.94994380034,0.344316900562262,1.19655110672466
-217.257961884175,-0.38225135821267,1.86145918956026
-133.993627725511,0.586125128233107,1.02979413955472
-425.488792501797,1.54121798586857,0.349345248425379
68.161539516339,0.817788035288686,1.06653926314902
-98.8517708887812,1.36999966626172,0.433947627236194
-138.997877277987,-0.560972989733273,2.55678321158121
-75.2826900944056,1.08777094414108,-0.16415771812899
-152.116868216952,0.196613983513089,1.00850098130468
-115.146739545613,0.225822220352711,0.792500870331423
-23.8497202051949,-2.07919486379978,3.27250999283206
-456.328497385311,1.7746557490027,0.783156013436383
-225.862034979757,1.62978950103206,-0.335392042703461
101.383279708243,-0.743570845821523,1.53875981671445
-185.788969868692,-1.04675223340746,2.25548589916434
-266.606889504881,1.40009588365501,1.58429658712703
69.6180406746134,1.55672869872797,1.45165713891993
-196.076334943402,-2.22343493875815,3.30159588359675
321.927439958592,0.262890763964606,2.06723233373486
-127.527935305086,0.443305921333376,0.888896696604206
-294.425951296493,1.51693252063706,0.0989108414069051
-193.597100864954,-1.19191189683625,1.37914901066688
-800.695048057489,0.84778902373364,1.78079758333297
-182.899850821617,-0.574165186662867,1.7208456332155
-44.941072820382,1.63124134845566,0.501466604971938
-203.175233547328,-0.618380525040266,1.16464104785518
-205.775466787061,0.0351650080046966,0.751937253720826
-193.808269253673,1.09189864390646,0.735580235224916
-504.725706068188,3.12384249817478,-0.348208500137844
-211.452060423471,1.17195316153811,0.431066053613904
-100.177273233392,0.832996637454926,0.150824904463661
-112.946712355333,0.977336407260736,-0.0580871228303295
-373.245435070552,1.43776298266312,0.814454030012712
-425.962031152916,1.42626459172607,0.448040395967837
-636.390643850318,3.23855582423857,-0.0478439743747003
-590.340517719787,2.199251059581,-0.0915758792543784
-311.610337522648,0.199874095749692,1.53171258200018
-184.798997956925,0.297612595950341,1.52346901551937
-19.5590445192356,1.4687219458865,0.383733774538996
-243.168743441074,1.27750285282673,0.922323353064712
-335.840532653558,1.22121767874523,0.317641845897015
-190.01319160682,-0.0285106743176584,1.84772659576265
-131.201994599869,-0.0761230514799536,0.873856907386653
-196.863650671869,-1.52077105936769,1.77740134239866
-64.4927399217559,-0.271406239167845,1.25921700383697
-312.665340396736,-0.500660512843865,1.94709459326987
-363.948597260614,2.02567175016156,-0.387146104752901
-67.0904273605265,0.404664806090295,0.936084421395208
-63.7776095577174,1.5408322463154,0.348081732256105
84.605960958459,1.57909335930162,-0.769768551293964
-3.43509234275552,-0.503216706565581,2.16656614845124
-89.1871192344006,0.285641880822368,1.50707397392762
-544.112872268815,0.377879601699533,2.96949515902088
-115.806478010287,-0.487016827784828,1.86495536078291
13.2288775802808,0.493081692460692,0.617415651446208
-404.905603613879,0.994329979592294,1.68830060065375
76.8625578557062,0.122910392710764,0.641291637904942
-539.537394772618,2.60915245450451,-0.485226944962051
132.115319909906,1.59013372703339,0.277071064905613
11.4927068133038,-0.0252832658588886,2.2109175647056
-154.096078370101,2.11858703941107,0.134683081101684
-285.975732712894,0.0903097942937165,1.65483056040239
109.948128751377,1.28985590132652,0.244129667014931
-298.923569241426,0.43420040262572,1.18906335605425
-303.151260381994,2.90311079333333,0.126662621871219
-125.962246068382,-1.22295043448685,1.85346482606838
-48.2786933286989,0.637700294195383,0.458240287294757
-337.935381817355,1.08906162544736,-0.00565880615613423
-74.1751329862454,-0.129114916171602,1.71201416153053
-223.31159068265,0.902973121344985,-0.0273134743183618
-186.269531026192,0.609507834436954,0.933808896457776
-172.722920285159,2.41391924052732,0.737632744625444
-267.01789244602,1.12504191902553,1.11667945282534
-49.5564867691137,1.04910976646352,1.505431875863
-155.054530805261,0.232391792582348,2.09657174954918
-294.166795689081,1.44038031620948,1.08774094079854
-136.350749329329,2.02140450302977,0.521235625386907
-306.020302914509,0.479373276481056,1.05758119020902
-14.8323733455763,0.383465964157949,0.728356258885469
-22.7512680269842,2.55034627836721,-1.0813253879387
-177.347887216863,0.392125309343101,1.2860656896919
14.17861806357,-2.00649074953981,3.33441263955319
-46.2778531667136,-0.79555277741747,1.64457423210843
3.58857734837511,1.32225426644436,1.02988160855602
-143.02368135986,2.40444829437183,-0.473833592419396
-59.6339143015321,1.75778043763421,1.69426339226629
-132.400425621774,1.01341300229251,1.21804068985512
-239.534231344049,1.78564668999752,0.303359942714451
-103.200758978579,0.957308509227005,-0.0208917593117803
99.8061461458929,1.86346113595937,-0.0412741388136055
-1102.5870981028,4.23296328575816,-0.811560967078549
-219.218592175326,3.32315573225787,-0.701582025591051
-344.76426688589,-0.241791672975523,2.53359525650194
4.85273222347314,-0.0925530049717054,1.04843101850565
-166.646142736237,2.94459443946107,-0.207405787436983
-573.113959953502,5.06799601242528,-2.39630308063352
-332.761164954149,0.319459733485928,2.21674878627528
122.431314502493,1.67658742131607,-0.0537027413520264
37.5081174788938,0.0528857779572718,1.45781952625839
-10.1121554064739,0.963704093301203,1.11838683755195
-30.0973875877135,0.434794821994728,0.673000670329202
-108.856419647171,0.869333498747437,0.83790448113723
-147.152233966408,2.85362452003756,-1.14152857894078
-111.561074984391,0.587756030588935,1.11931409638782
-398.021448347761,3.45667063634755,-0.994293716536049
-210.723567567198,4.01147211905482,-1.30294921604946
-316.036616107718,4.935444140654,-1.82715267203457
-496.643633286323,4.06491502060089,-1.1258718903191
-29.4410678480053,4.88439488424046,-1.41199609164551
-26.1798902983301,1.64030562518019,0.276831583876628
-105.815025300524,2.56997959928049,0.114929304545512
-255.447797570218,1.89420151215745,0.396466149191838
-358.392418759875,2.44839943245097,0.365286224718147
-295.521733460064,-1.55349691583797,1.62822189357757
-842.143221065609,1.62297525485337,0.714253299411212
-429.044298293607,0.420881635451224,3.21110074374883
-289.521047953167,1.91612399645965,0.732171497744275
-363.83215090808,0.0611327957594767,2.12959376195795
-75.0631449867433,1.19963960591667,0.415004187409068
-34.3353241960504,0.00146568070340436,1.10926127122366
-91.7576093823118,0.032461494061863,2.12008867938675
-387.371087152073,-1.48341776893358,3.35022382123498
-287.782874667588,1.27832491112349,0.203114044612448
-7.79806816007476,6.30122781099635,-1.87275107836467
-63.7947320528765,0.874952580750687,1.28786897021928
-357.780569354924,0.682871766912285,0.957511340937344
-211.239725085266,-0.938461250130786,2.45806197640195
72.0555680754842,-0.0034520429942404,1.53204220173211
-71.2565943899099,-0.160640178553876,0.645626915006005
-46.7827863610182,1.26495055810665,1.09308321810386
-240.842727058494,0.748264756955905,0.941392220665875
-255.13948421464,3.31725309917238,-0.532184733543545
19.4993202458718,3.74963044279139,-1.63754961909217
-387.839868437368,0.799492498772452,0.929556589166168
-255.291204083108,3.18162021991884,-0.578591958488687
-322.283196662902,1.12411227582197,0.433116172065638
-315.561483719299,1.49739274338936,0.854883009385958
-68.3673064970353,3.06243132459349,-0.403392522865033
64.4134656726965,-0.0307974835959612,1.77963066834491
-156.544936491962,-1.00090894060122,1.8175895868917
-221.735945416993,0.976432172668865,0.716693240698078
115.018816769501,0.380595309557975,0.222941463114694
68.0668447988137,0.852982508236892,0.830308887889259
-69.2351689855859,1.15712342585903,0.428699234151281
-311.155308383139,-0.280535087076714,1.92497196381737
6.00840944284573,0.0778656549446168,1.38853365136129
-210.943346558139,0.907088049636513,0.302741716674063
-211.963402285124,0.883477126342768,0.739095754688606
-101.589880194369,0.585197344320477,0.508838495527016
-256.130958010821,2.24575234216172,-0.450700477420469
-102.276466743165,-0.327593259062269,1.30082767881686
-281.535651876693,-1.40136390359839,2.23516290736734
-379.175925211312,0.408383359414529,2.2183474155845
65.4509903723374,1.0913124071958,1.61691944337144
216.964823666262,-0.677202565755579,2.54960710252635
162.233672091897,-1.50158049829385,2.38270390765683
-131.67512920755,1.47613491616539,0.0188474983660853
-314.949410742702,0.822825664330594,0.189158811561356
-135.85745584064,1.7915743591002,-0.00627331511350349
-156.834351943544,-0.453279507419211,0.619680117277312
-14.3012448932423,0.777349699841579,0.705726228567073
-82.7650910713892,1.49081766897143,0.116834338958142
89.2060102442338,0.900607640185626,0.159133239707444
-94.0707509540371,0.697488976742534,0.0284148855716921
-50.2316072994945,1.35535859465926,-0.0782670485350536
-150.869609415269,0.525311158417026,0.498908863737597
-131.799146944129,-0.103044118484831,0.671323770671734
-22.6498731570446,0.559855037041416,-0.0810867598629557
4.05638812361576,-0.881667855435808,1.62909304304776
-62.3544190047032,0.532763691691798,0.419555789441802
-125.687587804219,0.688984262320446,0.851686125912238
31.0296660425593,0.0435288528096862,1.07205100715373
-177.215426600545,1.10347237212409,0.934937658559647
-444.739734762567,0.156874219945166,0.769577011975343
-277.432832696737,1.64342191026299,-0.302454080316238
-229.422289837748,1.86718877629028,0.144823074282613
-62.8839283701964,2.25336925683951,-0.318320922990097
-156.388715043664,1.90803861818858,1.56118194019655
-49.1163898896002,-2.26410344134274,4.39578067293041
-342.449587274605,0.805862742250611,0.761783122812631
-182.466439904005,1.72118660400156,-0.808029016159708
-184.337239846718,1.75844968618185,-0.357872685141047
53.6709429734765,-0.103236467257375,0.490726405303576
-116.332781037177,1.21029895775428,0.226015864667716
-179.419884904913,0.295062138495268,0.452275794556044
-181.821963512907,1.16382797984988,-0.200762868655147
-267.977982897355,0.718404127461326,0.587970746943029
-169.113806822686,0.332900043693371,2.12925869456376
-216.270652596679,2.28653680546267,-0.292558668705169
-456.556692408049,0.710736357024871,1.04966591738048
-86.2562440519105,1.36466803063377,-0.00409355032024905
-319.780795427578,-1.73856105018785,3.867439723399
-470.486930945801,3.53209575176152,-1.14693606970832
-770.855024794,2.14186593676186,0.185466961658676
-488.848011532653,1.30185579755926,1.71689025634259
-268.793779464861,0.452104388321459,1.64162476648926
-147.567885027757,2.17312800545187,-0.623364455022966
-80.9360201610034,1.15858191488951,0.472609504737193
-180.981437074573,1.69704026356158,-0.261323613711284
205.515579328552,0.711611314587572,-0.178028941576486
-71.4634371678985,1.37827567016939,-0.273646698039556
-199.303611873562,0.175896827087854,0.48665477709983
-29.0140675954681,0.556795165073709,0.423376712242316
-117.866021602553,0.498783650647965,0.470132077476592
-60.4349226171107,-0.0484190918650711,1.08052326449069
-14.103421635984,0.27465662562463,-0.0191602140475879
-291.586881043273,1.10059249278856,-0.024641544019687
-219.695377663313,-0.703537453227909,1.4750148232124
-84.5182775175517,2.76022021364042,-0.23427283181627
-225.278227648727,0.83980581551441,0.919282582472079
-191.535083560462,2.13633060293796,-0.224555947381305
-259.892432465407,2.14374422568653,-0.174392156506656
-307.790817829897,2.29388118142379,-0.127583085966762
-283.968549713638,2.41793239489925,0.557214544591261
-276.97368390685,1.471323947364,0.951299947158986
-202.771263346862,0.351590786543966,0.903805752517655
-578.196196049565,0.967086416756501,2.05677191139557
26.5997786097578,0.277918971638428,1.213552408326
-17.0603538859923,1.00921721986379,0.38236826062348
165.626501390798,-0.276355177837104,0.237754473018867
-372.174904875457,1.15569498749392,0.27881214574154
-85.8588614867549,0.446626671677222,2.15871337792487
39.5738983665287,1.59552298091876,0.0941414034659829
-41.0605829317064,2.13394894697558,0.0938321323192213
-203.876002162768,1.50496827459574,-0.0405577711208025
-99.9742576364733,0.299013011710485,0.786593858963897
-424.448106402684,1.07233541582536,0.0389377402955233
-56.2212204412035,0.985762864263961,1.17080979551974
-133.550771767827,0.231207200733479,0.975256146863103
-306.141136818456,-0.767523485497804,2.02077248999558
-165.549046871951,2.09458931267727,0.413710442619049
-298.958423085496,0.563312481721596,1.01818097505748
-196.415646501511,1.5888110407177,0.408994929181063
-541.383425483175,1.08343286106538,-0.113865946193982
-395.200589042477,2.60815431931405,-0.510676377860364
-401.736339894597,2.37738123336749,-0.516276672475215
-175.864656991755,-0.553621866609319,1.87570602479536
-56.2157535937877,3.30502510100632,-1.83288013593119
-79.2913380091923,2.32003037598042,-0.721220001199981
-162.920504613045,1.57156546687474,0.365698411664198
-89.1084012231586,1.54392892494434,-0.762100584397558
-458.543003719205,-0.591644930565963,0.797598107601516
-302.08427525108,0.864557929802686,-0.488903587705863
-321.671491633882,4.59971117740497,-2.06725747773999
-153.783733319004,1.18223168418626,2.2765562486311
-48.8637636325147,2.52182948155678,-0.355673097146791
-286.214533863838,0.54481620269712,0.155622765814769
-85.9152449470239,-0.11483303856221,0.658524122729432
-7.01918949646642,0.909974250273081,0.101164683288516
-53.8619773831379,-0.278135584605479,1.19138896294135
-334.004138510805,0.985350524293608,0.467749653093051
43.2172461964947,2.03889834873189,-0.784272569668246
-151.220648567047,1.60034309433831,-0.676539602041885
-175.768861173943,0.702469578201999,0.183811418159166
-100.533104814385,0.743459843411983,0.0938210131425876
-92.8966897514765,-0.622392151955864,1.31427750190778
-194.250175600173,0.186585267285409,1.55540913456935
-208.920885382749,-0.297817123995628,1.04250553324528
93.6254143547903,1.54490031211753,0.275947726215236
-173.997149519259,2.74099931764795,-0.707231474585569
-226.668654910842,1.15346371296619,0.914421399342245
-62.8157661409386,1.95594556552351,-0.276981300485204
-87.645829096844,1.86592448576994,0.515405507772812
-11.790454269998,0.826777712776675,0.765464795156731
-3.44854727315396,-0.515137529429921,1.27692889066384
15.2850155261403,1.27862524041848,0.433927786345976
-362.007248555863,-0.393346422424656,0.892961773322895
-305.969854017554,-0.0916680223745061,1.83911132252433
-125.054695197685,-0.620852341889986,1.14131226106838
-142.72540401321,0.212107576576727,0.730763871353702
-78.7352946582832,0.853438824899058,0.073879773291992
-222.660128829677,-0.105322295588849,1.27627569080505
-228.155802710069,1.10171441409329,0.106190503436665
-61.8229413611916,-0.148631522934011,0.71161236728949
-47.6164205796813,0.524185198504711,0.429635203792714
-28.6791475176578,1.17247422743822,-0.597722779479227
-110.031379585547,0.671972910466138,-0.14680592174409
90.049349957626,-0.177248648818932,0.395567051644321
-94.5024148361554,0.420191713463282,0.0566595182244782
-23.4739415281292,-0.689606147832819,0.821366374817444
-95.729563646928,0.047056141676876,0.46147396635206
25.4611384302261,1.04142436505208,0.129428010426636
-183.762169852398,0.902125001899549,0.136781772176619
-219.882051562105,-0.380259461104288,1.3058715625084
-111.061053262689,2.42074008307827,-0.473784914443968
-59.1548363886832,0.533082479858422,0.397669544327073
-77.1310949677791,-0.485272640915355,1.12607149571704
4.98211683132831,0.50961623150215,1.26572530425619
-97.7747397658532,-0.680946315918845,1.17078133822361
-102.929069621779,1.75645922351396,-0.526107828802196
-135.817590375867,1.48309296489651,-0.24533701216933
-11.8976948357013,1.37119912506023,0.0135309903125744
-273.310232427353,0.823044662873144,-0.0335571848845575
-209.120833758534,1.19886983273318,0.967146605755261
-223.365974865039,1.16206236433936,0.632525498687755
-118.034389692002,1.39377103217703,0.454528145521181
20.2434664391913,0.0782195536012296,1.45198511224589
-91.8097942195018,0.826303349489535,0.203708359913435
-125.42543839413,-0.705228690917465,2.3248826154886
-162.27894963176,1.26754996689851,-0.278756782423216
-310.65118631557,0.882963942960487,-0.627461775642587
180.436466520652,-0.35452104943397,1.40910398926644
-275.966401304613,1.016167619935,0.850440517184325
-76.1439486181334,-0.176705804158701,2.25572667609231
10.6723909373104,0.341996845600079,1.34624264546437
-245.484429557386,2.4541033856367,-0.723215699617867
-25.4707969459996,1.68637353127269,-1.38929013336019
-201.984600234216,0.825965758951497,1.15011438220972
-601.991507942763,1.99837429946638,-0.703372800489888
-201.274519826256,1.45714739513642,0.22552105638897
-668.533529763459,0.949600130174076,1.38098031975096
-150.138994272304,0.250263360664576,0.983606724563288
112.06007816772,-1.10450834361836,1.77774884327664
-276.18295428493,1.81025642503664,-0.578849425088265
-143.026337388386,-0.0652582474576775,1.09035138114996
-411.61299903562,-0.262308682024013,2.39084627943521
48.4281496527547,0.844558073527878,0.138798135274556
-152.128983016773,-0.761846469031298,0.961446618064656
-426.090999436718,1.06833705608733,1.45073148177471
-116.059704339263,1.99363908315718,-0.347816839610459
-73.3092040182964,-0.681841941805033,0.739385630207835
-60.4269455921021,1.86159271650831,0.871284803950402
-214.959025736112,-0.800056307125487,1.68717764479516
-547.834009513783,2.3373762575211,0.797923558937327
-353.764931919053,1.43064764235169,1.32072233657527
-238.543137176108,1.16429985457944,0.424279992590527
-128.02257492108,0.203901198139647,0.854303668525972
-181.402428885158,0.00244124801247381,1.01475939784723
37.4074543100432,1.09806929983461,0.507647342838027
-193.263982707073,0.736319028655998,0.143340985057876
-318.782525657398,1.01259229207062,1.16237878778338
106.264596461086,0.377623856431455,0.530271946292487
-65.8907958601776,-0.184463510558999,2.3668211701297
-35.3845723340492,0.855741789069725,0.389175599353621
-109.558991814047,-0.131506393910968,1.44122699042782
-296.854242291476,-1.36101042266637,2.14505335153808
-283.818625312007,0.179298079427099,1.00064619162004
-217.026545040397,1.80977783520939,-0.0309371018374804
-265.756670505179,0.545021190308034,0.800246178616362
-259.99845080567,1.14377298980253,1.69309503327167
-42.0488849187823,1.44132331670698,0.314953971275827
-240.194397865096,0.12112699035788,0.27442416615304
-176.321923505478,-1.3801864434281,2.49753463274101
-136.966354789518,-1.82649601463345,2.66439752161386
-227.717974110608,0.834336257583345,0.658035487358575
-116.385828246093,0.97130621424003,0.444113683111937
-345.455721549213,1.65336397536157,0.761767249525292
-338.13519914652,2.15918663966295,-0.497412150649325
-509.82424305148,0.497444129912765,1.60392621092615
-238.499148013652,-0.380126718737301,1.03804470358318
-406.396395857635,1.2160519271456,1.93298225269973
-298.116292336985,0.618207890285703,0.778343479018076
-268.79016539891,2.21007964351156,0.390916128919343
-266.854848984251,-0.793793904318591,2.71246140464791
-52.5608068645524,0.875066023610998,0.646527655015234
-296.583482227827,0.30010061903522,2.46812907417188
-190.552854166381,0.966437839204445,0.533789917340528
-249.043365802761,2.15740527531307,-0.323639484304294
-125.042866680858,0.0566594946903933,0.740078241418814
-58.1278830562005,1.90049285146597,-0.664080179954908
-144.048158086356,0.516666236497258,1.00638288322813
-287.972328989679,0.689731223756098,1.41704912093701
-58.5319015067216,0.586134005109102,0.921925902774092
-86.9985262073169,0.71482933538573,1.48495954120881
-58.9151275655313,0.0831055596427177,1.31400282005779
-64.6660225890446,-1.94957655563485,2.43947182124793
228.30277273398,0.134768911157153,0.473390567291062
-240.92605515389,3.79503909700725,-1.16804694454913
-265.632630636188,0.829123315779725,1.30183021463517
-301.469553249597,0.385426838300191,1.18577304092832
-293.698018112454,0.223839869744552,1.10919191681023
-195.136980757503,0.758615918770374,0.330474484086153
-296.135722145758,0.487022981046266,0.789671046106378
-352.499469465445,2.56008063867921,-0.0157242604764178
-74.3189039278295,1.40942684945185,0.402234160243097
-354.344374158594,-1.53530832736578,3.84309022357047
-69.7866089670279,0.0712400779721065,2.30698045840109
-411.971675257024,1.49001600110205,-0.0606471538640108
-253.782493622915,0.654348560732615,0.703036142120254
-255.630335265749,1.39698217911064,0.647502835956402
-75.6814136348548,0.643544916558312,0.341554624246783
103.828072401731,1.59420253054122,0.174131801151816
-138.422712925676,5.96276883959217,-3.41172297263984
-633.287428776064,0.786229492732673,2.9598648116953
-684.595222761636,1.76888882444473,0.464092293328576
-185.471625552724,4.88367002005543,-1.8069085772222
-322.984274233495,1.40364230019622,1.68051136335271
-307.899030127948,-1.50527397336555,2.51313453701005
-359.520754163545,1.1632918395253,0.402555101551116
-113.175562356235,0.946429233474191,1.15691752002749
-56.719732512116,0.107284650657675,1.27174808710697
-279.827760795859,-2.3852971256274,3.68609664396354
-453.068203890289,0.416654563949123,2.43095603173424
-256.172158761605,1.70005671321996,1.67882345204271
-245.016627440809,2.14959355257452,-0.0599377729813568
-115.850784595939,1.57324480150419,-0.446740757441148
-181.010155233758,1.48446131250967,1.48800769371155
-3.99750448527629,1.28019043473705,0.374115347542102
-259.762917358237,2.7677262325451,-0.584539380615752
-262.004850070089,1.98430741130505,0.397522275517986
-149.292605798953,2.85077044185891,-1.41886453208281
-109.284310510448,2.35169137017147,0.365539556438307
-313.039073494569,0.605427902184601,1.69624763902175
-156.774696571913,-2.57338557601906,3.30094527239999
-339.687087642451,0.091691936893767,0.892122754477896
30.3738641283344,1.19139447705311,0.414127907133661
-135.428492548104,1.94264913426014,-0.239597677151323
-66.5529793856913,1.33915216247169,0.303298059637655
-357.908299166185,0.816373269306496,0.810512066809679
-46.878995835461,1.92760674335295,-0.793234220487648
-13.3812893233408,3.9456592296774,-1.23231241995381
-432.748981805722,-0.27160882006865,2.2156421201289
-246.589430496781,1.20684126725973,1.55413754787878
-39.7295600206417,-0.887455052223231,2.03222819125222
-29.1952228108275,2.257642555036,-0.500480185990455
-439.645922242387,0.888110818428686,0.510823061171322
17.3171160315396,3.97722464990511,-2.00622958653548
-519.503623298877,2.49052569926425,0.0725416423192655
-277.905740983937,3.49255730978621,-0.905182759594027
-407.582717258134,-0.32392191071267,1.21632258495083
-240.743026947421,-0.0126609794097021,1.99125020517386
-336.547407753948,0.293193610414164,1.45750078928904
-326.536689288754,0.121591943970998,1.02219692739891
-183.54455566017,2.43393073024345,0.634372636603075
22.6922928012718,0.635227633611066,1.19455149559508
-671.890815377148,-0.918213787357672,1.27928290847922
-202.097352026365,1.1409740037343,1.61032648633409
-114.785377274857,2.19595109461807,0.47286383312894
-254.449276986656,1.62832431288552,0.966689199325629
-113.163844530434,1.2272553958901,0.942603907671582
-260.802852066859,-1.05354634927062,2.57533282029908
-191.940388659983,4.09023116925164,-1.23304426844697
-242.419840297611,0.915763032064206,0.656369802600238
-253.250634628785,0.477667209426727,0.972632370481733
83.1102286584792,-2.28382311917812,3.28515426264858
-232.408666234347,3.2213811929978,-0.407876996119739
-38.0621151546147,1.87724005040582,0.562286807558849
-253.488342778932,-0.0971984853094909,0.829237916877901
-402.701606298433,0.454466984420378,1.65227535283702
-391.964715577953,3.87286654284981,-1.44919769867556
-532.744097594274,0.134279273737775,1.96995537777639
-226.741866926728,-0.848801986780018,2.11911442535347
-292.155769656601,0.210409176364919,1.07187091953529
-241.718646853551,-1.90149218727311,3.12447199146845
-329.848245536516,3.25970424312982,-0.335857175690762
-214.311911176905,0.509254012140445,1.32221097493311
-48.4577965276694,1.18526980033494,0.879192421780317
-100.55616055592,0.695330511187422,0.868023869144963
204.026283855332,2.67170601179532,-0.722736031748354
-342.688532069908,-2.45495358986955,2.57943985256134
-11.0194773805124,1.4772678612062,0.219869646563893
-162.17604639387,-0.0657444630924147,0.581126063218107
-26.1304158938001,0.511960238553002,0.464044751002803
27.5036411861111,3.32140425639227,-2.18713540249155
-238.971827651978,1.61752275170875,0.257387390040094
-178.983901695139,2.76136082609719,-0.520437142840819
-435.136268878079,3.4815966968381,-1.12345427704167
-287.746730490733,0.00187575130257756,1.53313823206554
-384.946375786909,-1.1416623480618,2.62553102484526
-175.037427923919,3.928883944478,-1.31074204083416
-967.675427230613,3.21020590195985,1.48929480801598
-618.535649504964,-2.32785100306501,4.35766561848868
-245.040400220038,5.81791326930397,-2.20170416959445
66.8418376504706,1.21564701363968,0.236625574441859
-146.47537181856,-1.31023621147324,1.49375462600074
-274.92069315922,1.16643509206187,0.202588589076186
28.1662102939445,1.53568814640312,0.437250280760054
-318.082146613669,4.02482398480788,-2.16989208375162
-216.178194061755,1.17816508773831,0.978751594619098
-137.874170208219,1.01322757560411,0.918590643123025
-178.228502453458,1.97675371762307,0.0669226039026398
-349.779762816353,1.08788135233044,0.177889626807882
-200.655922845195,0.581782786764961,0.524690475431271
-245.470995300333,-2.40658131873352,2.37059065861104
-326.198350099301,-0.450528867950197,2.63621761582908
-87.6508049061422,2.01919482964149,0.224625638191355
-176.607888266357,-1.66181914595654,3.0245903114992
-421.41660202964,-1.41812488311552,2.5454568566347
-193.253968489862,1.36074812999868,0.350489586227923
37.4917789329775,0.513814740064845,1.49676035790253
-692.44747415193,-1.12962210412661,2.81371355225565
-256.339432998186,0.448196262905185,1.49595742441306
-84.0348517282691,-1.02508783061057,2.14147013982438
-314.809783974662,-0.559379726575571,1.31433321730583
-250.662563988284,0.866236007219413,1.65330709691625
-124.840770166818,3.58032467812154,-0.310291423090803
108.803867184994,0.6878180579115,1.17993995675351
-374.822746986996,0.223757835308788,2.41155935480492
-172.741737364559,0.42992049500026,2.1806159883854
-89.5559643369343,1.61806854850147,1.04740630229207
-133.957478260651,-1.85806226968998,3.2336263207817
-581.072830096513,0.329754477294046,0.979453052827012
-406.809886424118,0.693442305505414,1.05066152142899
-165.760040413297,1.97002934236662,0.411009382471093
-223.755089306837,-0.0775857727276161,1.16226000217648
-210.034126562765,1.8479748345344,0.314155443862546
-152.121252012294,0.74637218756834,0.821744346947526
-160.522005643637,1.0037111698839,0.602149318845477
-130.986153869919,0.613598134106724,0.666109593097644
116.153040094272,-0.0004122466489207,1.02745759087702
55.731803932209,0.7552581641703,0.52455917536281
13.3299403525016,1.86105320375646,0.150797751790378
14.1017242938251,1.26114060527834,-0.085167291428661
-164.685220382831,0.183287342426411,0.231766744080232
-127.767681145633,0.541590824097511,0.287453153941897
-24.7252219348084,1.02991662864224,-0.195985737525916
-7.74382510560827,-0.430432153742004,1.05724827121958
58.1924188780831,0.0154321409136173,1.29982707358431
-150.221103087897,-0.0147253176401136,0.895455574252992
-195.477528299583,0.321654203115031,0.601577719324268
-324.295472160666,0.664444573427318,0.843744133810105
-119.658054825799,3.70224360108841,-1.47663097360055
-304.894334171302,1.74819948577897,0.752020043000812
-13.9572999595548,2.01231157017173,-0.298327563214116
-148.328221472802,2.42978113235586,-1.27449114729825
-270.323187395872,-1.05745714649674,2.20933886528655
-108.9991472322,-0.115817964451708,1.24118921015179
-27.1774056739814,1.38023821935349,-0.645716572369565
-60.1432741747994,0.583723896968877,-0.04649977106601
-293.715303831668,1.5071313319786,0.989330317243002
119.417936145524,1.84982172222226,-0.628978109816671
-192.292395695345,2.09944893536158,0.27430010788521
-277.930324195997,2.24277575209271,0.0268404967500828
-262.965187437832,1.2729879989638,-0.0221471752593061
-291.056462861685,0.43319792424154,1.22276392662752
-8.45323088239093,0.684034496065578,0.484010839196912
-50.2015754093081,-1.52914123854134,2.08615595702577
-205.650687559788,-0.0479377225565258,1.07361940727787
-241.113833462208,2.6802034497814,-0.585099702002481
-222.579080969714,1.70528014564479,1.12075813785668
-515.176174436157,1.54208836719044,0.0463598785208887
-242.582256290116,1.86922370357934,0.265708073275164
-356.977495744301,1.202541746512,1.12595000485817
-589.789884920203,4.81305474188412,-2.33089760386792
-326.231327192043,-0.805616680867388,3.34506183261328
-252.55571145429,0.0301246321905637,2.71441786407377
-287.084655014369,-0.410415031197772,1.83843063068161
-50.0308830672293,2.70989635733713,-0.572272796845937
-395.890356110787,-0.468363198742736,1.76919177258969
165.845977176708,1.80995798135336,-0.219824907981092
-301.53618505763,2.27588720773929,0.115233853372047
-27.6868099101121,2.48314347400446,-0.418905075508519
-95.9408179004968,0.565715754186385,1.51112976476725
-124.534729072329,0.844108388802852,1.22985591231918
-119.818436139903,1.49999656753789,1.24811587654403
-47.460865521085,1.88299316508346,-0.583936405091663
-194.072308222836,0.755107267716085,1.81831224689995
-195.263429942994,1.35409517698281,0.265953472306137
-250.544717893848,2.10890751189436,-0.26732040637944
-43.861984544259,-0.0208808069874067,2.06436097122059
-709.998830274177,-1.13497575500514,2.78533230067114
-186.738017604235,1.40518783698644,1.38150404536282
-216.147654384418,2.78994717289606,-1.72578504658304
-424.449706903019,2.62272372635198,0.355087613497744
-21.2068393674272,1.96121660842618,1.37049775492051
-110.315346489213,1.7421848575832,0.267487731725851
-193.585623584149,0.865122070637881,0.776811971431016
-44.0090878480551,-0.221599124313798,1.48722271084262
-117.408758453967,0.217855418624822,1.41755099753573
-224.70110974065,1.25806854935217,0.843960763319046
-46.6656425799301,-0.317740360813332,2.42242455254018
-271.026665751997,2.03252295097627,0.650371843988978
-164.557802811934,-0.493961129104719,1.83351772761125
-88.8426383070764,0.165026982314885,2.05345591052901
-238.83789622382,-0.411468437232543,1.28278551987592
-472.42377825404,1.03086635842919,1.12971524242676
-175.57230305906,0.660482824263454,1.30185145171345
-226.481470850303,0.249923533890978,1.67538893342135
-138.31559410684,3.09978539485019,-0.822679562901612
-14.9971041700628,1.12727154104505,0.746498921376769
-234.508485567945,-0.40686750812165,1.94827090598119
-242.266637259978,2.67475073077367,-0.560894211535924
-344.631856226428,1.51562017628748,-0.21413709805347
-162.77286894359,2.83850333576265,-1.3357081094
-149.980397489169,-0.420758944927002,1.612468254345
-73.790931165393,-0.976419073311263,2.04683341944474
-216.590377145265,0.324481576859398,1.66691452179657
32.5849643171823,2.72064723121002,0.278579630277818
-291.31083814826,-0.407678949195542,2.71142219972171
-199.186113816162,0.476707326079577,0.576727284176741
-334.449592538938,1.68937113230641,0.23452590443776
-210.736037290633,1.51307880939703,0.352388555082143
-216.81923867841,2.82025880122092,-0.689715096468717
-369.777007762328,-0.243330309996963,1.80438863439485
-355.324011024109,1.22523074320634,1.34929594055666
-403.38411820383,0.189039368256999,1.86714912589377
-147.304019973642,3.73097308659271,-0.584463049330225
-128.755266558932,-0.437346426631848,1.56280618234086
47.3170473648352,0.108224090581643,1.86349422391868
-75.5397743185604,0.110734119138215,1.04344831566414
-42.7514073096681,0.804135208178195,0.373841401291429
176.048329425008,1.60226058701664,0.350852184747055
-617.104508405818,-1.48743064675364,2.20862614577345
47.109826992848,-0.855280673160451,2.17852423707882
-169.003916296715,-0.779003206840571,2.53141144163965
-330.251576654796,1.94054331931693,0.896820712536282
-32.5001047685764,0.845066482390394,0.70080638233776
-100.325414105013,3.24804763379143,-1.64875901329651
-151.368825841775,1.14014998552011,0.870702131607686
-191.058889098993,0.595531117920473,1.11280607753724
-71.750165660269,-0.432800500260782,2.34168846409011
-181.273658071703,0.393563938501757,1.84654528996907
-24.4612520907685,0.98047621054684,0.589945051382529
-612.19386747721,1.84857796592405,0.35952827224537
-290.52337091502,1.0926319862192,0.531694973717094
-239.278456628541,1.78212829391123,-0.37709491015994
-379.258968193713,3.23675224217732,-0.0207209035870619
-62.8603106925439,1.86858739640593,-0.881509600425488
-129.292396535562,1.57703387361835,0.51151592280803
-109.084629545388,1.91321900562616,-0.0574920440267306
-202.403497041516,-0.842829299537698,1.3646554462448
-723.219218382234,-0.195059189776657,1.5742226067232
-156.871646292188,-0.907467096425535,1.43730735810095
-205.01549888646,0.015402988952701,0.335536473663524
-138.415510509498,1.8457278025453,0.237013321056111
-95.8886688434359,0.817029585465207,0.557755401678151
-200.681497552287,0.960645456128987,0.399493735909346
-0.467081773458631,0.63256107311463,-0.154031341975497
-80.9954718600493,0.0716975494069629,0.720570898629376
-121.865398734699,0.580217959141009,0.367862138489727
-177.155001684136,0.875580666601309,1.36409803485731
-106.067143790802,1.23928204936237,-0.314622387226905
20.7098616822186,1.78969699915615,-0.833577688139485
-411.525339371263,-0.866742404195975,2.03986034948321
6.76437034807168,1.66174760010472,-0.10945258945867
-256.535639848822,2.63440079113934,-1.32110119871504
48.4972297840286,0.547001505474327,1.38655444779579
-54.8591211679741,0.627045233064564,0.285903775471525
-247.205224605277,-0.227601269973093,0.835725511722558
-133.384862607796,0.681017119068201,0.327229974966031
-215.723375845326,1.57952195793041,0.264164511158015
-96.0321189200949,0.446533828420797,0.65236759185791
-238.185596705531,1.64072437849245,-0.566080199161661
-56.599072983634,1.21283721958753,-0.262079894702765
-81.3479900656821,-1.06267939746613,1.62471191021905
-494.04427062333,0.983445467816637,0.0284387907449855
-200.103418498555,-0.415695407878957,3.18452236025405
27.7187374365731,1.38285959524001,0.723645246172964
-239.758323366143,1.86886367679108,-0.131926230882527
-14.7680108072673,0.354353664122755,1.05852640157536
-96.4225807182665,0.0170280540041858,1.25713590713349
-202.978232159279,1.68022630998166,0.558916212656186
-288.271763745361,1.32637259172043,0.733419846597826
-296.111963065079,-0.269647093089588,2.10688716947334
-239.800170511662,-0.495541347154358,2.82590776868892
-235.631600314373,2.35537264656159,1.62286819494329
-145.515076508367,1.09741689473594,-0.0920215642254334
-118.370022216142,-0.727749203244457,1.57630756762228
-185.110147110885,2.50338938116329,1.38403906096937
-339.374591068117,0.559614332159981,0.242200914464775
299.202812575852,-1.64989812007025,1.82372726114409
-154.054326702055,0.11738886860303,2.70841820273199
-214.318803907387,-3.19272206462119,3.19722757268028
-207.283078537075,0.500500863199704,2.14816754854337
-186.331160259186,-0.202505183799076,1.43338677573229
-241.001555397874,1.19409591640579,0.262658275823924
-52.7278009908841,1.28289347804093,1.29700732973288
-381.58581038376,1.86531360400113,0.544135322474176
-376.833186699016,5.36322530986217,-1.76998346146866
-136.248953094269,-1.08980238868389,3.09719413505809
-424.563072376674,0.989120153051772,1.10500935930759
-489.719307352865,0.926813233105349,1.65590699366294
-221.653780826402,0.538754364650231,1.78641627609613
-470.221838856742,1.77977488106217,0.0589721784344874
-179.171104801615,1.59298316212016,1.41427070987993
-344.605122202847,3.83381668112997,0.262538376759039
-24.9203655711754,1.91691900639853,1.02027505860315
-143.806358611575,0.134185363247525,1.76160869300656
42.4824485893187,0.13511622310034,0.53642125618353
-201.37989311709,-0.438695694625494,0.997155199438566
-212.158833640104,-1.27865529077826,1.81284492628765
-20.4336707653638,1.46417376953615,1.56984273230773
-231.147461032728,3.98469854249561,-0.615338948991848
-49.6879750139251,3.14783108045231,-0.538496677530929
-269.719961668365,-0.191278445097851,1.52186316129519
-161.468268692173,1.15742221729306,1.07345098545193
68.8610388818488,-0.608792949224153,2.13778497380281
-152.829249713566,1.12638827042974,0.658480149926618
60.854470663442,1.05483333642769,0.844735909166047
-115.205351742159,-0.30998143800025,1.76627521510818
-102.167286466381,0.0362601060041925,0.785341767565114
-384.489526248697,0.651497091910642,1.67292029198143
-276.843326897986,-0.973999601133983,2.45297320338136
-28.7888367318374,0.0656645103154005,1.82737852935679
-286.193800456909,1.56911907927133,0.0865441526766517
-150.594585397819,2.32878410408739,0.217985758616123
-468.096264300621,1.98202451574616,-0.582062372752262
-6.52199958598067,0.709825625805024,0.576154172827955
-176.024813536409,0.625825920753414,0.653163441704237
-7.63688177781296,0.382669272497878,0.363130590390938
-190.467120755318,0.399218231177656,0.554116852938023
-203.327960982468,0.564942461875034,0.763849886330718
-125.352940609206,1.17148652353535,-0.0609643120624241
-6.87486223493761,-0.269060613092734,1.6765422152821
-428.780480192043,2.25723722094699,-0.532926148018305
-235.182055875717,3.76302758566453,-0.644891169460607
-524.265700989101,-0.987033628596691,1.23586477039964
-162.840291568609,1.90390187426237,-0.492535513844814
-226.001036838192,1.61540083278669,-0.362134617571428
11.2234703618158,0.860671145994274,1.68090986360039
-84.9476360270346,2.96878302113328,-1.47947776611545
-127.311150839429,2.36375231845886,-0.73867146865814
-108.028226492759,1.3096906952851,0.265469406076591
-178.777315497515,1.89747141732369,0.0368315016530687
-73.1139238789328,4.23629219482245,-2.07977180842136
-118.98541105169,1.87318384136597,-0.104041307022271
-294.297373019072,0.242254494725785,1.02420244041423
-245.535603900746,-0.567850270483177,2.49208296496363
10.4159193762462,3.59261802546098,1.0328754169168
-414.113407134399,0.0108168695587665,2.62626565271057
151.548350053432,0.244188609241974,2.29602485681244
-275.418676229179,0.539143595247879,0.155712707710336
-246.023892278026,1.25276241562096,0.67838215019583
157.071438891504,-1.17725172841892,3.04739051663637
-521.577067687685,3.02924315247947,-0.533149608589156
-26.1225710073122,1.97029748254863,-0.740857954711828
-220.894394605362,3.4202381628711,-0.327664677231951
-197.23125108346,-1.5310132857885,2.45292509408318
-461.19313434948,3.21329616037838,-0.787688251068175
-150.733571099263,-0.610147765619331,1.84203533968684
-160.165939275481,-1.62048500639503,2.75824468217616
-179.677950605343,0.894122649613564,0.865163632268377
-165.065686949485,3.64029889347148,-1.32049051346257
7.02556812857802,-0.638350492488826,1.81263195750944
-167.099097016548,-1.54516080558233,2.12926460351446
-260.43134448745,-0.520677780987171,1.70303897172562
-83.2797475475236,1.78870035943692,-0.615348640538286
-241.632800418112,-0.132664811542782,1.01295881318219
-76.8392340479186,-0.246856005353038,1.06247696392529
-257.758045784431,2.75697341893829,-0.434114564224728
-269.688728036374,2.65437686874793,-0.505494999364601
-171.721153746999,0.895904149772832,-0.00840509838599246
-249.809679128488,1.27751786181761,2.82262658551463
-234.82140094852,1.2357352320978,-0.103244127210928
-33.3871090924804,-0.0849500475160312,1.29977422698721
-289.635289732389,1.94582064475981,0.378179185092449
-59.0201736504787,-1.5551518260836,2.81657667639411
-243.924588565758,1.67657001741463,0.10091596631537
-83.1511673818532,2.3089332809177,0.165922557294834
-236.768870817265,3.00925774630741,0.806421589802994
-266.481222515522,1.91347137078264,0.120828254148364
-523.430238713656,0.126309438972385,2.35142837827516
-244.741181982652,1.04684768471634,0.550952525765751
139.08690675121,0.566241323191207,0.674358099509845
-59.7129662259831,0.357011107357721,0.991183455655118
-381.613832039551,2.4268248549597,0.131705661449814
-96.2216038365787,-0.617987543882919,1.72463136132865
-414.821570349801,0.680206992081366,1.06987312696583
-187.557639456165,2.72060643197619,0.0359927993558813
-151.629605517766,1.24113425759424,1.67835524186376
-236.974585742864,-0.146141645120224,0.533033478772268
-286.441239571242,1.77257660452597,0.857617971429136
-557.127523390562,-0.0524015937953664,1.64453104105633
-383.940600722795,1.46909167215199,1.23737534194152
-311.524930006504,1.84069374804494,0.979032797560649
-206.963388478442,3.24809123721934,-0.0347849692798263
-348.199104143438,-1.49306319968309,2.35513097456715
-259.042086178102,-0.352280408500519,2.27329693159845
-824.676744128788,1.86565379840613,1.33471159933174
-281.032347660148,4.03836500347825,-0.430377576631145
-453.128858139935,2.52942435754812,0.0974093747208826
-97.655735325157,0.158793689653976,1.3263249369711
-103.87477209614,0.187404374706603,1.62583624647232
-322.699362090192,0.940585906852903,1.28662276607065
-178.14018941189,4.00743083964335,-1.19441733115673
-470.239683075771,2.49692368449178,0.283560071737156
-40.4262077893945,0.978659647160384,1.98362247826299
-85.326052126271,1.37767122282457,0.0956440324443975
-275.952436200218,0.174911663023522,1.51580622174515
-19.1103450709925,0.973480106473289,0.107195697724819
-70.3536677434145,0.253991732024588,1.64477283874294
-168.082066194016,0.390101357275853,1.19485367281595
-131.146960672573,0.290408423683402,0.571500413114336
175.073995320316,1.78115618674201,-0.3707325535579
-78.5109552742797,0.456129831065482,0.899313532223459
-148.652716295401,2.07342634841916,-0.0639979077823227
-60.626785935965,0.0923412039119285,0.83929780292965
-55.9717814215801,0.38866957508435,0.672419477967196
-328.556227250287,1.39459261027514,0.0417598736094078
-199.978758102341,-0.838861320837168,1.7516587463615
-222.713675352454,0.900928628776455,1.10830403349246
-65.395794827622,1.69898731351714,0.0363342479231505
-161.80383977117,-0.833929548869492,2.553895727091
59.38272549877,1.28995389143529,0.615315916395048
-327.136080997952,1.48206025916443,0.613694822837715
25.0739800777556,1.4573988230477,0.7011099455558
-206.619830645737,-0.909779138313752,2.37730445065245
-171.082499713004,1.03666801212967,-0.0854320508951787
-283.108609688148,0.867228493872972,0.538902280139155
-197.009758363463,0.263715192471864,0.592339242095477
-226.630314675145,0.689325099650887,0.351721726183314
-109.392134267284,1.23852585746499,0.703078211809043
-22.1165386222128,-0.486832800801494,1.29981896065874
-185.517902686726,1.81403859215789,-0.293307353276759
-110.797972123999,-1.00773536063207,1.9514641900023
-13.6411991951991,1.03283341464703,-0.751410965860487
-73.093961107119,1.2555238702771,-0.684497126640053
-97.6962461377188,1.17273443032173,-0.164641632072744
4.12264288289589,0.683390404752572,0.0522152957437356
4.00958396222268,0.615392803680152,0.76423522560799
-165.014595126374,1.70863324170932,-0.348523578199092
-193.767509640486,0.263391259883065,1.25808048876934
-12.2773852250539,2.57326647828813,-0.0918147940246854
-292.939173085848,0.923458699289768,0.438521736696202
-3.22013661741221,1.33421388626448,-0.599650385127461
-18.3292908081057,-0.3860032971279,1.15211162301057
-30.9816913466966,0.204579090794141,1.02192516082687
-216.858888591058,3.73457089238218,-0.889057045093068
-18.5985555529332,0.298129852395505,0.791771156320465
-354.132932682178,0.58097357393126,1.38638375693699
-154.176880019178,1.68067348968179,0.496105738595361
-152.972556943445,-0.963671069999691,1.62648652338976
-537.198069468235,0.524685485295777,1.18404364809976
-14.882159871875,1.76323251933354,0.460019661819388
-51.6330768812113,2.16612588654971,-0.532129308305798
-638.920834728757,-0.461744046406238,1.53612757749215
-173.650471776433,3.68273514440807,-0.178023010186735
75.3100338624063,0.959166609141903,0.48228113289224
-280.607415618899,1.55924434839108,0.211616318300685
-99.587359648358,3.53173378668725,-1.22634870666661
-260.361642653457,2.52031999425526,-0.158923803446669
-365.942844612524,-0.0298120753723197,1.54742084455211
-265.115493870129,2.26720149668836,0.318932109134039
-257.003564059087,0.0527158149052411,1.37765386193229
-203.112311587258,-1.12039696601005,1.74026788158517
8.08756155478477,-0.892460306211433,1.25722611871606
-201.377543525727,0.155821029635263,0.861982309170344
-376.586074239885,-0.29347338459138,2.13370838995615
-266.660418071588,0.399507020934834,1.90601615245578
-156.79879844145,0.407367517735111,0.907921788748354
-144.577372386979,2.25878046760863,-0.939665454643546
-224.891690969147,2.01776579595389,-0.322125332149881
35.4161827780699,-1.38291037101226,1.49651866124623
-119.224940078086,0.581319457349309,0.978085599082988
-208.076701992904,-0.600057952469797,1.13495083704765
-214.904221233533,0.837596218625549,1.84103536151815
-27.2590411128767,1.0318856946833,0.469338232120208
-578.035212346134,0.0759023228456499,0.621725838951534
-156.71202021245,2.01233024845533,0.0722059518739115
-241.035002851961,0.69963891610314,0.727378721632704
-42.784076476406,0.248587790207239,0.929393693171733
-211.506349280447,1.12045995987137,0.299364354446425
-62.056226919216,-0.617574222938856,1.57597279325273
-50.3238022635196,0.681091628182912,1.52357561538884
-183.679509805595,0.931533508177381,-0.0993615965708159
-263.058902541816,0.722957201083773,0.288973120599621
-76.4584502791404,2.17372897468158,-0.476432909734285
-50.3587497143094,-0.590455401019426,1.38748503114402
-162.598481591987,0.595650305614981,0.443889424481313
-222.8238145168,2.48302006062295,-0.362381864972122
-236.836937745538,1.05700748899835,0.589519621166801
-264.227261068299,0.415302490029717,0.943479351506539
-137.101392638586,-0.136338543525198,1.53556447719893
-225.59780124075,2.0997806674859,0.531612201913958
-143.53067139996,0.755454926693346,1.27418835298158
-449.261544503301,-0.00180379401717801,0.436713922674244
-118.475382451501,3.03228899571695,-1.14701943238833
19.7205999421567,-0.250863993554958,1.51386712613021
-41.4547167147502,1.77714106234635,-0.361131987301633
-38.9976573809836,0.671288887358969,0.126959631379577
-66.0807424043887,-0.119604590057861,0.511729408590327
-60.2156140049919,-0.710184458599542,1.2447225273645
-172.720649811054,0.299774852959672,1.66437103468343
-303.320187425008,0.38398499743198,1.03854499636509
-124.884907105501,2.76446021937591,-1.1950504305787
-85.5703403686566,0.655606598040322,1.02717124740593
0.420997594774235,-0.755399900572229,1.4605723535642
-375.605581201409,-0.867244861801737,2.42243357599364
-199.296738265664,0.488442102890986,1.00904565201199
-55.2963453074044,2.58399236854166,-0.944477868979448
-191.991735691234,1.07822978892364,1.48964091894413
-76.5387732473155,-0.100606994252303,1.55886598723009
-299.168196113962,-0.216800908223377,1.08906468603527
-53.3418489617106,2.6014347072487,-0.358909237875196
121.409225807816,2.75322565520764,-0.187100697992719
-266.112448456353,1.5412463608809,0.611810665548546
-7.12024895683862,-0.090832721136394,1.63785369144171
-91.9035824928724,0.245734081603587,0.424253563614911
-148.78194797819,2.23730716385762,-1.05932830981328
-148.063141945779,1.16649718427652,0.38980041234754
-54.1150473887719,2.42418223812274,-1.24483883878565
-132.683106779936,1.273200223397,0.396803196505061
-474.293674650748,1.86109847594457,0.0975696068271645
-435.50500504901,0.970722671219846,0.59033407678362
-37.6753628369697,-0.226321619971714,1.39618047839031
-102.388503970615,0.481879224578734,0.662018618677394
-268.787167229802,0.138721768918913,2.24298388646639
-273.69972375159,0.680894091332448,0.141112770377731
-92.177467327987,2.93574859271757,-1.02756363380468
-149.395630929226,-0.885499025207537,2.0367701620271
-187.337738777278,0.864128250803333,0.382431556179654
-187.940414816898,0.607960479072062,0.440359460495529
-183.675338525718,2.20853174389254,-0.529094936180627
-65.7110044118308,0.767666249341346,0.446246860588872
-56.5331678558141,-0.484813409704657,1.45908433858131
-203.464754971388,1.70295894754599,-0.341778234869707
-150.322923539967,-1.38244560744351,1.59991149555208
-143.764235855451,1.59025441017002,-0.383903257810744
-177.087283731067,0.385346290859161,0.59218087712361
-75.4578126710794,-0.784064306601067,1.50501598314804
1.5989057104307,0.703670710347069,0.0888960334377771
-198.697909209775,0.581639578929753,0.312724068571697
-53.6850022457656,1.19956270694092,-0.0742132337472867
86.6938275686152,-0.43943379049233,1.0832050886529
25.6354716531132,-0.171280634618597,1.06018788547954
-27.3852154039487,1.32721456073341,-0.045543812602773
-255.668710950631,0.631748256550054,0.614300315079163
-22.8033667779819,0.283983661431648,0.653031644818839
10.414548065819,0.777906260394957,0.0409749720020045
-153.369515347633,2.08084603070529,-0.988439906388521
-175.070833210586,-0.416551060348866,1.35697285400238
-194.592972055652,0.683849990338786,0.443929779939936
-166.170221473076,0.377252015583508,0.271939828526229
-185.908319070237,1.44698864792008,0.359864597179694
-75.2962018142571,0.321535209397553,0.00508893866208382
-95.3000908688991,-1.59196917248482,2.49203554278938
-205.265790071986,2.1263765252952,-0.595892265945622
-53.556108589044,1.22090311490319,-0.0376495723176049
-3.44807112061244,0.446641808666755,0.160602080519311
-61.6060603312799,0.506351417016049,-0.215509474946884
-90.2729324601678,0.300638109285501,0.760665799043636
-311.48621510909,0.32212478632573,0.797987904763431
-28.7014258814197,0.949961899626942,-0.221726835938171
29.0070892202857,-0.207201610865013,1.38112820663082
-12.7884571328905,0.815313519667143,0.259433372699277
-180.845844696767,0.923284638993209,-0.0759783543762751
-76.3878139597655,0.00958787073614076,0.749901289512309
-116.67811538621,0.744741628484917,0.132048256501093
-361.846379375571,2.44493465440246,-0.213911551061756
-25.7232162310684,1.6080451089183,-0.336142268177355
0.626201536186272,1.27200761931817,0.592081349554064
79.5749100972025,0.723575163559872,0.460126842756836
-318.181834726638,-1.89261655352493,2.7886534894642
-64.4062196430314,-0.00741737333009951,1.63310123726114
-67.0226506765357,0.854134757886641,1.01097551746352
-250.904853990949,0.85422132248641,0.849731922833598
92.6963347181736,1.41767549701763,0.171119626844302
-122.691499760112,-0.960936572693754,1.22351518116193
-307.679247476966,-0.468653648194959,1.57254642931366
-82.5356271492492,0.703158835218346,1.65753063192096
-133.706841524894,-0.284199590725621,1.41643909404957
-323.685530603107,-0.126874243411294,1.35241539185881
-0.384239044415153,0.691118924383773,0.583629243075848
-349.281658594788,1.88470848319412,0.131081654857553
-35.417544373413,2.09190980981657,-0.44998191621562
-134.430716834642,1.87449497182024,0.0697936511860462
-368.244376696341,1.62270842777798,-0.456392219995905
-113.218631103144,2.40578302284121,0.007750415141345
-115.87063845346,3.38361137035463,-0.763187503660447
-102.717742434819,1.85257387179445,0.64746853269753
-283.853241945035,0.667837332250201,2.63716930111696
-136.439671389817,0.889355087012518,1.34231964734499
-232.627361086212,-0.224319312626903,1.32581014934112
-139.211412478711,-3.04220377038291,3.71966642758343
-172.970864561823,1.28183625323163,0.979226318275323
-166.977978452414,-1.81430180991447,2.42863800395571
-165.147572497604,-1.86187372208224,3.11392768382211
-292.255010290974,0.459032956452575,0.509160251327557
-226.551373853057,1.40823011416069,-0.455826063480345
2.78245997380873,-0.283892527593707,1.26650632887322
-195.865855064272,-0.0623786619544262,0.816492890362497
-56.4678197015455,1.10672688759496,0.0478471802198328
-152.395609051098,-0.073986691335449,1.62279853147629
-57.0598179420995,0.643750216346234,-0.0631544999487232
-151.349958724852,0.33497338622692,0.784688183222897
-172.858878046711,0.840332956184284,0.409293122036615
-352.410372340004,-0.672259637649404,2.07361705433505
-241.302057363064,-0.271213051062659,2.44403832295211
-283.671816908376,0.875527991131094,1.82813674824865
-196.097522305805,0.895046389901836,3.11801080171153
165.934250720898,-1.10969260628917,1.90529057127242
-53.6441488238888,-0.114175770098882,0.465411825913179
-216.339539569672,1.065582461335,0.892564686306287
-91.3135807502986,-0.157363477315812,1.450671296785
-54.1093906153401,2.28589453053428,-0.0792649602080928
-58.1614030545625,1.72219436300657,0.274832927825628
-141.680499458759,0.446476750570582,1.37485824327086
-436.275724404666,-0.314584612176986,1.42515916675075
-247.218098359779,0.692062567468383,0.861233155927039
-452.310393268232,-1.68846371552081,3.13180842284055
-337.858362879357,1.11931579067095,0.829382935762624
-314.696181309599,1.60506830310624,-0.00410666269453941
-271.631887988337,-0.860534652252682,1.11916494270554
-202.651138626388,-0.501160902305855,2.84789161809022
93.9095758297699,1.73908767884132,1.2257698745525
-245.234810201771,0.893647915057954,0.647733337216778
-13.9836476188648,-0.30948368038662,0.708214863436297
-238.665679779493,0.919212466542376,1.05645094289503
-482.478080866858,-2.72552178005571,3.08160687251166
-246.069048561942,0.866842719449778,0.859653429593891
-200.312989128128,1.88323326228419,0.952373323802021
-150.923733837844,-0.0690143683168571,2.50065303710289
-346.464148061219,0.235879371524788,1.58023358146602
-193.263727127647,1.89103734252876,0.4022639400755
-364.201381148683,0.414360775859677,1.10422279202612
-98.2594399255177,0.55111732459045,0.356196279477444
-196.593099300138,0.0328798146510962,0.740002705599181
-156.857375193511,2.43988517102116,-0.700263323553372
-161.458749545236,0.252499757189071,1.53179848247964
-274.330910906636,0.511295705713565,0.459810172833386
-377.327331376844,-0.783674627105938,2.30590933224448
-220.46762858361,-0.658491605339805,1.96055640399572
-234.445160624604,-0.367970615829108,1.2424693343346
-9.6968584106653,2.42412086583499,-0.758092527568806
-471.521986734355,1.27032904257067,0.74160370358004
-178.589298222905,2.64300667147108,-0.874422049226268
-71.4145282225072,0.645119569278904,1.21378924598321
-372.281291268686,1.50402951646538,0.996072172873937
-128.564769741555,0.409943399608892,0.976951828575693
-168.831063690755,-1.01656242350964,2.73258836043533
-93.4001709004224,-1.1488572531598,2.08443920280024
-189.25825134572,1.19051635257347,0.33360991551308
-153.981709010193,-1.59641402944999,2.74366568816185
-210.977618685671,-1.13179601467709,1.63988047395105
-82.3579279993355,1.16085552791992,0.212457850746432
68.6999619894668,-0.229221336558112,1.24482931548846
-188.461753052892,0.710284927587054,-0.0990946005476872
-0.407703580713132,0.660246342347818,-0.0408378664315023
-129.994514251361,0.229334968491457,0.639094921880314
-10.831115507146,0.515499767083384,0.189997633715393
-58.2236031905049,0.720882682566298,0.162039086337245
-6.80171442354913,0.18616857669258,0.523415772942826
-87.8759864057065,0.398557534965221,0.20851184393905
-69.75210237797,0.720131921683787,-0.0606669561675517
-58.2088956039515,0.34941859554965,0.045665746438317
-43.7895550647663,0.0369248335773591,0.194028745579999
-50.8460984964622,-0.475854072758011,0.694922649636283
-54.3373087302393,0.129196468056762,0.151732744685432
-54.1454088943865,0.61083078799129,-0.190011060360121
-56.3180534005951,0.314859626721955,-0.0106008485818165
-35.597699909209,0.327686604876362,-0.0111023914660109
-15.8207643666537,0.368159087811364,0.213690718941507
-27.3075012888221,0.166032246561372,0.298013104445999
-24.9537212307478,-0.280946303726523,0.44787334245666
-36.5098520442261,0.399052458297774,0.257385456236079
-100.53314193324,0.757309574895771,0.030354649840433
-22.5634800613989,0.63007616478717,-0.207008315672283
-107.974698193924,0.118641873639717,0.567520604810852
-134.386658296324,0.700529465830186,0.16236987306911
-84.8985130055953,0.50295634934173,0.35468353169108
-29.3363044670841,-0.517513232309284,1.04661004428635
-91.1763188744953,1.19257413002197,-0.0571421493004891
26.0052194602977,0.673958277417114,0.194632408369216
-73.065631933554,0.154917492545792,1.19705060435808
-206.332594338019,1.66481781551556,-0.077380409817124
-121.689994637873,0.694248549554686,0.521679793586372
-163.395589142077,-0.459177570170141,0.955331473960541
-119.798655109656,-0.212860393919982,1.35946487986439
26.1944378331682,-0.752097913355101,2.06670020372076
-155.593257779467,1.09052524401341,0.144229321846069
-153.434823547585,1.5479948657885,-0.707996104116319
36.9711082704598,2.42179824600316,0.0763024185434915
-284.347325384442,0.611470192956403,1.49457930464996
179.942491556709,0.293813003725518,0.0888389735191595
-236.370031311584,-0.0539203145453939,0.560314486312564
-170.596287665387,0.580280985173886,0.907996002264554
-389.104954967523,1.79907839694715,0.416975416999776
-109.0983105782,-0.0607290359475883,1.6988133896084
-249.160415019331,1.41698748143972,0.199670745118055
-3.78677753725606,0.522172331708134,0.699199059396051
-80.0791869698442,0.674806328010163,0.524995999745443
-151.386477019085,-1.14574117345182,1.90338668746153
-82.5344349595543,0.454233194286644,0.776562405619188
-128.32393620869,0.711533591922489,0.378664701755042
-164.190990359348,-0.129143318947172,1.04872580395022
-61.1234143833572,0.673938976833597,0.405428233163548
38.9654765621526,-0.340695575476275,1.37603674849379
-234.729542582209,1.61629818211077,-0.462020612871129
-17.7121626186708,-0.883410111786361,1.29809629687225
-274.393204633016,1.66131489843247,0.586238739819237
-91.2161482572174,1.25703819673799,0.0554860622505657
-94.1733092599898,2.94936419004807,-0.82460131397238
-286.366966425194,0.935188205636223,1.04875709748012
-153.796912530386,-0.0546567883720854,1.57069275123649
-37.9701926342952,1.68957295784639,0.371600990823936
-167.159017779253,-0.891688152390998,1.70129353735865
-131.71568356792,0.608280354608723,1.41724867324956
-350.721287929162,-1.74260786821833,2.55688696005382
-115.760707471822,1.03555329808296,0.259323310969093
-342.045278083773,0.620295730758585,2.13933034011279
-24.1869152446111,0.577859601813543,1.57751984479546
-396.261915801588,3.36278669994499,-1.08662467282102
-486.151626421517,-0.583606243693794,2.1176973052934
-134.329871322625,-0.6183019146265,1.49835174552572
0.745784086364438,-0.181877506550336,1.40684530604631
175.995029751299,0.585638149237639,0.63679423063877
20.1572046668734,2.65769824157542,-1.21236482143286
-369.267665583058,0.593856843770482,1.13248095838935
-91.9856603737207,0.735951734066475,0.0540598384068289
-309.729994853638,3.13571437544306,-0.200616832211381
35.7562222076667,-0.141991813194181,1.61752106989297
-125.615790329131,0.677311184612336,0.794997371540376
-55.6443645870095,0.426208816235885,0.750110873217636
-174.595506745332,0.692614950967254,0.495188651165336
-70.4676082802798,0.228401339816628,0.807302714706111
-327.768056585221,2.59614162013168,-0.908085478717112
-367.007857453464,1.11632333783928,1.02298888338555
-154.326846111057,4.31214702790021,-2.46830917347143
-298.125166653284,1.48305403935228,1.10939090925262
-308.676012259777,0.156219976139255,0.87674723060627
-502.371002900985,0.669449250708347,1.63187547758571
-36.312092417691,1.8451931176678,0.914417573385435
-311.397881273413,-0.94633819021692,2.82207013765424
88.5565607939552,-0.757850431895349,1.74162570710178
-277.686164954386,-1.43670947042119,2.42803184862839
-18.7305727774947,-0.655798028002209,1.75620908632118
-518.682258141169,2.88901770471421,-1.09869830522803
-301.299702578312,2.64647019763652,1.02395144710681
-18.2143152443241,-1.68487675384904,3.11233635450481
113.763414881614,1.32760246827092,0.905101499927696
-288.4292410661,1.23444597529306,0.508522853488103
-270.639179907208,-1.20101548466482,1.8059120910475
-125.094212738535,1.69111072918167,1.06794132641517
-353.021247322788,0.855457438592566,0.493864429823589
-296.746759446891,0.782282101565215,0.488464132271474
-116.161693641521,0.503953378356528,1.34743261657422
-219.541115161701,2.98409927129251,0.00865269311179873
-237.258743259486,1.74351560403011,1.19051317416597
-61.3860857269392,-1.81033421316533,4.12456659210875
-161.865663273522,-3.0620170262082,2.44087678968936
-124.01625927756,1.7483342981941,0.520605625708413
-132.821044710363,0.433974565086828,1.29589689716522
6.7111245469423,-1.65611654880922,2.44917871049256
-125.560686322016,-0.805271675053518,1.76704391603926
-147.828740145982,0.266964633952739,0.543220569190453
-288.44276319237,0.256046520478776,1.57943151110521
-218.521078933725,0.604215405033756,1.37899748498057
-173.054958772761,-0.0501078437082469,0.936045376023685
-119.864771503038,0.765774912732013,1.47299591716728
-90.7128684210184,-1.13077334949048,2.46763258209103
-47.005682163137,0.227718722060672,1.17100413399749
-336.382048899744,0.609874460707942,0.697592949669342
101.79391301969,2.04726694023702,-0.202249419176951
-91.2246847135975,0.202811894925617,1.16695506080578
-295.450951927625,-0.721188917624204,2.30956774766673
-194.348734858257,1.65375521395617,0.622806552841212
-826.365722205752,1.02205919040716,2.49135013737396
-261.242028498798,-0.905282641280792,2.17289828254434
-402.081664374658,-3.02980427214061,3.34711899649119
-6.93146281621739,-0.120494455506559,1.27936245789169
-366.916144455085,1.47042143982253,0.0585192133148666
-153.380468402822,1.46373731075073,0.487042753375135
-39.1239788389339,0.279090572497807,0.48601883937954
-283.704940393935,0.469045259873383,1.55118539842078
-412.794822307973,0.0105541491066106,1.57165720518242
-3.97980810675654,2.97500473543187,-1.05358598165913
-254.466457665258,1.19042058059131,0.182576780402087
-503.190742345709,-2.82277646844159,3.76447408656503
-560.790412817449,1.31664286840532,1.54820268560798
-210.607764178854,0.748876780489809,0.803676539246226
-15.8950343615288,0.274691267550224,0.281116872807615
-220.514069241797,0.473146379572427,-0.22120018124042
-52.5138063529521,0.656507416693785,0.136662666685879
10.1066533050152,0.553235520485032,0.222366424044594
-26.491634759077,0.0891551280710701,0.878738719035027
-182.955956690454,1.24201419958263,0.848908789892448
-63.7130377579233,2.16725675064026,0.913715989336197
-69.7411138386524,1.46046483967802,0.516125913651194
-21.5755150273108,1.3628802067833,-0.13069476455712
-117.182598019777,0.104312458977802,1.23474253481254
14.8995260745178,0.436693972020294,0.681460128995241
-145.388619582824,1.62237619989901,0.645916821285937
-347.138068330227,0.840125987437204,1.85825504131844
-88.6508281906426,0.852997492766008,0.28422898214194
-147.768099806985,-0.656853753112955,1.93931663148396
-258.546591701321,2.5589711695502,-0.0791646079896964
187.128342197713,1.68961275384936,1.44055265298084
-153.141421400767,3.75687925782404,-0.597076967940666
-226.498725215191,0.141753836396674,0.912316865695175
-192.350354570415,-1.49779777708318,2.21941808020347
-155.549664102989,0.835845934285317,0.37616214841546
-154.897980693859,1.34432941261912,1.19551320062601
-227.692642944145,0.478477779208333,0.646206985762547
-134.091276523603,0.223590123590839,1.60522349604435
-274.403523748319,0.675000538278255,1.58936350349586
-37.0219246505585,0.107555702445097,1.19227589856018
-58.6504474241519,0.824026044308994,0.604617345088627
-295.491929218493,0.893616094224853,1.25238090060884
-289.086968474021,2.0927033794942,0.000885680361534469
-201.82656819954,2.93245648044103,-0.593026088521583
-163.412632503356,-1.01048960898333,2.75147276852658
-434.699915085686,2.10841972514754,0.175406825343089
-258.808492094104,-0.843837759632152,2.4599770779314
-167.056366608318,-1.00662007274514,1.97708636359312
-209.785878038776,3.11906845268095,-0.547493118938291
-113.760321576847,1.59247052378487,0.848180403874721
53.8943881374726,0.589121669076121,1.13667037206324
-568.099357145809,1.78346262873674,1.50335555539027
-202.077579029297,-0.796176819967513,2.10878982382565
-42.3954169266362,0.981082227266597,0.434420662830235
-90.10178530126,0.931437552004354,0.736707617841603
-39.1011704547291,1.921041098758,-0.456475607268658
91.0250715014008,-0.0129444788035471,1.44881691993214
-150.87897126934,0.344802936248016,1.62614461771955
-239.31874109988,1.48327612248249,0.0146625371708069
-60.0190798432595,-1.19283496854769,2.1459707985523
-294.932838428238,-0.556346315283008,2.09099918794527
-184.788526936172,-0.950214727117782,1.64382028131513
-228.562942438351,0.923771895148093,0.544892723624798
-190.703399531893,1.79547557602928,0.508129981666571
-392.69273806375,1.26429505177657,0.0139738650468644
-107.318975864619,-0.83916814380791,1.00121772925195
-307.165051611893,-0.997238432100858,1.78356792236445
-104.601099899824,0.200829556546523,1.42785274294874
-56.6933780566251,0.963726469638459,0.332422678999137
-166.219091182633,2.1583008067937,-0.292071926807694
-48.3946331774205,-0.00640620800550096,1.1183164710892
-277.744970707674,0.606633142626379,1.27787005610298
-122.751268099388,1.51630042935722,0.335315916559921
-132.616545109049,-1.92309443195154,2.69886359611701
-105.374156362475,-0.375130330234242,3.13001574647933
-482.53596782306,1.53254949740949,0.0501613154483493
-350.147989473859,-2.16200224462955,3.77014007276068
-358.196042717507,2.77619744683034,1.09954429070785
-342.020902316988,-0.914453964513086,2.45893728290685
34.2064939275297,1.33348525376641,0.297011672868393
-255.149967110323,-0.274697776680114,2.30765497458924
-136.739356256411,1.20460259134416,0.410975275925011
-427.506415746328,1.12637646106668,0.83845216021291
-541.993572317624,0.581036931791459,1.2477418466151
-319.067747935376,1.65458529034004,1.19802768664522
-204.053554616949,-2.13947617074882,2.58504899634863
-346.823860677468,1.53095362968452,0.29870976494567
-2.93850473420753,3.75711343839066,-1.15633836071356
-97.7464908870752,3.31986086982943,0.066239309599041
-15.7886858214697,1.90883363453031,0.322351438800979
-267.741008068639,1.00596334533475,1.3498776901215
-540.768125492803,2.19800554837275,-0.829726754251169
-191.834089252559,1.67607892549131,0.0229773751634639
-113.54488536407,4.0120206639458,-1.69342945952667
22.0418356749724,-0.480151235984522,1.3285803797844
-233.687617864562,1.12676320882747,0.639054125960683
-151.733508217309,-0.550126576235925,1.98097628279356
-165.268327891645,0.786423977973755,0.153516178703285
-86.7414809727197,2.07147013118083,0.940222275745327
-72.4783218402263,1.31127749607549,-0.817653900732694
-128.103581686575,-3.49131213423425,3.88456304983265
-325.327949067134,2.48284454469012,0.292201927550195
-375.880265177249,0.00256827005068772,0.913438845367637
-137.003851963425,1.49487607860647,0.964055085074506
-331.493002242849,0.442220534750959,2.0546753751114
-220.639763497054,-0.625562561879633,2.35912962871953
-207.258728692192,2.09372807540058,-0.270598385970516
-615.215141405759,-0.658379986693035,0.724205010075821
-84.010374567908,-0.281985492372769,2.75119321467355
-7.95254661007493,2.45539860539429,-1.02099750800699
-358.823629762393,1.4000765515666,0.1612378746795
-399.876783771993,1.62228728172886,0.613161459339608
155.528382644785,1.63727414951427,0.955262691666576
-240.681039004514,-0.750602317566518,2.20742286720451
-272.023484492332,0.955518776143435,0.0918825762928464
-64.6159797907385,2.65063404930697,-0.442416522583841
-56.8537233141724,3.49504315613012,-1.07931752976583
-451.01686439378,1.23558184938156,-0.0887928656884469
-333.856632279698,1.57691046103719,0.652009461962734
-189.851090958677,0.207406315003027,0.817114943647994
-45.5008944881847,1.0204210334341,0.0816322961763944
-361.625239679068,3.26944996973907,0.13372529112894
-123.055769196711,0.416062994016102,1.4677662748727
-379.16949495567,1.3120432018477,0.388487187505234
-384.306699573546,-1.61645077458525,2.59233199288428
159.375725236387,1.23484744774032,0.0333410141029162
-233.100194328217,2.09855293601868,-0.230297869988135
-29.4868522069301,-1.71094711957267,3.13642634813732
-541.37947927636,3.03468598499603,-0.698916776840633
-298.247589684393,-0.415348194597755,1.76345838889301
-235.218552389735,2.08941779911402,0.847936025093077
-194.722287555545,4.97208571312513,-1.26710125034879
-200.540089936978,-0.316701612551697,1.97994533267047
-482.688147643974,0.717036878158979,1.36837512088823
-203.318945954361,1.39076432475122,-0.218605125002796
-167.969821044535,1.7044300007874,-0.579626247941633
-310.887438741833,2.76200113058439,-0.549496814855956
42.0471184159105,-0.651647847960703,1.95961274686852
-138.404857527377,1.72054278592987,0.685221218856896
11.3299284585082,-2.45449443056714,3.1595903790876
-35.8746514721279,0.447592559420627,1.97745742209372
-258.694723871995,1.00750488865015,0.968881675158627
-303.669365767411,1.73281657393454,-0.450084944022819
-75.0524091979678,0.254372512135888,0.946581296694603
-128.854251924844,-0.499104117567185,1.41681269436958
-112.981550538228,-1.12320640831786,1.82876073211446
-43.4104715387693,-0.32971780304797,0.964112740570272
-152.903649457148,0.0738158520543948,0.259491733224422
-115.182965691618,1.03531082395057,-0.178951771413267
-154.943462680138,1.12788683652616,0.427693011119118
13.1139479633566,-0.0302384369351785,0.93526135502907
-77.9019024328154,-0.362174652818794,0.819073821185157
-135.545748954679,0.789752541779308,-0.136466120480691
-11.9798482174665,-0.742203119967598,0.919700514845317
-100.11985804388,0.57530114313704,0.335848039863777
-22.9314595936412,1.37863402598305,-0.481456351291854
-95.0978101779183,-0.542361366799014,1.21608696631756
-69.415487356644,-0.50122607186222,1.60350307944464
71.7916500672,0.980054648236546,-0.13057880220731
-104.590026563179,-0.0642424240359105,0.553364904801128
69.0962320727813,0.429544697639358,0.641957306055701
-70.9242271923904,1.45710555190453,-0.734008201434335
-5.70220119058649,-0.187766739400104,1.00230874641056
-139.463752264433,0.864620145101071,0.0427939205401344
-260.547429377129,1.62778374095797,0.480913687730208
-92.0601059461478,0.276915767666651,0.139729302725755
-150.172426999561,-0.34020970381971,0.671761616365984
-89.4831525768786,0.876137760293204,0.498535600159812
-81.516235195013,1.07796766117099,0.351484554179478
18.4936959228435,0.642390326072928,0.179187582118175
73.3724026113778,1.26082164208492,0.423893836792558
120.199287414456,-0.246493207581807,0.542451532055566
-74.5905930012013,0.325472386000911,0.54427026725898
-130.854502063068,1.8816030079397,-0.367418755608014
168.369164061442,0.535925653039158,1.27229759984766
-99.169517644521,1.53630357974907,0.044952170457691
-58.1320750317973,-1.5624515429372,2.28798173979158
-203.972291946571,1.21932751850431,0.302389786025742
-84.3666785785505,2.20417117713077,-0.390603998283041
-277.130817657599,1.09893423689937,1.1494627740758
-171.758801272248,1.81017607167752,-0.548590127611533
-215.46718954973,0.775948428534321,1.28181650796614
-513.053450984968,1.93709414255318,-0.43838318080816
-53.0442657044114,0.689710238220869,1.45812022004975
-83.7979010471172,2.19340284581995,-0.0902071750097093
-65.5449144118538,2.2134835923498,0.59609650913626
-373.126890272342,-0.105670303358238,2.3381637130733
-364.792629227643,-0.741565886492026,1.99018506285938
-120.527671882969,0.724111658171751,1.10146259193425
-75.4394751863438,-1.66610240562295,2.19162409663113
-114.044304240801,2.17235955913202,0.76177002764598
-292.035458611441,-0.366437116172165,2.78416197533079
-91.3943561201158,1.78849101613741,0.645599366645911
-290.668156974833,-0.719705870473263,1.16685315239738
-578.781441518215,-0.466766877943883,1.47492752828111
-742.284205632161,5.02319262818492,-0.857529144086584
-45.9381491907989,0.40874549329601,1.26917684011278
-260.896005443356,1.82753607253835,0.890073908885824
-308.583217870739,2.83627171361877,-0.308130759905907
-330.820788322024,-0.231291808115202,1.48776495232596
-459.050151440171,0.197075363303156,1.52027848278522
-309.519888335824,0.878938379326428,0.559848690289073
104.196218526369,0.000683175270751235,0.488281427242327
-127.767894524102,0.411646264387855,0.868254172585694
-114.478358442349,2.031190136433,-0.399990715130116
-558.611875272589,0.375545469669305,0.425814144255128
-411.325844658535,2.48788435848837,-0.228427114176156
-39.8463945283438,-0.915145268911147,2.78755315707531
46.6748008492577,2.01667173899477,-0.59752978105098
-416.501324698707,1.78971635802736,1.09807214821922
-215.067255433016,2.25375994574279,-0.152839085138112
-380.107145276983,0.363031857821625,1.52043207480165
35.5229669959517,0.163704111910192,0.630898054558202
-83.5914957233636,0.232328494399553,1.2251311831933
-171.230412388541,0.79951587285359,0.53572717194038
-478.089587457151,2.17134295066353,-1.37583327724133
-399.1638099029,0.167245324533724,1.29087513550985
-354.225233219055,0.221231143088517,1.13256797063514
-153.87479647396,1.92745459193247,-0.246408678591251
79.512062391208,0.682073829564615,-0.0994017573830206
-191.911364994539,0.222293125261785,0.802978942592745
-479.428014975929,0.451600233189311,1.20470277850109
-80.9080419730599,0.476402174885152,0.778694817418
-249.207604640018,-0.800250762839596,1.59393269992142
-399.190791367859,3.19589048637135,-0.13531110376789
-244.114626258146,-0.577260545411264,1.83725938499265
-190.142101335521,1.88659222112619,0.537196773162577
35.8197577610408,-0.0159273342578672,1.52495697110862
-235.645829300716,1.70040706738655,0.811643314431421
-257.54275834194,5.48110445000566,-1.74356844461727
-136.203594907154,-1.40274115256761,1.97710760150221
-350.611099409951,0.981188417164958,0.83755519380793
-112.044763259517,1.91971626866143,0.342917605967159
-201.829581794401,1.28495759016369,0.267949362896616
-65.1082745746535,-0.00268176838289946,0.928141333526582
-19.9247103009257,0.347507417041925,0.57023647276219
-76.6771865295523,-0.185446028655861,0.864461746503366
-287.717507212583,2.05709344381467,-0.161386506013514
-32.1108793929743,0.93602959574855,1.03359904134413
-467.099351924378,0.835795731443795,0.625128025392769
-342.537761714368,1.26047311456387,1.22899093620072
-390.486697716668,1.25116789247841,0.562308612192282
-230.636170582613,1.92392205794749,0.35981959089986
-102.970100167534,1.60315867538156,1.10130679080612
-107.885942833178,1.95518063678173,0.130384848656831
-228.558847966304,0.84951193627785,0.86145768937422
-168.106137180337,0.100267321355204,0.4349748063687
-123.804507367404,0.0526046233599118,1.31805429590895
-279.198677982349,1.85549744724995,0.406562834017677
-141.131292327031,-1.06223388905346,2.6899494290119
-161.55826442939,0.603945184120676,-0.0419909001066117
-286.355129113188,0.742215616890462,1.11252396914642
-204.15764314073,1.90973675220812,0.812324377155164
-230.177492718969,3.34571977421729,-0.289256015734281
-185.867141570423,-0.899576185285696,2.17863999550173
-11.7009826249268,3.12950328520674,-0.883144894789439
-565.571852057983,3.91464242866641,-1.05500774193933
20.4689485042181,2.99346836935729,-0.163908722402994
-281.164855906012,0.966109645349206,2.19770517936558
44.138128377941,-1.96200391133607,4.1049611302733
-260.422461005684,0.602866636574618,1.25099409108952
-140.034001790889,1.32911771761428,1.34825649710365
-210.157762293384,0.0595678566241986,1.31864395596131
-91.3601153999043,0.562636290738737,0.0775005411851453
-101.887485277563,-0.167305311741075,1.21065153543168
-191.911251726589,0.0250959269033046,0.779003007133724
-64.1079584152722,0.879734847461805,0.0660400719207246
-148.558216918151,0.363569118126179,0.56403904495528
-234.132498159383,1.57657633230156,0.637533845554572
-249.990830441646,0.307642936182674,1.17437816492748
-15.8087877837825,-0.16780461401504,0.917601690824085
-188.667149813355,0.804912053950829,0.832157175929751
-349.5534075225,0.317365361057455,0.998154399079795
-138.197532203645,-0.945537410065299,1.7061782127239
-3.87620513741376,0.893426581169479,0.412545684444922
-171.116161658138,0.22780527183204,0.548506909882953
-91.4900196121816,0.581073020526674,0.864229496684857
-132.885405891117,-0.579852594717522,1.81217005876351
-149.859475325247,1.45478573924629,0.502525815162699
-270.716520626716,0.567703848151723,0.776405313023133
-21.4082344096096,2.24608273588092,-0.99851683702218
-71.2088567866012,0.924114887267933,0.608654379160726
43.5700521059771,1.78142665871474,-0.261864482294186
-256.134538178361,1.93603617964982,0.00909136756672524
-106.387489859277,-0.173199919838225,0.729500031095085
-270.698092845319,0.530108846083749,0.72418081809883
-221.07850468896,1.46810818795348,0.887750768306432
-220.467242827413,1.00890507483564,1.18004524372554
-291.728523342565,-0.393507309199777,2.59585439683724
-261.709238300071,0.421684706634551,1.45672567604197
-247.681567897045,-1.51077814713062,2.638478378125
-31.9657037110301,0.11317763041734,1.92136384456535
-16.275651928212,1.19919454670162,0.310716572465026
-251.2193545183,2.27237629055162,-0.608833678299561
-117.043735009058,0.616326266957913,0.581393073167419
143.838722620421,-0.336145709792618,1.53706535116362
-104.925769874491,-0.111162638044334,1.58303870126838
-169.166841102691,2.99516931219841,-1.40442500519566
-206.862061127671,-1.68676834306098,2.6472283844796
-213.197486582518,1.5319548249222,0.830511804573689
-161.233780522574,0.844008352534729,0.797075114853214
-90.0374906390352,1.40566755967302,0.549616995856013
-276.527799916847,-0.906494947295869,1.74235914769815
-135.462762779644,1.72641211208247,0.106997217124444
48.2089332016913,0.235036200989271,1.53312382981858
76.211380480614,-0.591559759210213,2.14233971977956
-198.978174273885,-0.0833100510644726,1.56023448782253
-183.534292702709,1.78616287069599,0.197324636392295
-177.64587218377,-0.0623721370429848,1.46656139611696
-81.1055089986185,-0.891579407616518,1.34115826110792
-259.821111716141,-0.159933062197524,0.775438700448831
-185.723484693721,0.40539471883676,0.186735859737382
-128.583261338375,-0.0606778482761001,0.840221566089895
-56.8800554947084,0.976239891722798,-0.266749182185777
-173.473252201453,0.680115335042501,0.626437591468857
-64.3858983315877,1.01989890764526,0.490695179811155
-19.8990836455196,0.945577617210802,0.193942363053793
98.4572806324286,1.04311131831946,-0.0528992334311624
-173.738457508283,0.498021894349222,1.10177886451129
-96.5741703189269,-0.164678170367552,1.04611011693487
87.3170843553071,1.94600019930658,-0.472582379074083
-239.256806566278,-0.0573736507940339,0.962862402651808
42.0082056435058,-0.166061050709686,1.53513210246456
-165.695853229605,2.45038826364362,-0.267184462536534
-194.484806364413,-0.281715714765596,2.02836018860398
-196.511708541846,-0.512436915087164,2.38144306759932
-219.373874103231,0.729624053637963,0.603028135723434
-434.183591493944,1.63780179608148,0.364007914060494
-257.41660053025,2.28019895925172,0.847249806774926
-233.395392732928,0.982038290851051,0.908350802630594
-76.4710919084901,2.04422293396965,-0.327406500888173
-353.083165415956,1.82525612432073,0.830214641959174
-243.233334334205,2.68634866578213,0.677762815292226
-123.45207643068,1.62795635580551,-0.479768800504644
-268.114199618241,3.07287525894208,-0.367159620258462
-99.7643316649337,1.70962256622624,-0.38659088575514
-342.639694987272,1.34579245721397,0.813283913012128
-92.3777946052942,-0.845694391820871,3.19323688319855
-121.489200533106,3.94928205414908,-1.47883246804122
62.2480345600052,0.216066846063768,1.54611691100581
-254.829297671975,-0.0612350800365675,2.30116549359082
-397.170291517701,-1.4770097736764,1.94566454700544
-125.427296994621,0.964056692755548,0.688786221875489
-190.804647135257,1.14818813982492,-0.460154926389805
-13.6860792841035,-0.748127373204625,1.58886124715355
-141.6869836853,1.11599662572553,-0.0116044762544334
-369.354272786732,0.521791981620481,0.737708378052048
-35.1043095749919,0.709451479488052,1.13069633048144
-171.855497380791,0.288720009782992,1.04485129960085
-174.002685436837,1.54031096634571,0.441415719658835
83.5455798079347,-0.103961718283244,0.770827968750382
-386.927135698104,-1.27457415100071,2.17880026096827
-192.11417207108,-0.896025086432928,1.58140172781714
-135.709849639199,0.0947446682257578,0.836199893901949
-128.517273066995,1.01895629455976,1.10895197616628
-453.46958253815,1.23076335364749,-0.069877816378721
-368.744342784456,3.81608863199654,-1.28923461784143
-295.216495539436,0.234316126974591,0.900880154331389
-192.144398584118,1.29661728606152,0.413667248514685
-209.017525001909,2.80853251263034,0.906373156431073
-82.9067552841097,1.10307014457067,0.52507596603391
-343.76023933613,1.56169548128673,0.61385261855321
-532.249417030005,2.43989467092615,-0.234170890296809
-273.867706629208,-1.59181337266637,2.57859170190568
-182.213107877818,-1.70648591246572,3.63083218511747
-361.314932047913,1.17110123762541,0.612719222575834
-133.516720589854,1.67243080901972,0.670526607922511
-781.131814456661,4.07443417435206,-1.54988672054606
-290.157506242984,2.25369854841847,0.199244863033528
-123.450292598252,-3.04130557901226,4.85754667343281
-162.068463960866,2.34371655880204,-0.731159435817972
-259.8990673382,3.9469878548407,-0.901346560494858
-91.9413666852415,0.999907041836593,0.0441368684114423
-154.872050746388,0.212979331525275,1.13412278996839
-542.087239946432,0.135614963714033,1.05931891290174
-114.758251777181,-1.09201165125705,2.77596356839058
-157.840204521766,0.724035928549711,0.268964999035234
-234.91073470877,1.8300206126878,1.01040701302554
-337.630313447502,2.59258041924113,-0.224553018037113
-272.469384019234,3.28114867856493,0.0970909063471481
-64.4140995864182,0.470327288596309,2.40254800518596
-230.308153500664,0.170654735204153,2.12063870750899
-305.310970815102,2.20424049312714,-0.417816521156055
-489.39571574147,-0.79315082647372,2.62161314136029
-200.574684599997,2.30945921246894,0.958355581631622
-207.873574622878,1.55770003543876,0.225228271388914
-442.76430170362,1.83718877240244,0.818045172592974
84.673826291888,1.78700233208656,1.44860204125871
-142.999120039072,1.10297573858406,0.942381677799858
426.567494779967,-0.171813976166959,1.8001740329928
89.5064986451143,-0.40314652568668,1.85833797796658
-381.328699662568,1.53462841466535,0.0782115713082021
-287.374669026132,-0.572671595473366,1.92977961911674
-348.495808032778,0.350302565406309,1.50952160789166
-105.314007969791,2.54635481062724,0.833621089550434
-314.803367734632,-0.638964199373731,2.06755215432349
-155.462070417081,0.0868907144904369,1.08446944433126
-499.085220326611,-0.474523218843387,1.2539540372527
-174.072607213777,1.26936417183606,0.043200903426623
-486.922487631833,3.82885670661926,-0.743258749265806
-80.8539651101455,0.982517184398603,0.488461967204785
-397.77211914512,3.24601797415016,-0.303582194343107
-141.742975348076,-1.34524202158173,2.79501928966783
-242.690861382256,0.856283693763544,1.09169351143646
-82.2876043555589,1.26984203878965,0.594387160337646
-166.661186535232,1.60237798829621,0.324327269787318
-96.9250441389668,3.15424294298009,-1.16526886399515
-524.510756544085,1.05978517254698,0.297571391958627
-278.972041330599,1.98741535162844,0.291126852593152
31.3356864271045,4.53078535813256,-1.17820368526736
-512.884800248721,0.645449841278605,1.33228567782498
-260.079661648328,0.595700712179678,1.33930133114336
-171.843534744861,-0.217323755681718,0.737127017728199
-236.375229842895,-0.99473947460865,1.80118052230682
13.3154662223387,0.780373046640307,1.07877611923357
-287.846929106137,0.697405111073749,1.23842314376816
-201.462531606776,-0.477477464533877,1.20933323357895
-59.6354837585386,0.832133400603198,0.682547133008484
17.8053043834116,1.5103888278245,-0.161320206443634
-181.571506943452,1.40672372879635,0.0977770772879012
-75.35002669198,1.48105461556224,0.0760754491502666
-77.0361698304769,-0.204089133963862,1.6044291969738
-35.0283255948161,0.502623075153679,0.925592031155247
-49.8276157598302,0.100773157188087,0.275909960721037
-310.01282496276,1.68683239625534,1.19774314037932
-253.995672561756,-0.32454998132016,2.51601923551061
-267.060728423501,1.47315063477436,0.279123672218702
-106.83495869505,0.0608991287881508,0.711990025520208
-82.9241993657633,0.466065974906087,0.931992684752913
-109.445983081474,1.97286356358381,-0.315643059875583
-223.868249711202,1.43257999374327,0.0235105082683731
-355.125526926655,0.690668588256813,1.59263306838693
-109.921756132586,0.0959522597840987,0.549439340655226
-98.7384146215336,0.173434530210216,0.398727635736577
-55.8774220383857,2.06126921568648,-0.351785063858415
-327.793853080686,0.730748164063698,0.116663860768313
8.13001944479765,-2.39923109867959,2.76304287066159
-188.740623554906,-1.34060972434236,1.30904100228508
-227.320719980402,1.16192778530876,-0.251899348513689
-208.568965434795,1.37150041567656,0.68843016345636
-109.001339398688,1.49847158348712,0.833668706909521
-364.550368880533,-2.25100206014758,3.85860269097611
-38.1945893909142,-0.291766949245357,1.69965240030433
-166.089259064262,2.41981574788679,-0.423326744377846
-9.032831597724,1.65354671697423,0.216411804676682
-215.110955362819,0.904924368871434,1.15029862275696
-121.186821903597,0.56401792971883,1.22535637911642
-176.81159987775,2.69077975364053,-0.221657492518716
-61.8317622670256,1.31614898817497,0.174215350620216
-301.164071147825,2.32440221872275,-0.253818246666924
-274.372108943564,-0.0844687719800277,1.336310970878
-108.655441871262,0.853407725346187,0.121217471125419
-197.013284691871,1.5254165486549,0.163543919159565
108.457389083531,-0.920426751108607,1.0736257959361
-246.10896709442,1.29666623722005,0.369893718758249
79.6095900028013,2.37750977122778,-0.690566219840548
-120.457140798258,0.153639328083955,0.74509913258953
-135.290910766111,0.850439579100566,0.644380983809242
-109.776838125603,0.405978220471297,0.499968893756886
-42.0399222097185,0.155259408944403,0.72560920916294
-347.915633873388,-0.370718895050231,2.22998495065258
-176.350180606498,0.545610049448442,0.776874590786974
-376.537920991908,0.192691011292482,1.71054068340163
-2.32033824870268,-0.596457633320824,1.45608839210763
84.9624785411434,1.84668533053627,0.861500124927261
-553.73138170215,2.11806682111637,1.04337923358253
-88.1257031080895,2.62103699395084,-0.770500738348346
-47.5014644289331,0.0727637516974937,1.34477343568142
-289.208740894639,0.274191299336962,1.7117050421366
-136.403663296995,-1.69319358557368,2.46173888948397
13.1463072691404,-0.355616344182636,1.66055061524094
-536.313106076013,0.791448649193626,0.93202611405286
-162.25398693818,-0.0152029840101022,1.82131647627102
-268.962771856037,1.39167669627932,0.442094043122779
-213.346425734396,-0.784190599595604,1.79870272403423
-236.576823498777,2.73659119709919,-0.857148267677985
-389.109441856883,1.09211264821352,0.402279434289085
-296.334921880261,3.06086102480185,-0.527293583290884
-222.653302047198,2.43740504335437,0.163366941298591
-148.470538567301,0.889808122410614,0.761958332266659
-211.374504426065,2.60516188602196,-0.953841409398592
-334.444738356658,1.64449787483318,-1.02554531240821
11.5386947260413,0.195224958959443,0.814345319828135
-350.79776716714,0.464088996784994,1.30466026109934
-65.0946446978196,1.20854731493455,0.82320441128104
-603.906292893764,2.05878352037689,-0.0734143147710711
-149.554865137332,-0.966731412161607,2.74169469546177
-43.6132653791155,1.16857599627838,0.0432616281759692
-138.418629123633,0.398807818535715,1.61946160689695
-148.66428331301,1.30905339320816,-0.23630339193187
-436.679849797976,2.44128282317251,-1.30390448540857
-1.68316877908728,0.715741043482922,0.801973634879687
-502.094230028066,2.46951803069533,-1.09383147211338
-285.162248235807,-0.377577450718036,0.683471906057093
-550.063097484846,0.896257418193272,1.61310330557171
-405.026967800251,2.10142234124942,0.386901020388905
-419.02153110136,4.5381855821106,-1.21056790789589
-259.27826380523,2.09368636620638,0.556332354710321
-294.911691929621,1.67732790372975,-0.406535832080408
-295.982918390946,1.17799733992433,1.15483174700057
147.095768316532,2.13685266402172,-0.247313915431732
-185.895943096868,0.278412822823157,1.56610714907583
-383.643422051569,1.14049598036218,0.310254758936935
-76.509950563297,1.55478071398102,-0.327347756305244
-230.124674914317,1.27033480157843,-0.516676313942298
-315.131672851789,0.593429250047848,0.416959516616771
-158.098321714802,0.160652341954119,1.11795342672121
-122.87241345839,0.977778075710376,-0.303750832699734
-69.8532785780699,0.68789044146024,0.782290051560267
-109.570101479883,0.853403250992415,0.808646005327319
52.0741243127995,2.33257365086502,-1.33608479765826
-105.349292464682,-0.73315328895842,1.54760495979281
-14.5144602288783,3.27356702203906,-1.38371233376529
-263.549965417915,-1.24073465555193,2.54064879604266
13.4135253729764,0.770888766403004,0.521412621543277
-94.2271237521782,1.18181500319042,0.0419935884638107
-78.142971246376,0.812675853696419,0.0861640699004056
-385.755773392084,2.11228757822755,-0.609376228923793
-153.510922318688,0.7692153671087,-0.133207663035137
-392.58817418429,0.115090400606277,0.7688768473854
7.76857941484195,2.17610726400744,-0.436534434003988
18.9300361278665,0.374524474234931,-0.198800621219561
-153.67749084565,0.299394714471418,0.508222069154726
-95.4461743616994,1.39823207230074,-0.240948492661119
-406.799662060193,1.20475200033979,0.119538102982915
-245.451260258866,0.492320168074002,1.84548796648596
-61.0083866150526,0.209789392152743,1.24011117196642
-167.94738567184,-0.0197585441783303,0.929043867814471
-202.424666153594,0.51591655757511,0.37471887693755
-106.451638119019,0.240639870840823,0.163624431937933
-15.2121320374863,0.0969700716814259,1.02220559143461
-161.043586896165,1.35623092569222,-0.0340458798600594
-59.6044069102136,1.28214979822951,-0.190114060689666
-85.1970484019403,2.0986845529842,-0.586650775701855
-268.201877704669,-1.45827939818264,2.02142478634642
-36.2248427092709,-0.0812479323358275,1.54575347990067
-284.610895875085,0.882734181170235,0.28718349520932
-95.85863647316,0.188432327879127,0.969510626979172
-41.0817021499315,-0.124453683085449,1.24858044003486
-82.4364366765949,-0.278708115234622,0.835272609838285
-50.2683481845015,1.71931147476425,-0.485602137145179
-174.299677075367,0.242752005033253,0.841836017862079
-30.0416502636956,-0.293037822708357,0.831591918788035
-81.9356912677031,0.337620005811914,0.271494150016224
-163.922595464159,0.707420567239751,0.570643358041707
-72.8839961059966,0.434252166814986,0.635848897225515
-61.6086363739378,0.37657234287326,0.388987578364322
-53.9866300615249,0.0527298236411298,0.558874520356767
-130.99808771658,1.32963646183998,-0.084036018619372
-159.683741167566,-0.142987517334404,0.681952101402203
-61.0149025248611,0.290474739955243,0.545207979681436
-9.41816643041966,0.627744551587966,-0.181463190325303
-52.2350233463221,0.126911447849125,0.566440392052755
-65.0879985458851,0.727007712317572,0.462669227650622
-56.8432183560071,-0.422981529409299,0.804346057375369
-128.883667187009,0.785117383558827,0.711121529660886
-262.982376960019,2.25157225814473,-0.881077465186536
-268.771078179527,0.223310196277453,1.18533191345341
-234.797775890969,0.891174374177353,1.19060917719617
-199.00335377868,1.93913814735424,1.34755718708038
130.746910811311,1.77467991571757,1.21482340864895
-106.430888081493,1.93714225701478,0.444933630584273
-71.0138701070973,0.944200312558678,0.00691637532872846
-15.8503284982071,1.16565425344743,-0.244710360944737
-151.62013813416,0.394303102439153,0.95124356134329
-240.758961507294,0.972780444470118,0.622516868948878
-67.2221406778554,0.108605576868285,0.427702730659803
-79.8410519920799,0.49617847501213,0.744740887312219
-48.8296847062702,1.07270210525076,6.93536494509317e-05
-229.022568747081,-0.286261805871618,2.01989812827378
-316.127487160673,1.61228357123036,-0.0713846086000558
-45.3788873158046,0.567470272828359,0.384079833071155
-282.361008590174,0.305860368229332,0.550892045808723
-81.5289131606914,0.226781093530008,0.643221299425932
-151.591471526641,0.953927748370916,0.608172767271753
-119.072715205941,2.07936396458535,-0.941050672408892
-197.194797500671,-0.0650837340508588,1.74524467135598
-192.057154906186,0.848770141994464,0.892094141418056
-262.417344607587,-1.13407269856543,1.74795051322508
-280.815501641278,1.6386616693344,0.788139467622386
-262.35169808309,-0.704273366776761,3.12857619514398
-317.635229598067,2.91135176997977,-0.24335781596892
-635.788585333976,1.78862074180506,0.924040334677557
-407.467607334358,-1.13732258699383,3.18877485720441
-124.304161485648,-0.590817652991973,0.928049954643939
-20.1338312514999,-0.0380219733851845,1.91522643448843
-126.344511401054,1.59614224871621,-0.06496810077806
-150.217509742994,2.22756317761741,0.42881095969642
-237.573486330846,-0.228719967388315,1.40310890514593
-162.107689681681,-1.89677546524035,2.66565853702878
-241.965138999076,-0.214181847699365,0.836906330303464
101.436447720258,0.292529494756309,1.09532335704716
-138.138515101262,1.13712739806215,1.54154454276068
-35.6686530164443,-0.0817489513465262,0.177927329161321
-282.167865483454,0.99638377676456,0.716918550228002
-295.86282662375,0.794842655042885,1.70658490232017
-161.756570642916,-1.16070828982629,1.952100760343
-450.326924928791,2.71102169405367,0.827440254128305
-494.702730855381,1.25255124623072,1.5206357725292
-22.5737541822891,-0.634093999557081,1.05327372733154
-521.294383225468,1.60511296756522,0.703292594946106
-307.261110100379,1.01845697671524,0.641043352887209
-138.982255596675,-0.407054382958449,1.60135032546532
-242.380200085601,2.36271198341274,0.690011963932193
-221.909970762528,3.41565426171837,-0.370339952936774
-165.121056543965,2.42097783123609,0.455916593957227
-24.8112070036914,0.12936660170817,1.87257858818157
-324.753160156717,-0.0614050898002461,0.803670904089813
-444.363262171908,0.170802695167367,0.862538905821566
-438.475768008244,1.55149142307346,0.407344264691346
-152.091479848663,0.434691127084079,0.553140782285482
-128.483058370417,1.46430566653726,-0.0653118503687438
-163.838684389957,2.15860250547121,-0.412083215531311
-233.884377708615,1.86318298772676,-0.0868376187099784
-34.7497122351399,-0.0786807390104514,1.33966974508803
-158.569417038054,2.34068064796156,-0.285963624213764
-65.8914281824109,-0.831951198371826,1.71789019040443
4.51049746175704,2.1217753798046,0.693113801928121
-277.517664317449,1.55605815128365,0.342229785193922
-112.041821912833,2.86202141841932,-0.393567961189547
-378.446970401499,3.50887930423778,-1.2742356294475
-484.027014556756,0.593271055280638,1.87792670253839
-277.91040920408,-0.427464264590526,1.56980796375137
-180.441203494178,0.76237871623016,1.4690631859994
-117.351237273069,1.06240995700682,0.127476388472132
-389.447053034019,0.660335739601578,0.963495159099693
-19.1951377675869,0.856929177010898,1.10571978316148
-321.874569166263,1.19948867098719,0.267907335277414
2.12490112110936,-1.24717034853529,2.28258960792664
-231.766931952123,2.37602739541035,-0.508059772400884
-421.694624719858,1.50731807734701,-0.130605510290479
-53.2405813487276,-0.154370275966357,1.52754239591013
-266.667988947665,1.15503374672335,1.05631310977333
-240.53942163373,1.21165239813854,0.227710123079305
-320.549848236966,1.03226635063766,-0.0593261093399633
-80.7322160640906,-0.094025584134215,1.41818015053286
-259.135610421981,-0.375862649918417,1.25692789435925
-255.798528210573,0.456683124650226,1.33534401927955
-333.494234378857,-0.0686434285307769,1.61369252081931
71.7841247096876,0.0833035738760373,0.932776439281952
-114.483449705222,1.69503339263247,1.02932931750547
-204.345253569016,0.288307271432132,1.06909421647651
-134.894681985725,2.51544774153808,0.0907020267040934
-56.7787986113581,-1.26097274752101,1.94258478581651
-343.976893055788,-1.7776871008391,3.14233996993062
-350.44153200298,1.50569911125058,1.65440276058325
93.2511699513125,0.424506986237247,1.38947668445326
-118.417570484402,0.868683641689131,1.18636997861904
25.9812529439077,2.03346532373689,0.918803978745927
76.9244566164416,1.74692868706188,0.0188258990528993
-487.324659811478,4.03217938164016,0.540364093147218
52.5562050775479,4.3036835070634,-0.376111219156883
-13.1806021352531,-0.33366235322319,1.94376872302382
-118.616872808248,0.313782810640987,1.96504654196906
-84.0766037591675,-0.801355459654587,1.45131615754508
102.120222393038,0.00802599705639295,1.55379581396119
-213.762353182217,2.41534605131164,0.170667339170905
-82.4946568749001,1.20359117129919,0.603481565209222
-167.560111658247,-1.33969165826784,1.71447432704736
-74.1574195984795,0.0111367789431824,1.46947987674503
-94.6964402935264,-0.443837615610391,2.80236576173047
-106.208862416897,1.69763984029123,0.309791555686388
-145.551054413684,1.61813605694078,-0.621763382121571
-104.141241535872,-0.4603742492327,1.20336893827698
-26.7427335425309,0.611674522362591,0.402646426984575
-139.049707732425,2.34764517830627,0.0211684089481423
115.984595075584,0.340500020483887,0.435687690282066
-207.96893549072,-0.402413746807724,1.54466755747853
-314.756154566738,2.63870489220426,0.223202316684365
-128.647413251245,1.76946469569521,0.132555497917565
-481.616631835801,1.75637649018608,0.169996894925134
73.9770172846984,0.902878090913873,0.645696096413303
-247.341594955549,2.0541279942554,-0.379489450075198
-366.763661166762,0.435645684221527,0.480823529826012
-86.2067953826736,2.29364154449286,-1.10336290650594
130.703102117404,1.1305000562279,0.232366449141409
-217.199043983914,1.84245926784934,0.157144786891877
-376.756279720365,-0.307561986026172,0.454290098015917
-544.490941561846,4.53533645294374,-1.15186667250236
-132.930062549218,2.82625834425562,-1.07677846870502
-171.001462913759,0.649539643680328,1.14061585918535
-392.374716722043,0.0363787340866111,1.77781557230628
-180.73442829054,-1.14889721760846,1.59717278870085
-136.295490574412,1.43696646395256,1.19223017727199
-209.729726825892,2.73492626698862,-0.0922497610263235
76.3247035572422,0.744781509856693,1.37559825326025
-80.1093047446848,-0.597065259347346,1.89093880896689
-193.906357143278,0.939523820969043,1.40644235989384
-119.932724114347,0.858358245692216,-0.0709898756467737
-82.2560091450601,1.39496555361256,-0.184850927034859
-87.1172169899801,1.21254178912204,-0.347851907630684
-53.0586216961674,0.685347672537318,-0.129968332810677
67.6256191305729,1.82882930057895,-0.199474300745351
-167.502630866802,1.16007511643693,0.114441150915809
-105.779761929633,0.788033369593904,0.141267396407784
-124.353957771193,1.6242187525786,0.427041672053747
-69.8676532742829,2.00569252710557,-0.447787260825862
-93.9962408023712,0.230656009327504,1.10761425663804
-82.9749836995325,0.746372525714833,-0.101455564901698
-168.24053941149,-0.115768553860107,0.925597304732946
-287.620715669946,-0.714776844411972,2.47137469837617
24.8718747246967,2.12185727643737,-0.923591131486319
-293.337723031102,1.73291711256024,1.14802363290255
-141.293695211323,1.65523318692431,-0.228794898634078
-516.867821891312,2.15809826587792,0.148109034739718
-303.381263073912,-0.905223072451918,2.835745789067
-242.895145488568,1.11755856673699,0.577116789849242
52.4130121148191,0.238083018459292,0.888742478435233
-362.306927518195,3.19245792118818,-0.243375085410662
-50.9493885600968,-0.209250691346824,0.468444523736252
-209.590100950409,-1.68915760022355,2.34352462243987
-287.26979407647,0.216548762065941,1.5283687432966
-275.734771373303,1.61207423763699,0.337799251170509
42.7291390758364,0.132854376774048,0.839825558796292
-151.940332362923,1.20564483663475,0.100015071118833
-110.610719069315,1.53749368944409,0.415488366845238
-301.006053846184,-0.730928090073576,1.29132909467444
47.0298440990518,1.27178898518468,1.24168578938406
-333.868110464988,2.45352087295032,1.33803376651485
-93.1041168801603,-0.177269081206759,1.8908140886997
-138.55851262607,1.10112157759431,1.02969321860292
-306.310767588279,0.845058459475695,1.01712055392272
-120.497597665046,-0.921159355260897,1.8169083155517
-200.93208382189,1.85271569134966,-0.346764011686901
-179.803260945831,1.49206581069302,0.0620116746140411
-22.4291998526787,0.467010025007767,0.319137060039793
-230.231256217179,1.32564249224379,0.162295346199244
-83.2211137110571,0.201754111534683,1.0250571890283
-187.907091404806,-0.664628816477489,2.23860060570587
-112.689235390259,0.0485478527771193,1.4378925244564
3.67533229038236,2.32105849387153,-0.11293350568485
-187.666946964033,1.43072722174111,0.902356462172975
-143.65781808499,1.51354267097486,0.516163225664059
-137.998836029859,1.00292549767619,1.56628071303021
-261.144128419255,1.57330453748,0.539068344155567
-294.057636149329,0.971308983273047,0.850037985797826
-415.931279214274,0.793663917575032,0.523406490043271
-321.103723879409,0.361050869600149,2.08006483371719
-78.899103747739,1.26853113430843,0.000482025847304612
-176.433411057922,-0.151303255697712,1.62093398049183
-176.263939408869,0.874240509234369,0.237562000864273
-70.3150358998282,1.61699314008729,1.09032467054567
29.6592997662265,1.819399649145,-0.721458564265049
-157.271623224806,-0.50287496697274,1.5829276529912
-346.057410468486,0.908191912640177,0.282075304654427
-91.9203265824399,-0.0618365479458589,1.42261372556982
-344.526304726867,0.623760829490493,1.31439111469081
-46.994812812698,-2.38973468076438,2.980389578006
-322.456077557086,1.53635560837574,0.734975732084422
-361.732989642169,-1.18489600266912,3.68459951264958
-332.538893489822,-1.48090452173892,3.50861000802252
22.813340760149,0.260204980877461,0.832985010114498
-269.43543120363,1.96656394614547,-0.404070469681756
59.8889992167205,1.27245258682524,1.24853245688428
-404.964233384013,2.23417499786592,-0.295975015920703
-228.351256064037,-0.717887693208468,1.93710980343985
-298.872546226483,0.563107301692071,0.973988306664978
-30.4235158710098,1.06338985204638,0.0934034516103566
-175.305334553879,1.53252974864154,-0.446545922823134
-189.234343272998,2.45749195681856,-0.844230972395962
-163.808651340398,1.84709930386452,-0.33214873704128
-394.295030845671,-1.12516222416889,2.35887781600468
-152.230483495128,1.16425080970976,0.649838311466738
-338.96049898307,1.95160335957189,0.247189483576221
-152.292884731738,-0.161656699841842,1.83494374774455
-142.419698007398,0.511366458707926,1.05652418456157
-335.331011519338,0.391866057834704,0.991462228494129
-184.308420284826,2.08601910811558,-0.00283320592279779
-609.971616657247,1.7195226022086,0.866552385952673
-17.8683763497993,-0.325118352484424,2.26515490525708
-86.9072595256007,1.2525531042993,0.893322386778891
-154.958074431415,0.365595889146789,1.93676751864405
-134.399167286145,0.235326627076574,2.24959441017563
17.353615318113,-0.772909950650501,2.45606449392471
-31.2819570473266,-0.00936710677342489,0.754787795463926
-33.0287687421624,0.811162099067587,0.595193805726012
-291.514144694069,0.642030081799021,0.54896268704033
26.1441790616154,-3.5997149211762,4.06040108425077
-105.137557288181,2.0163114725292,0.0695273069213727
-103.813261440475,-0.09254461171804,1.28355051585822
-249.451355968289,-0.280049592387513,1.86063584764815
-383.375442320003,0.546440169477137,1.21251886316168
101.718983197112,2.66107416848536,-0.451836524537612
-398.881884649338,1.04622064085197,-0.0223211836419068
-402.549885142871,0.285576949012466,0.917881536130153
-554.795651785748,0.610110907160561,1.11470595691935
-286.091166184448,1.07619659569173,0.241865832166695
-267.548741815248,-2.54031705098168,3.05589835016872
65.7401260778061,1.54608437145362,0.521412498543214
-82.5172650875465,-0.357249140841304,1.29687546644709
-80.0840306643549,0.368827430575038,1.14083490944449
-276.747300568939,0.99335051747039,0.827160912973341
-230.449985870396,-1.33601152249321,2.19830816771719
-308.270306254853,1.14969216034842,0.193099367170362
-91.6822717771574,-0.123857640934148,2.23169249720195
33.2844568690343,2.38783876750676,1.08490124641685
-258.090874795038,2.02865673386259,-0.30727607094741
-266.352872859832,3.4593014921702,-0.446442347398261
-136.716122876853,2.36336663994007,-0.240722124886815
-69.7576550725043,0.689505607064348,0.652577184606344
-243.518531586116,1.48579921102646,0.255332645450835
-132.972541361654,1.69094495772151,1.16927655398649
-220.583397929295,-0.535233881484601,1.27381046063965
-351.135749683999,2.08727948510204,-0.168443999878946
-263.235448771298,0.539756907353876,0.487306285809609
-31.9884932679997,-1.18542535732195,1.55507311756082
-250.973746481526,-1.42928597654964,2.33037519824575
-420.409861093489,0.0317974067056639,0.962501640140545
-160.270125907871,-0.0966497152694501,1.39892202038936
-7.82008704210602,0.0866973585507367,1.66132310658577
-171.271956516495,-0.086501277226489,1.72948098857887
-387.991626946168,1.61219316764618,-0.347248645593936
-184.902135228354,-1.04407646981417,3.00342247859226
-274.408111412995,-1.47190339345252,2.27267488581128
19.6784047082474,2.17053971699715,0.266095388447866
-131.292716597076,1.74391430465766,0.103275636174658
22.060032961097,1.10729656226613,0.0644964796956629
-84.5906871742627,0.682512024592143,0.182728613566724
-36.5853231099609,-0.0789424609174603,0.305448514089221
-5.25556908723956,0.498377531504957,-0.0379984526225599
-79.5847377589234,0.0324863548812573,0.311813180262106
-225.270978610337,0.418579541633335,0.1192964498332
-70.3074246615361,0.178526040283032,0.308656579909439
-50.5635325764597,0.489191113214474,0.251074396830518
-155.583983398508,-0.288328150723828,0.696537065960001
-128.004627019931,2.21172215862316,-0.960152567990008
-217.001440385735,-0.108353923918912,0.767091261091991
-144.670119617105,0.188552958168657,0.577221786916198
-245.186859215944,-0.907013177056797,2.41566404475452
-299.307285327159,-1.20427991229008,1.99027464466053
-156.76519658375,0.793083940152428,0.571933490791707
-167.687210377291,-0.90830905711482,1.42337978394062
-181.865440009569,-0.490112074679928,1.3028956551716
-64.8972618676999,-1.3801504590665,1.7507991090024
-109.413209992985,-0.663499478459926,0.850768181349849
-413.746017600439,0.156525782833342,1.00126080096015
-594.732835194343,0.675410548254149,0.607738246653753
-1.11976274257177,2.21869849237555,0.114674924763676
-451.476614524789,1.00083240621098,0.497427016220172
-434.101732216426,0.560399870417314,0.459564825090638
-84.9283475481207,1.04980109244207,0.663986330779153
-247.844287017065,0.631610328118768,0.230563534780231
34.062197944364,0.121974444380612,0.813502053402772
30.9271735859274,-0.65812731819824,1.26181841013022
-120.398982478466,0.986372359846428,0.0899168877731427
20.1913109070738,0.370574381580809,0.596872895046545
-292.66126128338,-0.197240245775902,1.17983979978726
-215.36933032142,-0.951622729859082,1.87070941165712
-148.17419304332,1.07351200115227,1.25134389061714
-166.923793108181,0.204018107688171,0.729902893130202
-161.471917102375,-0.315342780813808,1.63927376903303
-19.9619520748311,-0.84868750150963,1.72778391871179
-479.767611411822,-1.70303643735679,2.81684073442011
-275.212967787957,1.52247648815683,0.601330417237477
-156.568511547501,0.211359868419549,0.88796243061006
-246.952615673494,2.4937310530222,0.558184198751405
-166.261190791811,-0.496468966754037,1.36793507444236
-139.722978550242,2.30546648363816,-0.274268009372463
-134.055345227272,0.607021023577545,0.211208120264928
-358.793977763504,2.11357139446409,0.245588263343961
-284.579294385447,2.61853501198493,0.463683140413195
-652.930574513481,-1.11664441452012,2.31400132329145
-523.466481130265,1.56868617348664,0.603530795793631
-124.376533907012,1.63815496584721,0.21865274765878
-346.209496676289,0.642305101768216,1.00695853526122
-270.9152477483,-0.232223353494192,2.65411018260056
-244.107948821329,0.894793506467977,1.05852567347392
-388.556580851782,0.0322147049300838,1.502668880079
-335.088357800501,0.737978745746659,0.0576330193434842
-151.864838786045,-0.435193774821528,0.858409407603176
22.5857994358375,1.14594519832463,-0.123319471487775
255.775629062932,-0.465388440483366,0.803977916162694
-118.482782343592,1.58113803571905,-0.681274956754351
-243.756889829816,0.228919345780014,0.433855241484707
-75.1833322036255,-0.593114299750596,2.04024631543143
41.7852553172415,0.803535714447207,0.308489871160418
-123.244825013482,1.16378878792602,-0.242444464216533
-306.097208599029,1.07808259589365,-0.700110682970262
-208.020623963734,1.34856378775658,1.11104250806284
-23.6761261306747,0.760934940713923,0.830722959610284
-417.792261972005,2.29224048581091,-0.753291061140771
-169.489373963603,0.852713850210421,1.31804633424326
57.2549497029977,1.6024383676413,0.0430907663612743
28.4485500756202,-0.248503230337519,1.03573372792016
-428.278269168518,1.07838642242132,-0.361795195974992
-156.567500025427,1.81765248655574,-0.306173373057391
-195.461015535024,4.14785387580923,-0.952620162424864
-186.350337980497,2.46581565018732,0.0979733178246533
-405.649592638885,0.146794187632622,1.01320889407361
-44.1241082894339,0.984135056118248,-0.328631429729285
-33.0073235986929,0.297957228067389,0.326933571370319
35.0187381302894,0.0938330889221106,0.436983501480427
-206.700669204991,0.851983584958361,-0.00411906870431267
-271.753507496323,-0.679331047344021,1.02254995379189
3.87659913500102,-0.349029346747557,0.708552686381154
-68.4447616905672,-0.264197142460034,0.672092780470848
5.00510358886095,0.485805234930012,0.281306661010603
-80.1684109249909,0.467783271582448,0.0631042581080692
-59.7958262878528,-0.0515616537013557,0.179793602219434
-27.2083572997685,0.0899670269864146,0.727756378604681
14.8428382084239,0.69757585246407,0.0527570275153266
-104.826853501116,0.209832382010063,0.681280895376403
-123.456977528724,1.02699687815038,0.00844523530395236
-121.96900752934,1.2019628589278,-0.185874307499034
-149.19485021026,-0.344678215295062,0.968398748067557
-30.2549359111918,0.017580055326107,0.878027437203855
-88.1591281198125,-0.277509861305589,1.00013253736688
-85.4781327166784,0.210462244838709,0.77897985810705
-199.387019608395,-0.732449707917112,1.3863516934216
-100.707301513859,0.410874983528629,0.557755443674978
-60.9197917897291,1.79675965009665,-0.138669859050424
-101.794643447476,0.030691964966536,0.184247917597531
-362.911696661497,1.91776427869627,0.596514259217656
-112.254371876275,-0.00797749735647812,1.6964744192519
-215.831919051288,1.82330145952437,-0.707991094008321
-137.845114714262,1.78339084979962,0.423900834939559
43.6195851812008,3.10183308682463,-1.49349293773412
28.6950062841061,1.09647169488017,0.127985051862197
-184.29860076755,1.73355157860351,-0.622633652892546
-244.400558547204,0.89031219975459,-0.140536684331892
-181.96053278727,0.373506337637082,1.38579468245734
-120.853639204943,0.338935308609507,0.919988884794293
-203.343565596762,-0.0224985665990971,1.19568023934426
-112.789519915059,1.57293630879576,0.181016045404249
45.3050875194531,0.426126401558577,1.47754173434078
-52.1629727704421,0.540770088075078,1.04535227321321
-217.510987796901,-0.536015579282321,1.41994408415121
-431.540501486515,0.346408609868377,1.23433342506178
227.60915842453,1.34526744121104,1.03867509999691
-55.6654771095473,1.5719631133943,0.556206718349131
-328.679908120714,3.26624520328187,-0.289835634990595
-309.256611859775,0.220538658963051,2.04347215786038
-260.183610906293,1.57223856937708,-0.151965418095642
-218.720378388083,-0.041356908652233,1.16135926279094
3.2288238557594,0.606664812628878,0.2407509189552
-448.844148464221,0.668456607396365,0.752159349736758
-510.83967797193,0.321938374043384,-0.031466519474634
-289.476402650442,-0.0668453766265884,1.4411995428527
-660.481997808878,2.56758644049205,-0.525249054044252
-259.627046570939,1.70997523095502,-0.341614162029146
-126.824084884216,-0.00302279993775301,1.82382428944402
-237.324375422671,1.10699879628373,0.407523779394978
-358.003799882671,2.12153423019481,0.165459517156705
-561.775406294415,1.4582743610008,0.92937517723476
-150.034945992855,-0.343360602972098,1.43233462159196
-198.361689547746,2.31190570008766,-0.545618721560459
-356.440789066037,-1.3394659802434,1.7561619336484
-248.713383523223,4.78902104571171,-1.47862517423346
286.068183141659,3.25517873135686,1.22467442625202
-152.905512662928,2.39051813355763,-1.00323866741383
-295.999669370576,0.817112666190951,0.834182346517537
-380.863189118274,0.137427969391865,1.31829045688573
-215.904675312107,-0.835170247075439,1.84626343403943
-533.784375785151,1.85055335992365,0.546514527006366
-155.436423712796,-0.786029591035913,2.30090006837418
-310.258612040063,-0.0333753045124467,1.11299795160448
214.26752011495,0.940821659809444,1.19705017690103
-85.5699565909163,0.216559097287245,1.56704815721605
-185.311035510298,3.19586661201174,-1.34365930393687
-220.875789820158,2.00691468977311,-0.134534347424051
-208.896133002621,1.94059980376915,0.470450096698187
5.49721229892748,2.91735757415881,-1.23800074693281
-343.509340563141,-0.0688528592830835,2.14178539078421
-622.25999730374,1.27187739389774,0.345012991703697
-308.402813690383,-0.569667738251155,2.72783177648307
-330.746882315056,1.92849129324895,1.98322266990726
-101.675396840292,6.19419481064688,-3.30303750986786
-211.709809283479,2.6503329774132,0.218734928044796
-241.26171516176,-0.348364390212282,1.65359896275913
-342.629582209636,1.80438148148824,0.466754102657433
-301.9546135688,0.153199480351759,0.907215393861406
-177.549926670239,2.56738334856345,-0.24285165258334
-35.3342690349527,0.817198416636529,0.660877768823411
-186.542618148931,2.38283619991853,-0.173004453856265
17.7506014506507,0.257492187024582,0.456357653834857
-218.172340831487,1.36886712001024,0.101889905890857
-22.6753348990169,0.393112881094567,0.292649534045268
-9.98268187722715,0.964246958261356,-0.109615049368585
-82.6055633718643,0.278080064279493,0.421923958330808
28.8408080430145,1.42492380517069,-0.245186150474183
40.2086320607777,-0.619845051100128,2.56034031383751
-269.212443533208,0.622833263304528,1.00120507127212
-161.02558746624,0.378909899125574,1.17838012371794
-317.025918659405,3.93611731991405,-1.30964561800647
-284.159210994025,0.603229106782237,0.190727713408705
-123.353877997704,-0.250283170011244,1.901110090781
-337.156396649618,-1.70935269953043,2.88258841627248
-364.202310496854,1.27597515789239,1.04436414190423
-717.438963637644,2.16870361884867,1.14146471518325
-111.877137464569,1.60616131760617,0.0478577366229729
5.5516994068912,0.603569312952459,1.05097470231703
-67.9609682433365,0.250741482683225,1.36004475491063
-90.4656559474533,0.885263666357787,1.0454614423943
-136.459162590021,1.31983486394165,-0.142837516323198
-321.530991118299,1.98869011724673,-0.587276426358585
-264.990419221591,2.15120820976153,-0.178679827665519
-275.591800661312,0.522028979787137,1.49397907062666
-250.61746931272,3.11450764843903,-1.52834307541343
-266.421411020361,0.1641045093711,1.47993066770141
-46.8141592159809,0.322692517624091,1.56399384787073
-100.690892590279,-0.264773399856495,1.22632379720744
-206.67204317094,0.273354039803962,0.750969559943769
-18.7422043308325,1.06956632740912,0.16023110342212
-46.749439365929,0.627851313591236,0.322364974330412
-173.331060294964,0.836862877782551,1.13617829927534
17.0799730834697,0.859136446539196,0.87672367785126
-192.736416219457,-0.742591243164497,2.45402906455547
-330.212201153685,2.48044455593481,-0.579276534976088
-277.640469222188,-0.9789500029583,3.00221827652422
-453.699627900467,0.757543335508672,1.45540837975568
-286.161945750624,-2.10753489770286,3.80969331641336
-222.598257596575,2.12412733226301,0.789940234550158
-301.486718286378,-1.72584203784936,3.13012693759811
-251.452052025328,2.92197311233031,-0.491643738991115
-420.644335133125,1.75440011027968,1.03535587529041
-645.229439184026,0.0860399771045195,1.32403926885308
-190.581238111423,0.586976105507347,2.16508087675902
-46.0424668117485,1.8797428416292,0.0911376482981723
-37.1565439161059,0.802756604564593,0.0172247430164134
-113.190271722175,-0.662865102563956,1.26142100355355
-80.0378217472244,-1.925827834144,2.52503584526858
-448.330274755281,0.21047025428561,1.55293607038038
-37.5267753706175,1.82302063520183,0.615844532003393
-480.553527265809,1.87552654341562,1.33724414935932
-518.01950256035,4.0357481740939,-0.548964291789162
-55.3737167294312,0.749714485151344,0.552126306336504
-8.59374637511792,-0.968803193274653,1.51011119742179
-634.617877703975,0.45349912304664,0.857832234236412
-72.2931752741351,0.38711424590656,1.07910676219672
-79.5442197017837,0.887033835242619,-0.400365800625877
35.8103511174183,0.121322992454225,0.760996976663591
42.4700742986461,-0.0661954828392481,0.738803919171914
-175.578181508441,-0.190076301863883,0.703367008303758
-19.1215748208651,0.186227755941218,0.756352262753808
-116.422604168547,1.17182876166771,-0.32656640377536
-77.3534427201666,0.364146192824592,0.143303911201656
-96.8235431750072,0.624909163409029,0.190622348640318
-96.0848812236218,-0.164262686070288,0.6048150658753
-45.3296449526429,0.00786903306288878,0.460822944136453
-109.546002337447,0.243221367549268,0.345954959455412
-103.760731258488,0.639345896444866,0.144999628970254
13.1135204310776,0.395758771599503,0.204589090688387
-110.781180192818,0.50095324801805,0.0538903535343707
-27.9033910998987,0.411178687441861,-0.00765527928888332
-90.5598456453517,0.404705968154303,-0.133701499682502
-43.7824716915966,-0.122880764683941,0.284397076015011
-114.800665981384,0.540848073422239,-0.290090484500979
13.7551099844859,0.658048143552151,0.0226501176948659
14.9342075446775,0.453071344203636,0.367459293585853
-110.426528349621,0.240639080671826,0.358806301315781
-35.1091623954271,-0.666717558764503,0.913880483181856
-63.2801479601767,-0.017371005465975,0.559234403830487
95.7673860955838,1.31604283237175,-0.258189138199668
-174.138843575493,0.0228023431554902,0.917800853072549
-134.129798433714,0.478806742044981,0.961359601009462
-9.73105089084129,-1.37031118062441,2.59282815294137
-159.468943326152,-1.51395459644118,2.06412179856852
-302.175511568086,1.42199125940533,0.00814064728911035
-57.4642506047385,1.63729257475643,0.321206934546353
2.89475044447317,-0.603476288059028,1.30200449458789
-52.3063564067124,-0.904768312801025,1.91469596979732
-50.6599353352976,0.832274429565587,0.126357582747005
-209.617674855406,0.787359993963037,-0.249381267698482
-223.968399517762,1.14575338037685,0.750470575483632
-10.5721494129975,-1.00165927459602,1.80826507994789
-251.017099363526,-0.681366084711044,1.87100776421721
-241.711468941503,1.01618255543872,-0.587266056747467
-50.4421293517225,1.43636195563886,-0.111599044666946
-42.143733495046,-0.147225484812225,0.753019647680048
-198.668108131445,0.971286983731261,-0.0381842063143267
28.0054197930149,-0.197251883000717,1.18502969959081
-388.460556635837,1.60788628903993,0.996736722350761
-775.722767389118,0.847576997497526,1.10416238819744
-147.36473328252,-1.06613576733798,1.4141654328705
-45.9488122240291,-0.018783292354783,0.745494849339593
-211.858444996702,0.405660675853142,0.534533396014012
-136.173626812531,2.39436806620506,-1.21223300820475
-0.862224379059626,0.742053015455895,0.424193760642083
-153.553526913369,0.417882513080258,0.732013111424749
-190.589002575231,-0.0753369636076968,0.980990949639818
-255.300340390982,0.891491569559548,0.525584120245185
25.6893871282518,0.517318788115517,0.952783915039618
-617.317681727887,-1.32986350862484,2.98132937701303
11.6642188349215,2.94930321689753,0.190749277840951
-42.3226087110743,0.572203264135169,1.27369587273279
-125.813236534115,3.6259006021719,0.21280756519991
-98.9351803996542,1.83102703196346,-0.70160838389711
-126.310868662636,1.21688575886947,1.23026859503443
-167.437040073884,-1.63746664859354,2.97890635523072
-503.283460483377,-0.152355934114894,1.6784457454014
-194.032267061601,1.32081882443163,0.374920154885331
-230.088861903147,1.63761310427799,-0.435738567393855
-57.7786301935266,-0.656512666759227,1.76672966001206
-334.156485256113,0.0107149425948592,0.818057752752793
-213.129571241443,-0.219147323063225,0.903791244283639
-149.8413099764,0.36417928658193,1.5379867632173
-292.245653111517,1.12908805229563,0.39050897792913
-79.6469371463463,-0.639707897768176,1.07883033961389
-76.4485550134123,0.937187644769438,0.731303213018691
-241.101540321681,-0.768429398151056,1.91267739094474
-162.648582211361,1.89215421458357,0.372520269191682
-194.001083795956,1.202572859469,0.705485791862884
-53.0606973279209,-1.87708416622809,2.70214682046208
-332.398040254615,-0.24300918859808,2.01675218433957
-534.794831741208,0.411688451677037,1.61669366366914
-243.515102502737,-2.1792144451465,3.06572437792056
-110.85032794869,1.0015145874786,1.00800155199249
-339.437755524064,0.980517445350415,0.992168124197633
-23.7426360779427,-0.080352516619314,-0.153642277160543
-71.3109687248543,0.0623831740304013,0.709186262596631
-202.518610411142,1.04048393571975,0.58700335668982
-24.2103067403805,2.13526424503652,0.280084792051639
-73.1185159712186,-0.960523064139124,2.00313505936901
-47.3808705837509,2.58970809556558,0.363536740798736
223.930893249311,1.11681173692341,0.00481666822452098
-376.330740587859,2.39404810396809,0.141177571305889
-309.371524991628,0.1620189066889,1.40782058345212
181.67448487709,-0.803831358614843,1.79519204441749
-130.396340722626,0.385515917616431,1.16948451161443
-62.5949864046852,1.73386626630963,-0.430932696719537
19.1054650336009,2.66209842951139,-0.492663421609905
-274.700020334974,1.55248534936618,-0.15792720974423
-329.07049305168,2.91814454289852,-0.920835849166906
-161.298641545731,2.03735590470023,0.399955527667771
-460.901633921356,0.661714202302392,1.85516085315612
-248.365406386612,0.500361726968549,0.576874978840351
-203.218921092983,1.63987673562951,1.34414831465256
-146.32617870859,-0.0036758594251296,1.07073236958217
-250.997810170618,0.409842679844587,1.68620957696112
-155.910966364929,0.987613623132347,1.98324428492924
-168.62210237189,2.3543683624448,-0.0197012659336906
-155.926040217892,0.0467307342623826,1.94457683620203
-115.855904263213,-0.616067873794236,0.770706107927253
2.59849957351253,3.39197740300006,-1.7949027379891
-71.8868016442575,1.89793594446382,-0.0938004532072227
-88.3012750511407,1.27278702129843,0.117007318360265
23.38383728193,2.96285269700456,-1.12656993388373
-35.4205956788282,-0.330035176484671,1.03012586149998
-28.8758739147233,2.09604893544793,-0.742143036470225
-128.500856067199,-0.553896154713584,1.67373828531777
-836.448677100015,2.10531404343419,-0.623103877383983
-28.541564127685,-0.221147024829406,0.5419115779805
-149.056957908673,0.77929697080981,2.25759286492394
-53.4117512945304,2.06575706459626,-1.25475381940487
-298.836379315238,0.0522959863810684,2.53369807709532
-86.3775720018457,2.90093198639806,-0.90256274555577
-329.524043551744,-0.00593724165810272,0.5561611319863
-33.9553699633034,1.19850275861609,0.58282604912165
-100.589023487435,0.0213403262605425,1.29015768298996
-214.093719845841,1.14440587222816,0.493499118034379
-179.69995792484,0.348893329821294,0.329938441587728
-71.2689155692497,1.41151609912049,-0.267826252704253
-225.005182870853,1.41339510685066,0.217064301847131
-77.0257770733151,2.01558537368328,0.131233394356968
-183.647119902496,-1.02035003186757,1.60722705530316
-187.802603425254,2.67895017167757,-0.513743502073339
-154.023164055427,1.55441163295473,-0.114570905454457
-49.0800720688167,1.91457092575001,-0.0621934098744532
-294.575817017467,0.0433307337079896,0.967767518857727
-198.884265278524,-1.38759431059589,3.42166023734535
-314.72296629921,3.43576176494935,-0.735554972095997
-457.976527496527,1.79956332825623,0.548330949062802
-157.165160889941,0.59125589263931,1.39855414735212
-424.690752344206,0.145979140471354,1.1166346311511
-340.098040062367,1.32970004880917,-0.270366215176182
-136.82317007812,0.743754013114085,1.013545157115
-101.869494711034,1.76614300627261,0.0237144422681013
-198.066013397794,1.35235212252883,-0.0258012057165615
-185.789523661224,0.888457810971886,1.33169165052823
140.313072180321,0.77887980977539,0.579977749905083
-97.7509470603982,1.63828098926024,-0.396849346841918
-130.593519542046,1.51717044692487,0.377618699159939
-66.0327986580232,1.0426570326963,-0.000704359641531482
-46.7810565818218,-0.239140148187289,0.591945672611473
-229.834107828196,1.20004694842646,0.0121976093505509
-75.5591791790457,-0.143250956571137,0.787251580128213
-108.870541145632,0.42352166963974,0.352815985257621
-138.576103227664,1.47544808311068,-0.366822977201082
-161.267929357156,0.0357967404943338,0.328208554972662
136.772038565992,-0.764818638188444,0.969485025276299
-144.527649310636,2.01821072312305,-0.754258370958269
-165.863200772583,0.30818644836836,0.612609423826143
-211.622086109041,0.89257132622879,0.143418282095809
-175.561151899208,0.249166261201026,0.54534442511067
142.58410137202,0.60705382321521,0.604117659572694
-86.7589731856133,-0.845149100237904,2.1007421156919
-230.083645754163,-0.465877727692714,2.53039565618383
-181.764838244987,-1.584310587235,3.29217618627445
96.2446247172738,0.286646179847594,1.46072884989553
-229.93018624976,1.84987649825052,-0.5892667908156
-109.427135134863,2.79772049076564,-0.173210855049547
-97.1524590907211,0.620332958671497,0.669430110079702
-387.307427270724,2.35952078976698,-0.353287783596897
-216.867592328446,2.41626930426719,0.407516290346393
-94.3634945045342,-0.0784928134089569,0.753119459739537
-138.525842921852,2.79268606500773,0.0592178252700251
-430.228574938688,2.49054298674673,-0.887087805152987
-99.7313876638655,1.54727864522283,0.226731095484752
-76.1874549596132,-0.819008501319331,1.19415726278385
-158.980197015873,0.547363731911901,0.109616461966652
-115.860041494037,0.700756743830425,0.0750082139711594
-196.800833039248,2.08359592707711,-0.465837432304397
-45.2418813919066,1.47136642618352,0.290041957137873
-227.010426412598,-1.29701572669728,1.94722118193022
-318.619833812103,1.14613741432549,1.25586090030265
-260.215709745709,0.251695016275335,1.38643980084453
-332.75447119047,2.50365662424883,-0.0847912098797678
-215.661321905864,-1.05895529518602,1.48869490902871
34.0237375233264,1.01671175912998,1.43129446753301
-333.642756198256,4.04594310249377,-0.920729601828498
-161.063260076939,-0.76639698992949,1.71766648913035
-466.915855051717,3.5943120677548,-0.953388009947957
-445.340162343011,1.17823567376763,0.344450263481122
-244.191629145978,-0.764568046768545,2.15906441977131
-429.088946084521,0.676423539764073,0.377267888896313
-125.49507235628,-0.053321166022215,0.918428640725324
-110.333148191601,0.70861289196182,0.967307941464242
-255.974271328276,-0.355746234505204,0.992707329100085
-114.453794267567,1.20042092587755,1.27068417555711
-238.989637334307,2.54279078362742,-0.753564737409761
-320.811099771483,2.44893103047798,0.0742441281327046
-94.6957642176949,-1.01698424891447,1.19626966697615
-466.407178966809,1.08127448899904,0.705988873589376
-96.1981166043406,-1.68735683236446,3.13401604104911
-395.272755895581,3.01360430918066,0.506637384201895
-6.64623635806493,1.08366837594076,0.427274601803219
-244.932594879181,5.27811161116915,-1.08670154659194
-599.570951130954,1.1651185934752,0.972452432179125
-353.582737127683,0.893244344010782,0.866653909398337
-215.676227668169,-2.40674278912593,2.57608730707307
-195.536613021322,-2.14914011817018,3.43179413260077
-307.469362778851,2.53772654401109,-0.597083739608934
-383.139965693874,-0.62973896501353,2.51691751232283
149.715891668049,1.17871448100777,0.428020826708234
5.72985913205412,1.47154993450386,0.566619367775274
-110.31973164585,2.75705154490424,-0.49031188338995
-448.019363714222,1.05545940649608,0.525443758926485
-122.424323431362,2.21747346005577,0.799946468076087
-568.194481638633,-0.850680489260412,1.79312642879086
-360.29911456925,3.37335542056826,0.0503992506710347
-308.9753578052,0.815370316886401,1.64127868690412
-287.578434291576,1.22495952982445,2.02029751802911
-499.452726120461,1.95145796626457,1.23765903241292
-95.9986142108392,1.12885423727857,1.48922190113808
-87.9244823539048,-0.0550978824903723,2.09695527679287
-27.6459713367512,1.20104933062976,0.529491894292732
-257.18382662606,2.91289002838312,-0.0403227611604962
48.6529468974331,0.711146262648981,0.218777240108466
-243.119419512601,2.14696726865077,-0.0287011847394751
-370.515819772296,-0.706713089858319,2.3529602320632
-56.4672607571993,1.41586429802555,-0.0983119077500305
-141.12292725264,1.86240224493667,-0.594420573643106
-350.533481122155,-0.67286407679785,0.521036987414845
92.0290672325355,0.255058846450993,0.545236914680572
-126.402284156055,0.962605072651058,0.866123095547664
-238.281622143331,0.722348482959205,0.941750830534147
-318.197046514478,-0.167412415656145,1.93698129834956
36.3280149846396,4.69806692366546,-2.61638018928716
-86.7909610054157,-0.0129350762726972,2.0023133752693
-339.733949676753,-0.0386348896936397,1.84866823619814
-303.296973984583,0.665506185789127,1.24403903173516
-91.4440604181218,2.11564203436137,0.29897216266545
-21.1267020239866,2.04573817858909,-0.400507174280847
-417.195723591693,0.443463345848613,-0.232520763194771
-181.266142525785,-1.83237882066169,3.96202744166658
-74.8311594317133,-0.413127709169203,1.51566613474279
64.1360397853205,1.46517595389741,0.78032113504014
-293.3079898668,0.41331928591535,0.596711054678281
-158.681218911217,0.0865604034479475,1.5858892583783
-206.799367694082,0.681477716192603,1.01776696337038
-184.226629625977,-0.308721545734443,1.80434246383084
26.8511700659292,1.28026953930384,1.49246687199047
-242.439309167459,1.31473121173622,1.37501632220665
39.3876729361655,1.29973757406697,1.34441915868229
-553.969612039615,2.11253360330011,-1.03541934710665
-101.857984087655,1.3508331727644,1.29850800624263
9.77067671102122,1.67450312793517,0.762491790694185
-362.141539090459,-0.497886443190509,1.72231769826612
-356.392311588439,0.697097989555914,1.37181909095671
-225.251688747478,0.625082994461991,1.83182770395069
-14.9870270619576,-0.459971346135717,1.05975472489808
-233.734617710626,2.72472542895412,-1.00923027549288
-52.6421397172526,-0.367244142093114,0.434171994944336
-266.855412278412,-0.338043408642989,1.40951046155533
-270.627498113416,0.13823657040939,0.763123130789609
-92.1605808139284,3.96691633047885,-0.985926855122671
-134.373106790619,0.915661320752406,1.27404189501249
-94.1716583820635,-0.0461856234319384,1.17933508809074
-140.505361484276,1.23723885656727,0.525562395268935
-118.480165306362,3.11413243119023,-1.17307937327132
10.4402852207713,2.65174302969535,-0.641258545379969
-245.377099988647,2.75970695444266,-0.547759504479473
10.3246601179417,0.805981550824072,0.827594151240191
-55.1672672319546,2.14130314439535,-0.6211054805608
44.7527131430106,-1.03428421442368,1.94450033754401
-219.791462298104,0.791248467488913,0.62630547040726
-588.908139460575,3.22498464875389,-0.995793568305089
-113.726569005939,0.83387992286589,0.511599361954723
-146.871142691263,-0.0257304590923013,1.77049547006027
-137.324001110203,1.12940294019063,1.33222919394029
-160.597621601628,-1.29683392000152,2.83235625937232
-111.807539784226,3.29572247325814,-1.31245193473296
-50.406663590002,1.62177932369832,-0.0109763606305933
-234.454043568199,1.02580315402884,0.0188366776856128
-86.1598897694785,1.68890606494097,0.0636900769459317
-195.711282561067,0.289178451377666,0.445565057838394
-40.665726857449,1.57770659023663,0.165039089595666
-149.556126084542,-0.151428935605509,1.5500604560948
-107.391733345867,-1.288751211614,2.15679226216162
-91.9159259228327,-0.232131063166889,1.31457539350959
-315.385476553005,0.503953062194796,1.11576647318361
-398.869913905641,2.38900576393644,-0.799544187073479
-286.411693736096,2.39320243582551,-0.620844964549178
-103.135444012363,0.248624628598918,1.85698711755686
-298.435063327019,0.834927431918913,0.257909077832664
135.673427313923,3.41358477254107,-1.05651419157221
-374.195341607148,-1.07014514376351,2.23795877530938
-81.4747362025082,2.86621718623792,-0.0311885986302514
-193.045168809833,-0.901603117701598,1.84475634868431
-530.34442384509,1.63611614632828,-0.691054327849997
-271.133891510544,1.39357864102931,0.498698934818094
-21.2579418421519,-0.463440379826352,1.41162592376077
-225.697634207463,2.22937680450832,0.177966962812206
-468.360705827162,0.583139373367885,1.18940902336908
70.722978175676,0.506836893488071,1.00529922349233
-71.5855105995579,0.738208412614767,1.06595519319671
-22.487112900606,1.53558799939128,-0.0347216428272077
-429.56325422677,1.37045879492871,0.423833778360859
-176.143486214904,0.96936881536385,0.711768674402265
-273.525022084083,1.22402862902527,0.343108881264925
-219.409409964705,1.16204678048962,0.642020608979692
-60.2478180862381,-0.0803378475793579,0.904790412974762
-187.970983772509,2.16714058959042,-0.358992968869643
-306.702442188136,1.41969139265711,-0.506206153077073
-290.619160846778,0.370412744843634,0.299529000272742
-245.019094045725,1.7251606300124,-0.385165996122851
128.325697837745,0.525273017265135,1.94780758006618
-421.206787932722,1.18706445871794,2.10290763802186
1.88842970205587,0.474487016694184,1.16498087676246
-300.872148732815,0.612880548146677,1.46272846538841
-96.5548019328999,2.27833910746267,0.721260070949938
-70.7175764206186,2.25237511581508,-0.246621322046849
-267.137480969221,-0.255198117054533,1.71983852760604
-405.542010050629,1.61148159156073,0.520624144977774
-274.654826581289,0.222000869311159,1.04877552518155
-8.83214743286953,1.28935465376708,0.957248506922042
-14.5881335087252,0.227579444079311,0.420789973824867
-142.106522840681,0.69827778506442,0.58283895420027
-39.4899275762873,1.04203506774502,-0.154659441919648
-57.1063445872842,0.934049433635664,0.0852474646526389
-62.793957159156,0.434114784926351,0.898011662182398
-122.559700989768,-1.04935023759026,1.7881368152448
-101.965465674992,-2.131229001272,3.31940286519239
-88.9434805865458,0.377356949815294,1.73981069069123
-138.061542755589,-1.44611511338735,2.4508124925851
-129.821279808857,0.182601284672273,1.27804430427932
-121.070356291923,0.879328986083237,-0.156977302089217
-7.33952499610314,-0.703563305993157,1.51675717285582
-139.666981529852,-1.73937321090489,2.24231923071784
44.2574904665526,1.74784215358522,-0.122452366640573
-120.549186279968,2.93809620638422,-1.3991072481731
-64.9083013943309,0.651919347466901,1.04307571153322
-278.046633827558,1.55159104421909,0.416738613974303
-433.49947220756,0.302068472521569,3.07556737099367
137.747910345337,-1.27437807698152,2.46091302400441
-292.222436278469,3.04402787752042,-0.339387535626884
-177.384750862839,1.48001716464933,0.739871600842889
-757.718669738402,3.21595759902539,0.8457502360543
30.3707503536716,-0.540095466443745,2.0358609029372
-117.952785566551,3.74471906629333,-1.05506853728002
-64.476426831432,0.416016196209966,1.24450979174071
68.3122172297735,1.25144715493661,1.10948050243314
-269.975481563057,1.33749257885756,-0.251353104584268
-233.747987959869,0.858544826589423,0.700744031637441
-352.702594994269,-1.04417973327145,2.04020347367623
-116.379852163464,-0.25382878826349,1.83274434525811
-294.611709514735,0.837029607529985,1.88377573204343
60.5338898566406,0.755439223768917,0.610005634458503
-201.635699162056,-0.82210708911407,1.27916977618588
-248.575283594503,0.480363778442552,1.31027721355349
-136.22870400807,1.88731796859793,-0.0544112466604929
-148.355070307647,0.370227883300686,1.59506636680999
-405.590921083436,0.324877803213894,2.1462496247259
101.263839756546,2.28338912555773,-1.158183109932
-435.57979505691,-3.10161002313544,3.05440803696865
-167.110405563166,-2.06276760180481,2.72559295059909
-144.525137352597,-1.73652706381836,2.17223411118175
-75.0876632476193,-0.807102709632545,1.5491876352462
-20.2440263714307,2.75855943595525,-1.15479858414619
-82.1336421778833,0.683947711149813,0.250446506925073
-315.513024888816,1.14342366500387,1.55298454279932
-26.0396045783418,-0.572273159177712,1.82150044302398
-185.62605768966,0.666041003038117,-0.0147626723628491
-239.439200452981,2.43669556066652,0.622362034802791
-352.28891419281,2.23881740987417,-0.197849146890803
-327.168879076387,1.72138563211774,-0.433875349102891
-127.510140701968,1.01041128317593,0.164248179731658
-3.56700934094079,0.524002398458833,0.884865716769127
-78.2784716540045,-0.399918801369495,3.22643867707757
-133.581690758059,3.11272423599439,-0.876809411653085
-42.0532746659301,-1.79705842121621,3.06072434446833
-604.274397083129,1.37825713196071,1.28009113526787
-491.552369752142,0.345203239528928,1.52811692345131
-404.228250300541,2.19715320141404,-0.374324795879147
-348.341933758771,0.122176504533854,1.57613817376659
-458.182134859453,-0.0206056719471235,2.28738850026275
56.8709156127006,3.33527477114694,0.513090111373458
-47.8646680734109,-4.8313107062495,5.60119582551852
-483.304197767735,0.0045013262424618,2.02543071915716
126.280200472072,1.89640591182979,0.274020830664085
-522.950327835526,3.57840968712117,-1.01322336416342
-364.802025181289,2.11794245739293,-0.575711468405643
-4.49187549481576,-2.29752179087973,3.12409990491869
23.8458434909699,0.584106190231978,2.15656812554516
-147.755070392004,-0.196310587711196,1.36524357293092
-81.4444080363683,1.56506468457519,-0.157478749701113
-322.05056266579,0.700556135270745,0.672776386680198
-10.6601271991676,-1.98859445171547,3.03163632394717
-244.389352738861,-0.141119827603688,1.2287719596934
-120.767763122058,0.0843206465506228,0.387861473442172
-159.37008114325,1.18989450008667,1.01567303857883
-77.0462293890741,2.00122593899141,0.347295520332409
-116.749311744221,1.25329776167928,0.443072029542236
-167.500558652755,1.21320563034533,0.579642589131254
-44.0719447442389,2.40004320308424,-0.0851363691690494
-327.954364618028,3.81155545459478,-1.22084528363484
-115.257987285055,0.736632625237689,0.407879279722692
-81.0601108050396,1.67188612182508,-0.599585857678903
-89.0219209036732,0.285035005334066,0.783475816322607
-292.357786000738,0.932191150744984,-0.202470853055502
-187.497475547738,1.32163099924219,0.0931817274540663
-392.815200380915,-0.0759064382218639,0.975629351538373
-242.867314547402,2.148304732631,0.247804948099656
-140.493860847258,-0.139708765927935,1.63782789657125
-218.616279012727,0.075199020353466,1.50234781941981
-330.557867408197,0.904924531783763,0.855946977884742
-299.537790201182,1.35185993704363,0.205965163637302
-80.687918943906,0.737275828843849,1.12085666635539
-283.746940259117,1.97063073999379,0.423360054526711
141.198269918546,1.55732809132314,0.793057314542239
-312.79689619403,0.836709877272369,0.98656122999455
27.3232226381951,-2.49423800249497,3.38640033426054
29.5913082844054,2.23512254832895,0.15884798602201
2.96511108407867,0.395309295156039,0.843893362041854
-235.830405408973,-0.359736014175724,1.07013854847173
-194.844648457132,-0.332615836610785,2.24144827986959
-65.0464849316049,2.85446012017201,-0.337155991517648
-211.860164352809,-0.0221543773950543,0.903465191062423
-173.523264374526,-0.227326869193348,1.45134494058584
-489.50725594219,3.82667641286389,-0.813473239541054
-196.614915566504,-0.162047543475637,1.60489206179045
-188.741928014846,1.27388868911657,0.857352305793029
-128.67366556832,-2.29417191242101,2.8373101033867
-401.775718523975,-1.6293918831816,3.49400872730894
-373.001301439275,1.21524652068911,1.46739267394946
-45.5782317366029,1.3850295413697,0.970316679566167
75.7592247876746,2.22594893744099,-0.953259624177008
213.638730512452,1.43540472847235,0.470510145969456
-147.449565157411,1.14272924110992,0.934157973002584
-179.590984954746,-1.64505830191774,3.11464138777228
-287.033582803124,0.933474092977121,1.86784178058588
-180.666778038627,-0.313770441614906,2.04746191242521
-94.9697074359574,1.48830232355976,0.563290024700109
-261.935375151661,1.29510673580808,2.07804524619132
-521.749055362161,-1.01675392242032,2.83787446192946
106.917324999769,-1.94284441843047,1.86263399127347
-185.255622609591,1.30361585957144,0.353138977458002
-249.779518823419,0.277405706256104,0.887553586519061
-144.460097124829,0.676300321472809,0.876507029432105
42.0325549303961,1.30984737761901,0.421235950634582
-68.9433074463595,0.739163648482645,0.701096273392523
14.2157101830235,-0.354649821354542,0.735710862616543
-278.55876164895,2.05844107561279,-0.54037361650262
-57.5998738722701,2.02691655773378,-0.9629076045494
-239.109913911554,0.54057611166354,0.728909775978536
-303.321787437046,1.78358636370103,0.074179727009323
-176.525035062907,1.54745352153986,-0.308570381559548
-147.991484035694,-0.285382429683523,0.966484105636482
-189.222583205701,-0.108197016146732,1.2313966093825
-7.5062392767577,-1.18712355353637,2.11879334390687
-258.722396996636,2.2925530194625,1.09170691066538
-280.260011891271,3.87352204258968,-0.427671233512228
-417.429588157014,1.81893804838182,0.185597622767091
-71.4377161118609,-0.417904067231575,1.13062518149673
-234.194730960984,1.0720125509979,0.373622826155042
-133.98187286577,-0.475382776592596,1.04615272787669
-562.341701576792,3.2209820516955,-1.11483052463154
68.1335303155447,-0.0921648149869725,1.14430912946409
-34.5974695901459,1.31943336404947,0.343498160378203
-1.06018736436226,1.60948612862558,0.0575517831857724
-201.358279233202,0.067550519874203,2.48741203261307
-111.409960883844,-0.804238079028437,2.32149972927073
-57.6888788935539,3.62981472818501,-0.962608533664024
-356.372488046802,2.15159863681765,0.108801936439704
53.7002015666149,0.953002337919315,0.170181241584942
-298.855836414303,-0.667718050593976,2.1155446425546
-182.976284795906,1.7247612097708,0.541945101707825
-23.4772714238425,-0.409415953101416,1.97415440028999
-298.554601232485,-0.795980554939888,2.65149760991335
-577.267881340864,1.07402279872622,1.8179433737314
-673.891934737447,0.990472759076511,1.196498160396
-43.1671016712062,1.73417657792743,-0.0228886563272681
-294.706462791524,-1.41138041723752,2.98420688946499
-274.003402017581,-0.593155037422548,2.49309302726033
-119.907686796971,0.284388248648611,1.65528636405361
-265.734232844603,0.537804566672321,0.75637308799196
-127.819984861882,-0.497247662293375,1.66700925320038
-325.166080938827,0.81509356857714,0.582166032865644
-16.9404217140109,0.487074182077777,1.81874750062707
55.4762955783226,-0.904919794338639,2.13234350791026
-325.960856936537,3.30237967077301,-0.758767944949795
30.6518612451764,-0.749754519616545,1.85208742137183
-296.887512248537,-0.691996383233345,1.90981786395241
218.895499863705,1.4019152310284,0.128117871616269
249.053923259729,1.09564033913193,0.916219913378882
-381.159504109499,2.06464661577775,0.0404931867524283
-216.779494503149,-1.65668666504644,3.04396620660555
-443.046303523573,1.55014001284144,0.609869659208925
-95.304652377532,0.947854468133301,0.415959984484289
-165.633012231996,-0.232307357291575,1.64738798627513
-300.522691547032,0.176071630761726,1.33835278912738
-93.7817697838,2.68275186984101,-0.104853320281109
-182.653942578074,-0.0266826831939397,1.02405280560379
-128.286732462628,0.53083605132997,0.789009810439893
-75.9899940911855,1.43289182896842,-0.571270550237386
-145.857247499152,2.26045406683261,-0.787305484045646
-61.2204557568416,1.22956494853861,0.254005541617516
-181.318296336409,1.48653639550321,-0.0574031025535078
79.2424450609396,0.741900915832957,0.605143927474273
-71.0632892911453,1.28988280090016,-0.315349500699085
-110.787585766986,0.54760541516589,1.31924193166196
-109.78881134151,-1.66886041108228,1.97601482753817
57.6226378833817,1.62611568000284,-0.49749888649967
-63.6434244683041,1.18204699150374,0.537595417592456
-359.814327935921,2.89182004774921,-0.684456029801368
-138.92009675008,0.239917086692003,0.52454739616951
-399.551908268288,-1.12350736703229,1.81533153376768
-46.2064469499455,-0.527911311000935,2.01015122363606
-238.902235572066,-0.669314828934148,1.28235758176015
-36.6131830552476,0.500483048381284,1.93160873328816
-685.792786415856,-0.632220465602586,1.78644478726574
-226.922904656756,2.67175577120724,0.117257848418376
-190.1552246879,0.599438161982107,1.29496344545623
-27.428314063749,1.57504395314572,0.0472999183402862
-461.330990952047,2.19042319536675,0.343648469279287
-38.5954024980892,1.17102428310318,0.08697382977698
-166.443988520237,0.345432189060375,0.687104075717798
-186.246430627776,0.317075822938932,0.764021010778379
-91.4649320444587,-0.501794550062186,1.11216915478144
-26.8827253693671,1.79632016765026,0.877336985198781
-357.731429143811,1.81917283998337,0.520427996991202
-55.4276487529296,1.60670967555779,-0.224618662061403
-238.52846370654,-0.461613653867971,1.14673894891166
-153.924155752306,0.602041838894365,0.306810008456523
-92.6874568431085,0.397163395973621,2.03634872562543
-228.121268202332,1.23153434571941,0.963585298730322
-16.0318140502495,-0.567160303966375,2.88578172770212
-17.7322720898374,1.41462095427414,0.856860740357661
-251.515099122491,0.679005171419703,0.817312519739062
-340.586878093891,0.583925689948956,1.31858436649782
91.1690201965393,0.491481880409992,0.768969078781083
-264.680887021968,2.37293014094757,-1.33924625800137
-394.551980766482,0.694991990545532,0.929287834354909
-30.5188049017015,-1.20681801968021,2.50358523884643
-113.725210094737,1.51076810776249,0.995927828276763
-118.627357002013,0.0615162173635326,1.04294393293912
-167.846982336043,1.73339010750351,-0.347534509204706
-144.836142269123,0.406580274313455,0.899030694490648
-302.080709420901,-0.612824394775089,1.5823975442363
-144.795778677639,1.71863321142155,0.0786392576701473
-6.02334018601687,1.07730798075499,-0.0534445691737346
-420.747720398183,-0.753912916551599,1.81200595111295
-219.713446885151,0.799138035537908,1.4463435728394
-302.374737683553,1.49406590226135,0.019951542828494
-400.717000066157,-0.269898490994819,1.5181258693774
-63.416676117602,2.48522835332551,-0.783292108077148
-198.777046344141,-1.02806598128518,1.58058291178895
-44.765828708958,0.597571006961516,0.160175239405362
-265.062267359968,0.110053338790522,1.08506619439868
98.8931026157372,-0.0628275882190792,0.925401027925545
-113.938123279094,0.674193366445252,-0.172508372477751
-177.771395209682,-0.0356608392357884,0.904414220785839
-201.60664788348,-0.0531005050579552,0.97040518024005
-299.442693084187,1.14156502114201,0.551736083056312
-69.4544446301043,-0.394085285428446,1.86051166272409
-181.128844869294,0.334296401651045,1.87358882730769
-328.947283277099,1.7653210660792,0.640802856258233
-73.1028232931567,1.18363859719466,0.620898706867592
-321.009039566052,3.96390413405607,-1.98983593422963
-278.136683009507,2.44347605990515,-0.0861038346629357
-188.188152583665,0.626663184404606,0.58663368228008
-205.386770086683,-0.40176544741189,1.95900396048091
-449.908830374305,0.372726412162592,1.91534269596741
-45.5423669586453,1.31039960285125,0.950540169782471
-379.514525144426,3.24513646864216,-1.34458787511539
-288.285216892848,0.197185618986623,1.96327321593344
-267.703483773708,2.74107443049434,0.620993618300417
-363.043229774841,-0.0498396562616108,2.3977378711279
-0.590129262694973,0.647476641344838,1.02167325444316
-336.128854589042,0.526639264149708,1.05843915068544
-124.9528035494,-0.8358728921134,1.6487792115222
-44.8907125632613,-0.514575914581656,2.36746628186302
-238.316848022267,1.25042823115655,0.650493090972304
-74.8217381202412,-1.2566026787681,2.63698809894413
-74.6178185320023,0.909120504225939,0.626572621142259
-157.261784210001,0.194593485837686,0.888614137638569
-66.084104962385,0.742522377102432,0.690955804702753
-228.275207073675,-0.325843872677069,1.68512455330347
-171.178074125841,-0.672285736975027,1.55583413211571
-134.300597915193,0.750698975789419,1.08179789356655
-418.852262456901,1.61058903214871,2.22737681746366
-64.6431502387259,-0.365794820216252,2.3198756836282
-131.271204916005,0.842647423902235,1.28321759081882
-293.188774719546,0.997711876116227,0.68385862337891
-276.169223016099,-0.437288249435369,2.72646542168513
-365.125642561878,2.21423910225712,1.08547170055681
-364.168821892934,0.788361169426935,1.78219520218772
-352.66389343109,1.18830811986118,0.285746159497648
-255.858109087581,0.322429473570082,1.48565913247876
-209.245139103587,2.00064788281452,0.884839634883974
-158.733042074076,-0.833358036354184,2.47232888708822
-245.197296732476,-3.16922996997164,2.97884392886772
-386.52629614075,1.87649391390732,0.172460683825193
-519.09709384451,2.64527567338519,0.717376026121201
-206.315375388571,2.48052601469681,-0.380767381815531
-317.153268509937,1.6363795389916,1.4577231373114
-411.191650075532,0.896243875089567,1.13464885596477
-345.729153424432,1.13717374988573,0.453974122257932
73.3044800966163,1.967338627961,-0.828221702977316
-353.701386982277,2.48682145602652,-0.536782993149245
-525.63373197339,-0.0886546801339136,2.14239098122925
-205.234928084657,0.598514379089465,1.5118966497912
-277.414120509609,-0.966154534784437,2.33645528624766
-45.3393994414073,1.91050574775727,0.548940190266876
-188.549271808527,0.167159890203038,2.27170716805267
-458.354592266318,2.65298819812597,0.457464502862422
-230.320800739355,1.11398419247416,0.94746755406959
-371.803317896673,4.29106466945086,-0.624232997302897
-504.838491245137,2.31160441125394,0.25075601869321
-284.877324393258,2.45552116495674,-0.211647204916517
-582.741608356693,0.786633573137806,0.919917419669218
-385.016006514663,1.04355528474116,0.327750356605975
77.4651221225868,-1.24478460102182,2.29747889929786
-110.563726124339,0.435829819665742,0.84860166749786
-83.6895377055334,0.980281778080098,0.721483417208219
-404.031271073676,4.72597546812904,-1.91250430310902
130.656824729522,1.44274624480749,0.364463244870421
-657.200757055332,1.39054601095268,1.16438215141534
-163.679064908298,-1.72113393276231,3.17251512018265
-76.8796605414536,1.22904382486013,0.649522742081899
-291.885899546876,0.756315718055703,1.00137514860216
-236.57652483671,-0.574102915416006,1.1632188125368
-129.16237495096,1.93845562635397,-0.45079917248222
-76.7900651464006,0.728962296794634,0.167194564506644
-441.754450499742,0.485533163497166,0.339850394508176
-196.808114380212,2.02904080774169,-0.236145101996954
-335.570964786716,0.692616163047205,0.740672419589828
-69.9935580363453,0.279638655032613,0.508624154361314
57.6021267042815,1.32254760855722,0.189657678900403
-58.5272928121194,2.7601937148429,-0.59562041163008
-237.836244048543,0.892758536152542,0.376533117363579
-243.016666222335,0.926981323893415,0.0726968230155762
-322.172621227495,1.46909732097993,0.186076383099135
-490.937339693366,-0.286792872357182,2.90113069477957
-216.913135150597,1.70957953728066,0.0743227509083226
-350.707991877218,0.917971287010005,0.353470741218189
-152.171454067357,1.11716284989961,1.31627830366779
-135.142460006835,-1.76397673063911,2.6426499127374
182.418760449742,0.121087783540133,1.15158008304934
-159.446105223469,-2.0553290896496,3.11371233256068
25.6559057888589,-0.971382038289448,2.20126367926423
-168.866487475258,1.67472064230242,0.973107911668194
-360.130971312552,2.19818467129517,1.12823564702376
-317.617422371128,2.62242161207541,0.509439434321393
-369.49140729614,1.79394172095635,-0.293565138272243
-242.579113197833,-0.541189047769876,2.83368427136156
-83.1052288230421,0.823467193342367,1.77460746880388
-38.0455241195998,-0.43915042799199,2.00421904196992
-427.825878951091,2.81704774545506,-1.18628569968678
-315.243420575105,0.173439963058627,1.64296122793166
10.894250190875,2.84463044405129,-0.750375535943931
-217.764294033957,0.389372094359715,0.614831670245621
-7.1671892385566,1.81657765843556,0.640569016846712
-53.6948461710126,2.36856613550481,0.549474607869342
-115.738121622926,1.6474189665023,0.771360965583881
99.3548766306121,-1.00084537746443,2.32068916731805
-91.8849720817016,0.151108094421431,2.83395578064665
-463.326947007386,1.38389568802086,0.739029585590742
-328.085919884974,2.4314036010328,0.4153800222266
-280.160040213625,3.53684810808045,-0.999964086202453
-325.033364748655,3.76248215447413,-1.26727443658456
-225.837506930569,1.60772274492774,-0.0370948255585972
-18.2296696073317,0.388852026349923,0.580620657274267
90.8920560217653,2.20412078712252,-0.425262896445929
-339.48808927543,-0.719120562265744,0.965407090057852
-396.956543301625,1.29206084660109,0.471438887270779
11.4101265247446,2.81304527084285,-1.01792821742129
-209.092340160161,2.63705899383785,-0.122590699698776
-162.959532583205,0.537352870233008,0.203684991720365
-44.2523391038908,-0.724099680985091,1.59249679402274
-317.198326932819,1.86024135258504,0.458770428816933
-553.291969057085,-2.85567462889594,3.27138567277871
181.005819951941,1.8759996818917,1.262252856337
-205.683166460189,2.39066448264202,-1.08746013708151
-142.080390477484,2.62957982873195,-0.245017157230905
-513.210993021145,-1.27378916615271,2.74530394257454
-155.996348163502,1.20241152134258,0.530683066943311
-195.717821896119,1.86417614379025,-0.587480643753224
-185.796530469903,0.149558226286899,1.02239477538387
-292.690295364162,-0.190153296942299,1.38499272654008
-276.650334987207,1.54615101389209,-0.226017777604284
-51.7327006740234,0.801059796714981,0.291181744352798
-174.486489628315,0.334319548878739,0.554040646733483
-228.770988302946,-0.582919690859853,1.95836762850013
-145.787728634787,1.62702498023282,0.582389575895377
-156.531151293266,0.383380278333789,1.65379326790571
-279.753018984047,2.32526873551251,0.217116881398397
-107.7989650995,1.19070651070069,0.404317523482405
-239.308140661935,0.945648927201546,0.905320238874992
-294.888219438129,1.25288506680226,0.565062904895967
-97.2907795095452,0.22915242145973,1.20712618055404
-307.803282814293,0.396809589345139,0.762593194885994
-11.7369831171818,1.1198109700872,0.143568911436887
-279.840638877253,0.0761106121026387,0.685213788925466
-11.7707814854512,1.05671968131355,0.377096061958582
-236.49544574297,1.2749937173503,0.0556615814275574
-186.962437163835,0.936405610191287,0.365516227022454
-38.1919876208412,-0.704318228192278,1.08494037773926
-194.726559034752,1.63425046086195,-0.905791918776231
-129.062241181062,1.79102050835445,-0.149721668072743
-102.959171850314,0.869634306851367,1.11849299589994
-18.2239066822949,-0.967820837307954,1.29809059453328
-141.396688072142,1.33428129623644,-0.256160448954688
-83.285189826478,0.590810990620639,0.959133282129187
-228.998476134557,2.35839356169527,-0.157026797356593
-23.2773354902165,0.1680914728895,0.529485510851373
-425.152215857001,-0.673636642637575,1.95097095136134
-201.784645531661,0.40345761772187,0.604356594703859
-45.1307751663262,1.04526210538461,-0.342287287283398
-112.409126625746,-0.112281406790089,0.420347435341682
-116.655479042713,0.428090571959842,0.438500911885058
-17.8332864782242,-0.0120256611335208,0.635055775521323
-124.120590213832,0.268447105736414,0.728022680210415
-180.319399189728,0.351085894370044,0.201128978136694
26.0820737777394,-0.742771034507314,1.13585270859767
-47.5737263673582,0.711437047175423,0.265545060610748
-135.45684092155,0.449966997766751,1.32201044884278
-53.7610562583868,1.30660375228035,0.326341980871803
-172.707383810975,0.97268004003854,0.614019825403375
-59.0767344127526,-1.24596215451311,1.72317922620277
-321.867480626242,-1.16500150250795,2.75284357819328
-326.441997127673,2.72293811650889,0.551075571565889
-106.127479440038,-0.95904631781741,2.04122063762043
-327.944394172984,1.01484992403857,1.01604741526535
9.27760346064315,0.613472968852875,1.53906148767601
-168.266140617401,-0.576996501622489,2.14872689836193
-674.640333675139,3.65242841508825,-1.43366616267303
-235.620801077243,0.434554145656875,1.64262791538931
-184.315592710904,1.16687105066376,0.746296169498237
-145.674847364076,0.315865873504663,0.86739128105728
-209.580881209065,2.82676464239194,-1.03887835441856
-74.8762262519158,1.35665711915499,0.787604847646435
-249.321227172186,-0.521850812539924,1.97299575245415
-223.826136758114,0.588611432132893,0.721692127088318
-316.943717527625,0.150697920485982,0.718459180381615
-350.485644581277,2.03482729179086,-0.215894753047905
-495.516228327731,-0.076879340915184,2.07745597689063
-381.339928859816,-0.338417062695953,2.31341094651725
-301.429155637154,1.27551401761593,0.135543927568506
-607.474854892789,2.16410290094791,1.40928766111756
-256.215061228089,2.25426921664621,0.139203036749677
-82.0545348684827,1.86145037728784,0.660793121511233
-243.039390041209,3.57168063046993,-0.229279619394219
-514.878937922418,1.69509736200416,0.217017414877773
-583.796500185243,1.2424354684772,-0.262826204765588
-466.52149594645,0.960385731901624,1.56103496848846
-109.13867921647,1.69458208521246,-0.00895485255750827
-370.800693259953,1.82767009235977,0.547959094139514
63.0599583490798,1.95106133698573,0.154094401565089
-274.431459156607,0.162584253346722,2.22326651073945
-303.782829181699,1.19635792807094,0.604036565928254
-241.026706798468,-0.11513602942432,0.607486736698775
-85.8490637737414,-0.341331227415139,1.00652653119323
-98.3316682845762,1.31540548741395,-0.428396274437546
0.815711448674847,1.58480718212377,-0.875427446295362
-277.251167895996,2.16089680633013,-1.11790239925904
-229.839714805566,0.706322931742761,1.28502858977299
-317.909283954214,-0.863256982760504,1.41894034471807
-407.093355274264,2.11006437506876,0.132415545002004
-378.846619606113,-0.875104283040855,2.27735695825322
-57.9504796002948,1.43009654970956,0.852329952433138
-214.505544091873,0.367108712511254,1.48872353474144
-287.675913125495,1.31083599886188,0.450643972420949
-352.418169627519,2.3458281343319,0.0853782105677965
-386.588078480418,-1.55647065900121,1.98951772620421
-200.045108192848,3.00450938937138,-0.226447529217694
97.9106689213804,1.00669566416764,0.918983279145323
-289.40752557668,0.911878014889226,1.08079722053662
-210.46331547579,-1.18437420000555,2.55849134724122
-41.4878802980093,0.615645688383665,0.564593131799484
-263.988422992668,-0.705818646514672,2.02190526990307
-83.6600489163393,1.71095379795588,1.44976845869678
-141.574969535446,-0.0255154224287253,2.18998392249341
-594.938350288401,2.40436704023159,0.598363369441358
-116.843853977567,0.757580754616356,0.71983362735773
-139.254008744741,0.657077155636216,0.765504027389397
-357.318990463056,-0.340567744482541,1.55974531293032
-298.318136364163,-0.14807194963214,1.50409641429724
-1.60243031526988,0.332696222030791,1.26952664908458
-86.3125676183408,1.50729663651146,0.0390580545645207
-99.1905371903522,0.809715560673794,-0.154476982250344
-101.941034747433,2.0078454250106,-0.683678396083451
48.6329767172031,0.495440419352235,0.573565505255829
-173.863924309539,-1.26529474656854,1.76082238106756
-101.617337823307,-0.0545264544853126,0.699023185519764
107.275550525403,0.365782647597371,0.148998742039112
-9.03661651603761,-0.145788164169062,1.39936850062804
-92.5007828999805,0.940826628204377,0.49141236297146
-171.903059409742,1.19105194148506,1.76372318950598
-284.561077149913,0.756903881498147,1.97415510076098
-63.1429841406722,-1.30194067255798,2.93320658009179
-66.7332489024266,2.26062116723915,-0.319213809345456
-345.900185488434,-0.376646310731303,1.7710465372511
-152.399144104304,-0.0362829403948126,0.812234661192633
-171.581078416028,1.82345972023904,0.904355130114709
-370.202352623251,0.401490385003854,1.29087965321378
-151.694048634002,0.793761551292846,0.460472920238317
-274.600117849943,1.59712410464272,1.35258821191383
-10.7134560602844,1.74620078466978,0.486709471282666
128.441880939747,1.59402438439429,0.477662320372474
-132.774974931555,1.26751903520199,0.473865020729136
-396.699707456646,-1.15625439093128,2.84224870059916
19.5795356310409,1.55004106261185,0.858248957636533
-440.688087184244,-0.974898346205009,3.85927875261405
-182.764579612412,-0.97739332090714,1.76000715567716
-404.226648923497,1.25362534226588,0.51471762478468
-169.98691909296,1.53497427602269,-0.184753668261692
-60.5064004062406,1.2723998260044,-0.17540994254523
-105.896272062848,0.442380661988864,0.486200685620133
-78.3688732994633,1.52038017776795,0.731902559113223
36.3562927596504,1.08969816246099,0.313369003153639
37.7777781676268,0.849758188793203,0.724446282838471
65.9970568136396,0.884492612029135,0.193949544031057
-140.824313389989,3.4821743450666,-0.923230337823043
-250.450106782417,1.53265076313983,0.405330082314322
-94.2112700282596,0.997422867647401,0.523781183219398
-34.7412432391793,3.12173416034602,-1.03779095860955
-1.59925251011737,1.04959897715162,-0.295449105033185
-18.0475888348119,-2.00779608119046,2.24304104561043
-233.507528079441,1.84198548375571,-0.701353793541784
-224.387935196326,0.84514358695742,0.561564271218231
-314.507803908789,2.31914951049839,-1.09016847002204
-187.78894330794,1.93044261398609,-0.669473644760728
-213.690777445474,0.270968139069737,1.34382450048793
-91.2637327389093,0.827437072235625,0.382776122285577
-86.4943509437435,3.0102713157321,-1.12454402161529
-249.919231049353,-1.07009235974692,1.81916024854581
-0.0772787437454099,-1.54110908396251,1.74702312048612
-161.788591995573,-1.18077114124026,1.81062005273998
59.1478813958092,-0.15328994372976,0.817482747479517
11.7336044712283,-0.236333251727046,0.626168283517472
-37.3326535027882,-1.16841538883909,1.45796039187918
-114.6897511977,-0.182979768302175,0.964211564808465
-139.870098352083,1.73887601259048,-0.570631199700074
-187.645148878742,1.84346126843593,-0.0736195575718739
-87.7197336551908,0.0916634240711574,1.11681379764923
-69.2463387199957,0.167983548708435,1.04047227343017
-136.987289826153,1.56119676879462,-1.22603798993805
-57.6598871281458,0.718848588134279,0.0609099466964835
-118.887756146956,-0.456184302311158,1.74348788858333
-177.384449106466,-0.699332021871669,1.96265046897315
-497.341748454201,0.942443573498167,0.859382147813449
-189.480694735424,3.81900921469787,-2.07710734989814
-493.52224214295,2.36868292045256,0.525731203255418
-112.823645390527,0.940084254216345,1.44746556224811
-328.774056565584,0.545605609106133,1.42397766721683
-100.426490154758,2.94095967117391,-0.694431110259757
45.8610407021188,-1.22576280361682,2.09877576024155
-237.522198891762,0.1088601107258,0.750010823307093
-8.85802863765275,3.43349704378488,-0.424519257911015
-217.896796582703,1.27882378669892,0.464119785145158
-137.844501656189,2.75079331785673,-0.982324748591054
-318.161437389994,0.530104027653579,2.05413175070134
-163.534318255421,0.0653545722452691,1.05438728589797
-35.3427810794965,0.721389524973347,0.568616867130913
-167.83915241222,-0.410198146913899,1.92487407493172
-23.7861881557619,0.339617081801407,1.08576669270406
-30.2226569585964,0.953915102299106,0.297570824797731
-110.954343323581,-0.473964018776314,1.95943454641383
-264.845726998406,-0.104456584696891,1.7832751875394
-207.570197521716,0.728589193837252,1.49321038235939
-271.630900165852,0.231403095203859,0.757613701549417
-429.067157568003,2.46387317631161,0.95349645067472
-128.464391163114,1.23474445362808,1.7448874021029
-216.969200108055,-0.492166648880811,1.61350712327476
23.2242407601298,2.42261797454194,0.17419401108782
-201.075530394096,0.586537930765189,1.27233571304532
-432.402423167623,0.973780518042986,0.987191495485604
153.13056274761,-0.310942053289182,1.1806327838276
-181.015276079823,2.39488947426798,1.006583257893
-235.006269898122,2.49383991181094,1.10665701163816
173.57282236842,-0.859919597380213,1.10939378156036
-345.450962985851,0.799103237455711,0.87545740535279
-204.76288191801,0.883551937491575,0.755782650972833
-165.187684332651,1.57738267713285,-0.446412408768083
22.5864493980189,1.09793052947498,0.855966234434163
-301.316186991116,-0.765090677406988,1.57602167554433
-73.437725140473,1.36546209118387,0.104781192057999
11.4986864750717,3.68030092833214,-1.33123945869738
38.3708910164969,0.914592921471922,0.803506880329223
-324.532936356074,-1.01002312588389,2.89500534769468
-271.64024466109,0.317782309786708,2.49171392219796
27.1925097680214,-0.763617741962662,1.69224562135059
-340.541423035014,0.908177420758875,1.17518974994891
-45.346810910065,0.502764281074633,0.742102409363724
-165.244345259212,0.397727754461812,0.779651376971742
-190.455589668702,-0.78117997838126,2.22459477472876
-345.528894453921,1.49101890309248,0.32913511012157
-93.414686207223,0.550187182641821,0.432506843393639
-331.513199079229,0.535497496763128,0.127082042616166
-287.689110298161,0.828746074912488,0.252807932440192
-53.9824526163466,2.71833275226527,-1.30286955883093
-167.99066796833,3.70205554508721,-0.363513467251323
-575.264883589291,-0.685487053648103,1.52705929183867
-165.305170044157,1.79716098732752,0.780966126243584
-459.426201259321,0.2144741799342,1.59666462155292
-210.596713135659,-1.44419538170041,1.67466587222589
-440.738171844237,-1.99027077479695,2.97351415925368
-304.182989239301,2.58208607954202,-0.958093516965164
-584.131053330566,2.43450664911506,1.01668503807741
-379.849393539596,-0.519656275981106,1.22391835542157
-440.868368951793,1.66596505164489,-0.0599306123622227
-188.961481337552,1.08129453810398,1.18203240362345
11.3833717933339,-0.579499434999889,2.14245555485195
-368.714974830935,0.13949829118792,2.77637127056369
-255.803149306928,2.40074211452884,-0.635863820927625
-503.815265955185,1.29150112390926,1.17510093958117
-282.01313937355,1.83014572156026,0.746746595671084
-122.181616172311,2.29604581738204,-0.707429063215386
-285.249161220563,-3.08381653539254,3.2355293163273
-496.463943384682,-2.75679199752631,3.10697712383808
-106.568784847463,-0.464142719851225,2.25111348037899
-388.218740326993,1.93545079161413,-0.828278250890435
-547.786374879252,3.4166104386095,-0.352650057378924
-303.963735586223,0.325580777425785,2.54188357360363
-322.76316842917,2.84477944369428,-0.864343863431714
-405.800066224678,0.701169736625161,1.46688661704684
71.4781370125129,1.82079779166816,0.310064086996135
-553.074524355194,3.90333044108411,-1.9890630440932
-31.0796523414829,1.79537443320442,1.18489240367126
1.33448635399691,-1.95557520409056,2.9702308306878
-447.879940327475,-0.831048155596363,2.37553537644271
-76.6698384330375,0.75555984688981,1.23679689437267
-162.982012582168,0.34073433620506,0.274683607407496
-75.5089820296926,0.118378841936646,0.792878927546553
-76.6333694519317,-0.373611823859392,0.915964793879539
-73.3861070155108,0.546224738991441,0.72570325831839
-123.794227170903,-0.00126572631415911,0.649327281513251
-59.469941764648,-0.273402314531268,0.808255937485228
-261.307645199959,0.97992965910089,0.377694197028177
-76.0375964964333,0.504254348510585,1.71623037537211
-64.7503730877943,-0.612278857210185,1.63074381515617
-15.5031940436893,-2.12087265832815,3.33216976389303
-271.042202292214,0.601909927070665,1.25481376774042
-80.7193083389284,0.311112869178032,1.13594152184669
-87.3088517602591,1.14492813612742,0.412935429834761
-368.456217108716,-2.12661900738021,2.28119414082903
-299.298665980969,2.43161675969895,-0.657201069159782
-383.529478346412,2.49568603067019,0.101255596688134
-394.474250310392,-3.29789352875378,3.65827194186568
-126.945072849157,0.0024411941121798,1.27144956831035
-54.9379759906733,1.17123031986921,0.758088879831121
-153.131694969241,-1.19564439747046,3.11420596878452
137.80408491358,-0.64680453458277,1.41723751273821
6.6953136043594,-0.0695911951333983,0.564338096293795
-199.741202386766,1.08272909661173,0.0044932821765542
-153.36897229185,0.960783198519493,0.592188861948671
-175.205370054289,1.32502138509881,0.108345967833884
-544.882166006806,-0.0473455984465545,1.76589439417148
-274.833261150299,0.167277188913431,0.956753659491369
-288.024692277715,0.206842194173078,1.66477176357284
-112.384890414556,0.27662327458529,1.23689005757842
41.261435885739,1.09824065570865,0.875756840541726
-387.725513954705,0.667964076070348,1.38502196990157
-381.147575195115,0.882527217749157,1.43722293735482
-72.6901835898389,3.51410146345734,-0.957199995813426
82.9984838660821,0.072758964381137,2.41893739439547
-395.612527937323,1.58554781383282,0.323556364266551
-7.46318609232185,1.82894919712999,-0.337988470644632
-96.70553148217,0.50797685264115,0.744755058829469
-64.0382729264966,1.3247129569645,0.145457888681449
-276.315186413325,-0.587487962067826,1.72389873531938
-436.04268009212,2.18191325995576,-0.855174794793129
-360.499757243531,-0.790757178838248,1.62569539798642
-171.967382171464,2.10510447618435,0.192122284257493
-454.705485926475,3.19570250574907,-0.713053568266332
-226.604718183167,-0.387787605795893,1.58841229253176
-117.433578615426,2.69543361624528,0.27215064963093
112.957053175924,0.0392123634956079,0.922189602802973
-114.878973789651,0.366171614910854,1.37741282016759
-181.84218498753,2.05037306778104,1.48026748041957
-605.738122207171,2.29755532020863,0.45426080609468
-435.943917570832,2.06171848258236,0.295765146594931
-348.823123615352,-0.028867906978121,0.869887220833334
-16.2410053384519,0.634020963523653,0.192487740278011
-201.344544859734,-0.783172849871335,1.77836277610913
3.38913031370612,0.795270413829712,1.29539724285132
-173.694148048846,1.41016142550507,-0.089352335431613
-210.821640292001,0.223077400762122,1.81061035139101
-68.5375085993146,-0.534423718709149,1.63985079503618
-373.554582871497,1.17950304289843,1.20857143650937
-390.390805213519,4.1249042257914,-1.16861561288533
-240.195618466518,1.21498954794515,1.0424230771896
-261.072945633437,-1.32461155409692,1.76173826019749
-80.1892583732333,2.46372184361462,-1.20939815235761
-239.967430741657,3.31897807234782,-1.26322538070963
-390.1629560648,3.07504262923248,-0.520746816053361
-233.95984127697,-0.0914965616439076,1.9904962991568
-32.9063940907181,0.511465982461232,0.931894316454418
-116.786817894608,0.752947616460006,1.10983282476082
-326.60883032126,1.73753096869041,-0.417960019694874
-36.9625197355053,1.17509726334538,-0.135104342451086
-151.892351906878,0.304148961768078,1.49839729635278
127.835751669802,0.978653178535751,-0.194435213488759
-240.050509714303,1.39999498057296,0.869098242968903
-92.2150424404244,0.24886732559753,1.601220552413
-180.814670136984,0.962788837045082,0.570740336945164
-95.0959691568132,2.763526957453,0.120558244438143
-106.158675594153,-1.96482648632082,2.89371214140556
-42.7317498797856,2.04071603818738,0.783077819345635
-170.458519249521,1.38805713978218,0.492726510987268
-178.007372566735,1.61139696183818,1.20547283554333
-280.857414376107,0.73206011253933,1.14538926299429
-246.835987919621,0.496799465501681,1.48534339179605
-82.1767743920791,0.264494469611236,0.710136117391812
-198.099493544387,3.65253487988957,-0.378629037666542
-193.400776938615,-1.29759539739462,1.5803904280765
-368.831895346535,0.392380790697644,0.71689861631603
7.6277297475026,1.78764937618689,0.342625333083561
-387.127953766761,3.19228310904873,-0.639787099682508
-245.072204200318,2.21433311258443,-0.189037893418572
-206.555447779676,0.693143349708407,0.753987413452705
-573.679562692894,-0.794824186756159,1.84692446232657
-208.757842723659,2.62170128661273,-0.542494870285736
-99.0600141281102,0.693269541618065,1.30337464651893
-66.6775902891386,-1.1170358271047,2.97428752467385
-355.364318939319,0.408061328926124,1.42463643109659
-248.961218754077,-1.53664210181887,2.75081790157128
-2.88930796607019,1.37085506142466,-0.180309741241217
-292.921560072813,0.740892425281345,0.992949602319641
-29.4813811716667,-0.869403700926341,1.9837688973281
-343.400669182421,-0.425323129387834,2.50454815113335
-220.986549901005,1.99469654572658,-0.544092963798903
-376.530501784291,1.65135604870738,0.092493783304235
-141.45962584237,0.746923482307466,0.209141187864589
-236.883867533848,-0.0697453214070265,1.50807286601048
-53.6617464082155,1.47629778977716,-0.204886619430908
-251.304574287205,-1.44698200374842,2.8026206746581
-472.419500267482,3.43057434824004,-1.290721080004
-124.656630135018,-0.186799815463019,1.10672408554819
-246.798674117876,-1.56921711773612,2.68792093318189
-170.175822200632,0.724324878290645,-0.0184677498655219
-287.459323290183,1.74508133772179,-0.328367701207753
-154.015847787083,0.284665615414269,2.91099376541388
-86.7396930914329,2.07018726541719,-1.00033545795304
-280.715710048884,2.24263532944315,0.542908354982501
-81.183772221324,1.07997075743333,0.00923576561035588
49.9145738149164,3.70058391691418,-1.29415804779273
-118.454324755366,-0.529112690188413,1.93130068216124
-283.764708379909,-0.703052961092908,2.22649858934892
-70.5489701373881,0.968344591718051,0.249194900563452
-303.191164832941,0.669354808240314,0.68961770736496
128.309821976,0.39261169556994,1.65145439352
-155.448795371587,0.911714643647429,0.788045011737267
-420.229387987943,1.99772115368978,0.744727739467635
-281.037365865617,1.61844742031826,-0.158564414668945
-142.842647908055,2.42708853812655,-0.175209367342177
-104.097372389559,-2.08642240857625,3.02538864337839
-212.976160787846,0.308183033514069,0.823311976768309
-137.00118075816,0.448741128529946,1.4640459797447
-319.722032770587,1.34410280043812,0.928600481187459
-207.131782292796,0.501266710802156,0.890651215682738
-72.940225257742,0.300668158946792,1.3276321045123
-284.798327872064,3.17737628653413,-1.59770533848496
127.138893078125,2.53171682301763,1.42571755076642
-222.03777749859,-1.98140253279416,3.10661772507592
-181.125396458643,-0.108108474203618,1.89119248982752
-348.09033586465,-1.12915664742468,2.91672794733768
-116.307292388981,0.632881648198236,1.36639208107954
-68.6467725244295,-1.1377964001731,1.71100361102435
-6.89827510538453,0.366930106698419,0.0259005195475766
-167.43613881943,-0.367960810603108,1.31491687422385
-203.855652462462,0.605918863202533,0.596583020582329
-94.3628521819119,0.522804650456237,-0.0935127675475087
43.4532871035481,0.917856595624471,-0.281042870163219
-133.786119695054,1.19479575328296,-0.559612026780087
-74.119225208502,0.783802818972617,-0.0743742690392537
-136.277939238447,-0.128179078452376,0.666098724825133
-153.878363625448,0.854712832056975,-0.506591538971406
-106.852233811527,0.31436268442485,0.252951083512926
-263.630680371927,0.528945660451427,0.00862877978943288
-86.8502600494248,-0.295113066698832,0.937188470856199
-61.6886978781258,1.51103441856685,-0.439261570340022
-51.3307042010128,-0.150317808060208,0.411608459457057
-66.7079816790938,0.236810832728224,0.210323168146715
-15.8966891219752,0.711552688579104,0.583456709311577
-74.2105809419736,1.06022032965848,-0.043063624968454
-309.70370221675,0.275216055117198,1.32913901935899
-163.415098960395,3.73941128977094,-0.715467011923465
-139.397110207962,5.04129266292148,-0.974570041784318
-461.172573710297,-3.81760403182125,4.55066418073329
-453.692625002499,0.183470058625971,1.84726576437424
-52.6852422143493,1.74194483595784,0.505522133818886
76.2040478783783,1.56042112014256,-0.261821348511148
-68.0447283948306,0.754451731358131,0.145024056859256
152.038829791552,1.04492120549548,0.531218180665746
-170.594197679355,0.0524666939508052,1.05840998271015
-70.970033894846,1.10703496876522,0.812625937454868
-129.995395219128,0.188262475014199,1.8433047824492
-250.766313758591,1.79488643810328,1.19382540358129
-144.328710904316,0.414534385898151,1.00479604816064
-338.834008374619,0.549303839245113,0.554945888667135
-261.251530177251,1.66180981967136,0.386185918701813
-254.497317167552,-0.143648766708793,1.40776540445222
-229.567068168661,1.47006779941148,0.0940369467243727
0.277519315190148,1.30309864915034,0.12545208868687
39.1892042229629,0.427206278989615,0.155398207920371
-69.5542568599049,-0.0837022208725102,0.755250243955743
-116.123884644476,0.0336256369191688,0.109021636613761
-161.616476636613,0.550402878354362,0.532760811503977
-224.114620926193,0.954658600673611,0.0386368292165571
-23.9671367708506,0.396066148416139,0.602334807481384
-242.087051848866,0.511388441482268,0.792660540406359
-126.843852982638,0.401210857722617,0.227789158307132
-456.412741306645,2.15289369082893,0.157065703213448
21.4830880049267,0.389266515892814,1.80725453593186
-204.440067905516,2.25811668216193,0.232008113271149
-303.753427874122,-0.525908479874488,1.54332141352643
-307.366705901004,-0.199888060305966,2.0941547051043
-4.5138559487259,1.10963154515775,0.374701738182921
-158.556748269199,2.35494809001102,-0.30731502197159
-90.5901339037055,-0.491589596727863,2.57984389399644
-216.249499926664,0.330077126767719,2.19666784239234
-165.576673185977,3.74954171005811,-0.611715359300433
-189.672466140619,0.648725492705125,1.66132077742805
140.362803324067,1.35994077150099,-0.32998744964425
-303.867281808793,1.60901881133032,-0.221539741294691
-312.28290295694,2.3114448372944,-0.0836224531958578
-287.297684296122,1.18368274755358,0.786559607717209
-55.80669869337,1.01979069178924,-0.515920240839478
34.8030669857253,-0.447250609606272,0.951350000432285
20.8405631649948,0.934270029974869,0.279358427480474
-361.320904837474,0.0204602233570768,1.25019733948284
-262.986592930562,1.55138392385561,-0.350197314590332
-167.718753504174,1.36883905489231,-0.000596269972447772
4.85614373491262,-1.40227434063854,2.26710537716281
-317.318790970843,-0.336612386716297,1.81934170725435
-6.75889634860141,-1.36766685498151,1.92692264867947
-421.337069544854,4.68553400349629,-1.20067940102308
-133.841403906597,0.798433513922646,-0.193793839658611
-55.7706818238184,-0.703263736075314,1.3155298271505
-102.378818469442,0.0754458907904336,0.558353099339001
-11.6845027227737,1.03149894234957,0.0843938793987036
-35.1275937147093,1.20124050418235,-0.139005717384862
-104.92731589824,0.57670331504778,0.482594619126758
-20.7775357585342,0.688671127383714,0.307800012567895
-90.7731443305529,-0.754434682949068,1.185059956646
-125.120584653079,0.692499892000342,0.260879536814173
-29.3647129187593,0.861019195392146,-0.257118054272723
-143.728911715247,0.652106375360745,0.357561455661198
-33.6091594374302,1.68455695953162,-0.48042076890124
-58.5433934869361,-1.09325160685694,1.70508619278553
-49.4640732284606,0.441094110479753,1.05403877348181
-440.429848237618,-0.419277147360845,0.997761129721766
-402.04386639221,-0.750665368366754,2.48430849470606
-49.2242609972454,-0.318579146914999,1.43608345965185
43.3047849003779,2.98780645604711,-0.36395696304885
-197.105705937749,3.76059273631836,-0.472419485740829
-481.659340641912,2.6631096857891,0.0779782051104121
-424.926522805163,0.335846687303274,0.951350723189535
-27.5923503901286,-0.678870628355071,1.27228992978053
-220.764461732178,0.417326522827352,0.238127981385333
-142.19656995884,-0.351341976958793,1.38044563858421
-142.797416201982,0.0553521982074017,0.592066151712061
-207.781985972775,0.34180351102259,0.621214117636555
29.7933886879619,-0.122732784337131,1.26303343867767
-18.5196672719994,1.40417992098082,-0.115738227774273
-16.3584154631062,0.00289814929419663,1.01228961363086
-30.6747945631068,0.313752268826647,0.358438958239276
-120.929544255479,0.465451420903264,0.256698009034153
-67.5527350479097,0.561706963431789,0.289510907859949
-102.641333944812,0.230367085139733,0.224204236568767
-92.5390472428699,-0.557112525497359,0.959786499508482
-14.5702844600892,0.0365998384775139,0.219244183550472
-94.385782458703,1.28210581740132,0.0596807670517592
-145.03053415777,-0.239713246730389,0.599222352640936
-116.565252776229,0.287849668038689,0.291507737262691
-16.92357047103,0.255642904725391,0.226178997691022
-164.062176268533,-0.463232128611708,1.09988957332098
-135.848183167371,0.36940130412404,0.472620432163239
-257.061492312991,1.16514934462612,-0.253752431162866
-42.8576418403973,0.884626837443648,0.0796054180100327
-51.643404863964,0.315609978810244,0.264319045818411
-65.6647349885316,-0.594271002257301,1.20193990692496
-33.3025938764331,1.13412849709857,0.306115153012797
-109.891165095483,-0.473825108118035,1.53048741754174
-140.61066792348,1.1696441375243,-0.656725630768051
-20.906552291548,-0.768882562231738,1.56998844406917
-163.550284647328,0.618307958335208,-0.0130872971276403
-33.810738082997,1.75656828800857,-0.129433704540133
-140.011138818358,0.266613449115539,0.732908363584102
-162.452087774443,1.10689556805301,0.325874986716371
-399.811694379372,-0.0538234037812799,2.48290800122049
-25.9871498818702,1.48749955880339,0.543598713033134
132.568031824034,-0.448567768122302,1.73109300869874
-229.998056391778,0.541992969057901,1.83896848947552
-203.833378536045,1.66487909957505,-0.899762268803897
-194.338470952513,3.90772444894537,0.0670147739294862
-111.296473865499,0.288573306330363,0.621991299209185
-49.8847770830071,1.71951890792297,0.488261170408805
-209.792342145243,-0.176121791999321,2.12994096925831
-136.825176036742,0.892968875014049,0.491075142181217
-273.058325922466,1.26620379093947,1.37481364592531
-282.510857207377,1.65104544813221,0.0374361854483141
-166.494396354938,0.716767179750605,0.916269736140748
-404.595583894035,1.80431720317574,-0.106307448892039
-236.482938289279,2.45518455017009,-0.939924616701319
-101.531598870322,0.649177046536352,0.404043593385722
-203.584692600376,1.49222031788668,-0.331516534904949
-102.976728242127,2.64211704279296,0.172261888450066
-406.855529875174,4.75565617990651,-2.21691835057572
-306.299229688651,0.576170475396793,1.63887168994734
-702.967526453682,0.244393341999967,1.75053436725284
-178.753903216071,1.10610235590138,0.225801041233353
-267.07916995752,1.46395299970754,0.738870910528931
-71.5035878261406,2.02929239552759,0.102093159803189
1.73070328727772,2.96139623458293,-0.0939497799845412
-157.03776424651,1.01918817017577,0.820902156061493
-428.693323615124,1.16732269935164,-1.02981106578864
-411.015561858832,0.240046129485563,0.970462559547741
-259.953476065159,1.58032784439274,0.367743806018552
-4.87695551672368,1.27282002189168,-0.153182673617266
-61.4548097111256,0.731427121599154,0.25157457368914
-92.8690838428884,-0.570811860117828,1.50149714081635
-259.981417721665,1.50751447281436,-0.388031671609497
-186.364313811006,0.108717949624406,0.577150447941676
-450.64313015329,-0.0179130226606503,1.74961324813194
-186.229169241851,-0.908562909258762,1.80559756213916
-229.571731815464,-0.0164839296558057,1.02171385846304
-158.993616681269,1.2300273435103,0.327787705093215
-255.374055453285,1.10220088623464,0.703452513887896
-536.074518070775,3.24990684775548,-0.641780619022029
60.338070698861,-0.421851265789883,1.28247048318735
-235.558637736745,1.1158987844974,0.342152836281457
-219.313325941868,-0.106246186529461,1.43927799192898
-216.139993245539,-1.5011651191744,2.45246622194827
-247.85288673882,0.835062137339264,0.302164890366839
-234.688720298131,0.111058139038505,2.02807051705895
-189.918897869778,-0.803290425392333,2.28784399505821
-171.13419440962,0.112969752735808,1.39461526679952
-122.868996940551,3.43622264683654,0.0233205023396295
-372.390574000805,-1.3787261020916,2.22137460834165
-137.237674040691,0.430166978694615,1.04678686134139
-269.28035649742,-0.853124217450386,2.49895502180152
-312.670938559764,0.515353621536633,0.692137215883122
-211.13575491251,2.48034327375353,-0.568468890873191
19.3344026477425,-0.219539704470662,2.14602419348375
-417.866534540997,-2.214663684892,2.5823158600615
-467.211626680808,1.67015453752538,1.65282774498337
-347.530398125273,-0.00490112179249991,1.96195525649091
-351.872261544981,0.791538174547895,2.15175612342136
-513.356749971368,3.28572899621213,-0.169133888659417
-384.840913721157,5.00873870134274,-2.00504090762115
-112.308549929439,0.556220759492135,2.2111571729256
-223.570912614479,0.395422952322406,1.421756494492
-160.614063884917,1.40872169287468,0.913941453109146
-476.005459626889,0.910771034075879,-0.0793272678129142
-139.461813390808,1.00676705931983,0.629619689745596
-138.247679593012,1.24710050368594,-0.0488248739566188
-222.11131378432,-0.446215148826013,0.86687269974027
-126.192525825347,-0.587679940403177,1.18916300727869
-78.592715351755,-0.57531172488234,1.50618512347864
-232.504762254313,1.4917858488061,1.44340672736871
-135.141647459666,-0.744000821505324,2.34277169339475
-189.808958201393,1.65551081883677,-0.0872000351955649
-111.279279627629,1.03496059742611,0.300606490069185
-114.763770143807,0.561297958935029,0.6799164905824
-266.369401416021,-0.384318712691311,1.1601846266276
-307.27407421737,1.29153439379297,1.07691556500504
-104.60223119639,0.0670098731425242,1.47490065390593
-430.133669148447,1.0281530344073,1.54509211469849
23.500067779074,2.31265861394058,0.230245196955366
-47.5453413187352,0.668144942013896,0.10068464044889
-265.754391388735,1.0618911483034,0.411788554573832
-148.177371146347,0.717682669346686,0.699510359940177
-328.704837543777,0.320371926715325,0.766869176397449
-303.393456909427,-0.0692010191414738,1.17038928392867
7.48832141698222,1.71999627591867,-0.643360233506428
-93.3521703122606,1.48884900997655,1.50639683252666
-28.1009933856694,3.49553983718943,-0.913464661600301
-168.469363306245,1.10345591497025,0.496947381019709
-19.6860763074365,-0.626896721907542,1.30279602654628
7.82591124053579,1.77228575493064,-0.213818951655412
52.4540524185577,1.9070977201045,-0.759468277661654
-234.306717307103,-0.393441824096953,1.37441645705258
-96.4977876004123,-0.308460666424253,1.79639897853485
-381.535176915721,1.99102446713368,-0.19442269629144
-153.587767615769,-0.0236228417488746,1.36988261517035
-357.373552017409,1.10521466287901,0.980487447046471
-605.195852521661,0.593316295331533,1.01226742877407
-46.3010675850528,1.25562818690378,0.422050645356649
-315.576183623838,4.50472860370064,-1.68857055774424
-223.290950604158,0.729183700168505,0.773281964648049
-181.205674515601,0.596628246887121,0.434998657379765
-55.8976642022899,1.68753720663881,0.308812781153392
-208.917844315598,-0.843824744195445,2.21273353013385
-78.6148247330509,0.426589307346148,0.867338104537339
-179.916370363237,-1.32466134932474,2.07535275325063
-263.508849898521,1.23843851940183,0.152968895461527
189.42657686922,1.13997555349488,0.358330569673853
-235.032567972943,0.804608285558061,0.618562289993861
-24.6932837213135,0.826486395861139,1.19205860873626
-147.480170595802,2.51345528815727,0.92445939607569
-315.240584722487,3.03243017935893,-0.824385113432072
-105.224887736542,0.410745355402469,1.48574071776238
-167.807199602546,-0.23592801077757,1.48538352477044
-235.01436286496,1.73804459269741,-0.479888556219521
-86.1470614084101,-1.44859358460963,2.25210028640868
-96.753998549997,0.752481621879269,0.0490778002349543
-195.653520279477,1.85363917522591,-0.278935666705365
-525.109610727668,1.54602669525775,0.0221557424229104
-218.428493053205,-0.63921917884727,2.0625124196813
-290.819884779354,0.328573325386969,1.77437265159097
-215.89962662675,-0.302953650156269,2.26104556375503
-76.0582485503837,-1.46005789382616,1.02165645986315
-181.409263222988,0.40593830223952,0.386119767776108
-172.46678661889,-0.58016256976407,1.3143355816137
-139.455494687878,0.200320817675674,0.52154703776614
-65.4135648091615,1.6031262690085,-0.687964411554276
49.3057314987382,-0.68368119202205,1.46637516425108
-172.800705914298,1.01790211332991,1.24267456465168
-238.835425855163,-0.0735449339845218,1.97547367232619
-327.416696902954,0.993156141717918,0.764650620607426
-6.94976332254737,0.997786700703728,0.851133547737845
-283.852411069034,3.89158441647305,-1.43253399935202
-132.171774817893,0.304933605948463,0.574790162820136
-321.050729546623,4.03365047767875,-1.39042417478049
-191.67276570532,0.399150480428943,1.80098019386787
-147.988398479443,1.50827227092668,1.24810745034483
26.7822900627243,3.59106745481222,-0.657590141745914
-46.7889635355023,1.64772413316678,0.630746018781792
16.9606873359589,0.908178426121594,0.597361362335505
-492.55756507747,0.0182214085607484,2.25233905910864
-431.784318314654,3.35887724663189,-0.337192468883586
-627.119104175574,0.351357331004692,1.85890524755814
-24.7936912380683,3.05563394865749,-1.31929293819121
-71.0923158624064,-2.98042919182626,3.44045294342141
-130.265742442549,0.834798664262053,1.49124455286073
-131.782780117966,-0.287883660814259,0.549060732941143
-97.737367927024,-0.271689952001907,2.68517216836335
-83.5230945702888,0.496768974444421,1.17568132666202
-298.388435418718,-0.134520326719212,2.05458873775206
-206.9686347713,-0.671127762267133,1.94242348021362
-222.076852716164,1.42351304297335,0.362497217138298
-225.092444069625,0.620702543354128,0.515340927842772
-90.0893271943232,2.0725248903982,0.424081246907008
-266.773704690888,4.68010751284601,-2.55394350022834
-537.56221406831,0.293300306337187,0.174948239866353
-160.856613172356,-2.03981099380326,2.58959490736015
-78.0918420640228,0.280338453892909,2.37203033473634
-224.324272936414,-0.178927592613036,2.15554443483416
-94.6114719522229,3.15990717487875,0.210007737128763
-162.207998651496,-2.12401565286564,2.89382393228152
60.6799011822586,0.68841953286028,0.366252049541799
-417.843235026514,0.278265887638554,1.01562640060001
-84.2412526276021,2.38052867574606,0.149919397401391
-65.619539835403,2.24145222292282,-0.472918461076915
-85.4571721304092,0.0516707638307707,0.482347176533949
-55.4757369978179,0.722775400972751,-0.334000483766431
-102.753324058081,1.71705035206833,-0.80857103821927
-165.269199272439,-0.160189374902984,0.64253306799219
-91.3656797103467,-1.13414321184973,2.25482317928254
47.7080347156443,1.72736902683573,0.389952335215639
-29.8756347832968,1.24498654155468,-0.0699488197860774
-126.339596455236,0.16215085980366,0.764879156712141
-141.853744078602,-0.0633820337825455,0.862819216219577
-19.5155969647385,-0.229950191423995,0.880523634914425
-85.2783003056102,0.974826311809011,0.172865728760371
-83.0825906112618,1.61327576308395,-0.0334524626086932
-122.218921304884,0.253357350498845,0.571058807050576
-174.462096516363,0.924672841669235,0.264201411839167
-272.039639116127,0.548529484512983,1.2805155258784
-143.230960328452,-0.530300634971354,1.35708532227363
-240.684082146734,0.317028408491751,0.837656479656289
-444.563514258232,0.312210151911131,0.488299351316527
-327.029847787599,-1.11423264438054,1.88535562497236
-115.965566024923,-0.625594067008933,1.12643526238389
-33.8937209951109,0.034034512063954,0.838784278294042
-232.807457820363,1.79277571525745,-0.515666960680392
-130.592690733688,1.09301504455289,0.650541011244059
79.7373276779254,-0.10404368719901,0.852793159996509
-53.9664333985274,0.481148053822835,0.733991107583279
-95.4901783256137,0.391993229655782,0.734432368917624
-398.688569276361,0.308489822680713,1.07256191022316
-600.722725860391,2.32702033900568,0.932003717178304
-477.396455053595,2.86901942951954,-1.16460061396356
-386.381327458274,2.13573218139118,0.781329296827607
35.7438450751797,0.242578351229895,1.33546762297919
-100.030151240704,1.15639651548554,-0.243030256657221
-87.0680868831914,-2.24389014186454,3.14653051434288
225.591419565499,0.760639244319464,0.131768840816221
-276.622459602535,-0.841015806538053,1.44348522303335
-148.242259463033,-0.311862278838817,1.31888055021409
-94.0196758545499,0.119539217790589,1.57639739153092
-429.676315454526,2.98375544261944,-0.137140290971729
18.1638047467277,0.724258736867341,0.355246216349769
-96.786161607306,1.92549650423462,-0.764647719741333
-766.331671712658,1.38033560260374,1.11225391018525
-331.215352077576,0.782675262169505,1.53811752791262
-241.211247649895,-2.11892810831523,2.50845575454878
-76.4660234709263,1.54153325082734,2.57754740201563
-321.20003881208,2.26478714264522,1.22081919640186
-915.273076985963,2.81469536949589,0.613168855386903
-199.593945937086,0.841306756396079,0.862451931854594
-212.933466610644,3.28243211401059,-1.23156074238068
-104.319780536287,0.465072812672588,0.621869435846747
-150.143728012365,-0.0294987378001679,1.12592168607807
-238.005986180244,1.72957528363622,0.200071305471056
6.41581423490879,0.907271295625833,1.27363454412989
-358.121661088953,-0.553873010750976,1.43864890159966
-314.140015021589,2.20256389475435,-0.103962893884272
-223.613994124491,-1.82674826070433,2.94082379699103
-429.425805383922,0.187649470964971,2.29468505935438
-81.9605100311455,4.0685240863786,-0.108468171434652
-326.748111683715,1.03102822666551,1.42617618697113
-171.638338174802,3.33604255266255,-0.971697316628706
-513.24590699574,3.72209968077368,-0.640288992084606
-124.069071055914,-0.852768104203278,1.96156763286854
-202.310006400963,2.40296338548069,-0.533941464294912
-23.5310376011694,0.315238048191532,2.66997163603082
-98.2858322695829,-1.87735844674171,2.56246397960058
-103.622169648328,-2.0312705761462,1.91075748007279
-354.87053584354,1.95974526260397,0.2242772927857
-226.359676522739,1.22274509292038,0.854334508720058
-416.338456397447,-2.12389361747773,3.16834677594397
-474.628662693614,1.30132628543288,0.703522545743908
-94.125450031489,-0.0661491210048553,1.64404144854052
-199.737485309204,1.30562163941795,1.34776262214655
-348.079970092782,0.693190658683307,1.12602475233143
-125.280086712984,2.83429636360961,-1.03193569932773
-69.4594809159753,1.01418354270754,0.890258373574397
-115.179402851325,-0.0373017250094563,1.73020556103438
-11.1789712818099,0.72182116064505,0.536547251758748
-340.799823408188,1.11421259116469,0.125527992044226
-139.126457311457,0.957766915715183,0.432421976904152
-138.186847971363,-1.07741522272408,1.51319235435949
-288.195832277968,0.851951954085962,0.0313991617076681
-23.4301483204617,-0.56057495623827,1.11292790256266
-357.240864407875,0.988440315893968,0.805029381386703
-276.563182881153,-0.0178473255364224,1.06845387983049
-81.1131846908211,1.40828204869831,0.712597274890868
-262.890421777112,1.72514753235737,0.478483112634422
-371.661814823543,0.317538444302045,1.97560399143549
-97.4104919325619,-1.16828900657856,2.32301049715352
-132.520729716067,0.751756499219482,0.698131508324877
-24.2455916556355,0.294527302234201,0.517150298081106
-241.493902475486,1.42784677154123,0.937335194204934
-197.315555593523,1.78854122368648,0.0461179296980845
-16.330040943325,2.58783064201998,-0.416052571214095
-524.631404644068,0.983026623114711,0.739249891455984
-327.275265601813,1.17209602051298,1.57755223442291
-281.964401145,-0.201739472751797,2.3875295203361
-322.658564275538,1.09362365519337,0.923685363981349
-287.405330245703,0.657264398309053,1.30633479492735
-53.8014666523377,0.708968698294484,0.952552499162266
23.1826722516053,0.722835777798537,1.17038719997799
-286.043494773985,3.26948288729182,-1.11806237188284
-409.707094294674,2.25000314995123,0.666462846624199
-287.43932851476,0.376138263745815,0.838177686498966
-113.925234672526,2.78169702809828,0.586047404562123
76.8228963848887,0.416206822614186,0.682309154362883
-409.20986672961,-2.17132039075659,3.69334766119937
-251.251727480878,2.11344790358271,0.226843272874248
-253.816758751258,0.838484789215727,0.409977463968971
-44.5389464811742,-0.775156972784316,2.62843043575413
-370.878717208027,1.96538237691857,-0.131463735277066
-196.333023983403,0.696576948626898,0.622567177269957
-69.4629573579805,-0.280808321884251,1.53704314394145
49.9966149187821,0.123142435990303,0.639400707512323
-166.44256471474,-0.0367916962422896,1.63280396856862
-193.255909811007,1.80247343564406,-0.0790669035341125
-54.6696894403722,-1.28239035292063,2.03040012839483
-27.2580229341111,1.13493950714474,0.189421135321027
-193.647818869606,2.13533985051617,-0.107323925905803
-282.774515331028,0.745002518597175,0.784910185982881
-284.423813765286,3.11207067672512,0.261158913781401
-274.608815393607,0.887155314936535,0.0371810281358194
-523.099975128411,1.02181523130275,2.21602730036102
-74.9379785416604,0.853294811851811,0.497400184227445
-389.952851713664,2.86096110996732,1.01339520775218
27.1050606315803,0.629398866065458,0.211760213936941
-217.717617638977,0.844033854395093,0.423015725071309
-55.9810845887841,-1.56432516349014,2.64438115039957
-496.239276486274,1.85914683593001,1.44475531433636
-311.544478955806,-1.44464658656943,3.75932326366456
-291.41610672115,1.13934419726138,-0.0998334410251118
-291.596514470468,1.84969946020283,1.03500416108727
-222.761411736217,-0.0691684980192804,2.92794512759428
272.126323892815,0.467326118101482,0.60258428423549
-397.024229173304,-0.206599553825072,1.7663902873901
335.823752633172,0.5725529270876,1.28827763108711
2.93720660925464,0.705340965185314,0.74148462159792
-173.606445536105,0.718621113275731,0.490931819731486
-221.322833252343,0.69365599356388,-0.0943002350686584
-447.33129572235,0.803702747900388,1.24296380996384
-78.8525978526959,0.952235010998265,1.64344401779817
-100.875655193027,1.31994410959305,0.824731759043061
-97.5222903964168,1.2474572819483,0.52704915162758
-214.254680459355,3.41138180084818,-1.23105742874759
-713.135305099393,0.565856140252436,0.376045276414516
-124.883670141244,3.62005124555071,0.322756212233799
-355.758911329543,1.38466861192137,1.01365773739235
-312.253724984999,-2.47513813318074,3.34620022964373
-526.508292276878,-3.33678369506379,3.99376169755487
-146.361988705874,-2.62781015554356,2.8116229436273
37.0024964099648,1.89173755427328,-1.2133675297664
-248.923815193109,-0.877906979410909,1.07744415132038
-214.819157852231,0.418726411371608,1.23890835768361
-1.99806336179608,0.818961385753937,-0.00929240346886218
-128.652947017865,1.88702826922236,-0.47398131187947
-55.2485774157249,0.124163646250963,1.13787073389904
-228.369365656319,0.874361446665716,0.454772217512073
-100.085469544385,3.37865295176744,-1.00798589151236
-189.276893084856,3.18685393733904,-0.689140254951781
-486.900385460203,2.7311235449306,-0.352532334367424
-221.348521879001,0.58155297319172,0.0611311746179126
-486.345177550553,0.960621499572881,0.0976004783005919
-204.158879295021,-0.226872793864459,0.923284469929058
-156.044614679922,0.199944677064195,0.336088631447637
-92.1096051459172,0.14549151652318,0.841309559953515
-205.221705032862,2.59645702320267,0.162058202637127
-203.716304665615,0.316426477176719,1.21286922923173
-39.9372443339344,0.814671666084905,1.64061176004179
-110.677503123916,-0.703301657144038,2.26387072095531
-152.226339496643,2.63221300656005,-0.47372020604962
-228.819077425949,0.390996069298126,0.218965932916035
-233.367587646862,-1.49548769145622,2.75536956021097
-199.409502883773,-1.51811011007521,3.17679990032047
-264.6072485779,2.87901241084182,-1.49236512297648
-57.0981706502571,-0.0342595119436737,1.19235135951021
-57.0302966436575,-2.60418002164806,3.0749899788425
-351.643179062259,2.61946198518854,0.0486699471948668
-210.006923592045,1.04472965939203,-0.659859617589973
36.1562835015648,1.41359885456768,0.482977795036277
-382.970386075518,0.617418061199714,0.295750357487123
-164.666012628329,1.80510173889343,-0.255233293864876
-255.207507720319,2.44257281097816,-0.895347946963739
-23.7203840887814,1.70848795458187,0.385626449351548
-252.623587083857,1.96778333986367,0.889949548462027
-442.867411714753,1.10079033137299,-0.317618839624629
66.2514704000641,-0.250138565184898,2.02728126643342
-56.4542502723925,1.83278725957643,0.0849273300991626
-136.069198139459,-0.59032636480697,1.19966349055403
-5.90121403320518,1.52056968595571,-0.502912179777923
-151.487011877955,1.18555222499708,-0.0275991445960244
-34.2186128393078,3.29883058807172,-0.725649660314957
-68.7559565709089,0.0247063065617112,1.48007460810186
-4.75696026475634,2.10574852878926,0.63374324812321
-106.108383611398,0.410728336253669,0.598892540892848
-176.148189762505,0.178646119195037,1.19694958293985
-223.572763075277,0.485031512289424,-0.0207285928445344
88.4957302795592,1.39887237014045,0.670498847353883
-175.053376992859,1.70847538023372,0.358754987391876
-1.58283755003504,2.23438959973646,-0.262744078871037
-81.6338482740102,-0.0351415674449527,2.95116304911062
-115.245898710818,-0.169416430100682,1.76329803265435
65.8234937288216,1.58355268358719,0.407064235325379
-168.16601133623,1.47480851438377,0.969424993993016
-278.540635294321,1.24016839475371,0.321482682604255
151.86419548071,-0.930424511927413,2.27019153918081
-142.889563415854,2.96089503262192,-0.350292769435328
-359.462931374627,2.22169885892072,1.25144826923497
-83.495891457198,-1.10642539888795,2.42259237435792
-267.980628592355,-0.00926413183333352,1.54552175669232
-439.112891804545,1.2398979102436,0.791115188709227
-217.922147436452,0.30299796590225,0.855435343034515
-531.402480406556,0.456253845419269,0.709734374599066
-323.103630996193,-2.64118747710017,4.23459584084048
-389.327201534645,3.61916160093824,-1.39897914894755
-466.623907317735,-0.0148116876371205,1.47912991358317
-280.907806179486,0.554950519173872,1.38459767349195
-184.064153062674,2.33930809280719,0.289189627896121
-222.842764889763,0.0593401012010872,1.01485479908297
-30.4620402632863,-0.865103247015213,3.14498960583296
66.3906876238761,-0.543731323254178,0.841710817934654
-342.440631891601,1.10307302168803,0.700907062739134
74.1059746048968,1.17406042441144,0.232132351808104
-357.650875739491,0.00725415610713753,1.61521562418056
-174.429753516015,1.1532121282944,1.32674025090819
-79.5190057136933,2.00637609003024,-0.642562499328051
-158.947603243199,1.21334675914841,0.511542503802048
-14.579093406981,2.89048301154253,-2.27315875986824
-216.321824866711,1.29192226475726,0.516975069745968
-187.066818121959,0.637729584967019,0.806736706341326
-315.962459550061,2.23945359132631,0.400728794164024
-253.413496643231,-0.870531997032231,1.88176836376988
-150.424085830094,1.26817967821262,0.688588729826733
-235.39238687644,-0.175228993757628,1.31688342865709
-197.216180060728,1.27123488691723,0.809945116940071
-117.55673905056,-1.54102095583403,2.29007024031671
-41.6216731280842,0.632064236880979,1.10927103773793
-192.203904505313,0.490080353207304,1.60010721170693
-355.988029993474,-0.202144312104792,1.67040726567211
-224.710603298878,-1.09964835552091,2.2796499104079
-146.658970333421,1.60423792068559,-0.193395477275772
-16.3347518022201,0.457576777727809,0.000411308807088062
-27.8935491078591,0.522349702252541,0.0649374599015573
-92.7054213340816,1.55983506859047,0.184288358417689
-56.0203200147325,0.974274559470359,0.242829263748717
-90.3819386796094,3.97408944967901,-1.70842225999513
-212.250753026112,-0.231639962003101,1.30411100329366
-361.914286342195,-0.0699798983878281,1.67812175014114
-257.201955057579,0.533975892569288,0.232192761584884
-68.9022571504065,2.33966521112598,-0.208957754866788
-13.8084883701085,-0.434734585564001,1.39121757124667
-129.831973018707,0.157695432630135,0.105889360740548
67.7617131756124,1.53222400318919,0.0885366004476964
-122.934257013461,-1.97046844396391,3.86914380179951
-26.9157590084069,3.18636472602111,-0.298332880927774
-857.954918892618,0.291065813056775,0.892292283182329
-304.307485036057,1.40821610466082,1.45271350246912
-155.476153711075,2.91765346488683,-0.519979055257863
-475.146945808432,2.81387956012622,-0.548681582477002
-63.6659629214337,0.810473069679574,0.862303066038294
-165.926484365569,0.989736616708797,0.984067400422646
-197.14006235043,1.43501120226574,0.610121118534153
-567.401530864496,2.22989408794092,-0.715136447252007
-244.461892643449,-1.57663091085487,3.697615606623
-292.399583174411,-0.111884251607989,1.20382411891478
-58.3360560739238,0.0069276775320759,1.00220458558761
-39.938359304695,0.396700244862586,0.745481976584415
-101.287078784575,1.1662278623262,-0.166985585208749
-97.407959583139,0.469001398327237,0.295297466102056
-213.584349361656,0.612811261351453,0.727509550692048
-145.729148738625,0.359795860538725,0.439864726375959
-79.9239787482002,-0.330864132658462,1.3240858787758
-176.977833719327,-0.455276440743205,1.23191977549868
-221.474226126636,0.184642920769647,0.853791493515018
-239.355571680881,-0.311696269185632,1.41264605546894
-55.7256177707168,-1.0450296445706,1.37267346975932
-130.214775030472,0.85366929959855,0.317562555224868
-6.6445805401454,-0.0967238100856775,0.405867530236719
-72.9990985001932,2.00916239490107,-0.52709118331768
-94.0118727856461,-0.228227105569204,0.668709145753382
-87.6838949369012,0.284247130693984,0.637517114715592
-187.885842649615,1.72644524431962,-0.650205569254467
58.7228775865296,0.555928895366378,0.246290382317966
-72.866196770894,0.816157869194285,0.488317296497371
-293.067424405323,1.69904193604498,0.109878712682985
-32.3641493802061,2.66389849421466,-0.863618007097102
-147.32045088525,1.82827824904234,0.696327229932649
-192.925102462041,1.40373663018545,-0.124283312274201
-286.611625512494,0.260153245799302,1.20274958333175
80.9313886718428,1.08004617203551,0.546422488157987
-145.719167777308,2.14813987290836,0.0328256442735437
-202.753197408209,1.13835149667284,0.352217210645904
-139.621774843297,0.828983959319885,1.01742571609793
9.90454809041694,0.631685179920169,0.840049449368962
-157.028156673914,2.27706664038851,-0.0913436465780251
-226.164644528359,0.991245913479361,0.646084002786665
-178.439332157526,2.27888218673252,-0.934233470557956
-247.177211517941,1.1465836440475,-0.133193356101401
-292.917354444518,0.152436014827799,0.400010891084094
-291.811548109428,-0.902066748094512,1.72960792281083
-442.368685946773,1.9960621107748,-1.16163984827654
-226.103391892873,-0.0326621585118119,2.05025202379329
-120.92283896204,-0.3756272134342,1.18273879684421
-118.315640733228,0.880442315450637,0.442498210613849
-268.984748217154,0.294370431192874,1.34715549209795
-254.825531660697,1.04411786282878,1.27971292258007
13.2832570011378,-1.10975994553883,1.75490989664104
-20.7034544045155,0.492463699927612,1.35213613697852
-29.7970805228269,0.223958435337408,0.535259806078102
-152.516405058246,-0.112861316272756,0.934793081098178
-45.3878621163021,3.28323836320487,-1.34411352421739
-240.785421456902,0.669393121293979,1.19774063122895
-500.427472257325,0.376266574749025,1.62408063403564
-380.164339856405,-1.54442859983828,2.89998488948913
-96.7717601589502,1.58905538917497,0.279980692750541
-34.8220062414766,0.513235218601039,0.464048821908364
-108.356603864389,2.14037623963668,0.273208558908664
-362.073750198407,1.45597577072476,1.89059980264574
-541.484143346999,1.89686077891383,0.478375104055885
-157.566444041178,0.718966270418605,0.849170820609288
-145.615008848894,1.34956534783123,0.174865062621393
-20.1691894371979,-0.127050238530501,2.92104844466667
-116.197634109812,-0.152547402161872,1.6594412820923
119.794398272912,1.49258607278171,1.31159281703731
11.7412667226745,0.812087955710012,1.23573864678474
-426.31446342796,-1.89149566659762,2.72061593127728
-192.087211968494,-0.162055619874991,1.17758610648889
-377.505712417915,1.93722634989535,0.359659102017758
-148.659406013976,1.78336499522266,0.335167609329801
-166.597459548844,1.37209694709418,-0.0887639918146306
-1.723894541341,-0.704066763952142,1.13858829060337
-201.347029098226,1.42160754045472,-0.25825551167145
-167.537646683893,-0.408324378578982,1.06377493437321
-135.339823496164,0.558843398932368,0.0779435081130941
-6.86293639709857,1.24953603954418,-0.458751143305562
-136.983770680141,0.831356628899812,-0.0645065131539013
-184.982941348717,-0.199963534658309,0.875242156122113
-206.801717345355,0.9802493750758,0.840467968970188
-157.470249175218,1.00006738762022,0.230065323332383
7.8722274453321,-0.540624667060911,2.79793364548823
-98.0247885840799,1.05886366474442,0.876761237363098
-158.424098545918,0.597035303253506,0.921372831478948
-209.968294705857,1.44416958233342,-0.0671738453456783
-158.109420980618,0.612922737171175,0.874487136266907
-152.02950974839,1.14609543104598,-0.240916768339957
-30.7322903098247,-0.21599207426334,1.10056098778296
-262.312535332378,0.901811902876943,-0.0917138869990595
-126.356970743082,-0.444728494696392,1.6130342172255
-213.775671447842,1.14692729004037,0.640156628622208
-245.606331178011,-0.76219419415429,0.958391160128485
-187.320564950627,0.36852648380227,0.967411443751189
-137.303606091904,2.15290412596369,0.168145580566488
-218.683580918303,-0.642454384957091,0.863416396954563
-390.712268229785,0.677384777576663,0.694146241788985
-230.184520824085,0.753634450684331,0.35836030257633
-142.196325214463,2.00013495085295,0.0452681918686721
-150.859668609643,1.29881959690829,-0.213526641337012
16.5742319231358,0.797757350785105,0.462712933585863
-175.278835113606,-1.43667705496773,1.70849999171696
-160.659925403381,-0.907727634606999,0.952216421661433
-129.952593864436,-0.814623149082763,1.28501586534549
-10.8879305268038,0.370596693966945,0.15627969619527
-126.357470306644,0.489527002442628,0.478309309088218
-164.389851897897,1.63907512734295,-0.25305737828603
-80.6080028376891,1.08522386249388,-0.205000270332675
-93.6256239213399,0.498896190742244,0.827836663840571
56.5570173389569,2.14879309450953,-1.35960842167901
-494.545537803075,-0.585713263048092,1.85558668152225
-52.7007302133206,1.0459469686175,0.484423436631914
148.106734680143,5.61612409367808,-1.50549447575759
-29.6941633923416,0.00587126295431517,1.11535658612411
-221.488661405438,0.889056273910683,0.46804385278665
-54.2287239387515,-0.309685019974495,1.34193961776327
-108.552801206097,0.0628739327632957,1.47244693854009
-260.673016080327,1.4797407653823,0.604304247477558
-157.577426736505,0.675431858500815,0.872721977848414
-374.453244306467,1.19078546161472,0.209488886624968
-116.741808633305,2.32072175161375,0.459971307689557
-220.882562154758,0.991396023338893,0.358356100638048
-35.6400934358317,-0.854471188169555,2.47401688800892
-161.181441145425,0.259093485496123,0.840283243072918
-135.813096434766,0.170795160258422,2.3845727641019
-100.231130737899,1.07919755902549,0.514973154320614
16.5815288137164,0.168237891492026,0.868120384528993
-124.291425569121,0.573871422602679,0.593954427386052
-329.812753219026,1.41703798699018,0.338735326906317
-312.350134671501,0.17534534749575,0.684906507798587
-460.603898168018,0.796552143828194,1.04408311092993
-64.9159471847306,-0.153455717430916,1.68806142188259
-189.438835071851,-0.609799352161644,2.45802240575722
-452.770652013423,3.71693039423553,-1.71541731132311
-313.798275431807,0.135824900949956,2.64469803209522
-73.3154103200068,-0.116215249068773,1.56828981629587
-308.024661343516,0.5010422630221,1.55436147142609
1.04837544040015,-0.482490744208917,2.0346588701359
-94.9958314122341,0.747490467307216,0.624969513432006
-297.079319752971,-0.00300045250332914,1.48079627082916
-301.308185905349,-1.30740291605616,2.25327973776439
-150.029128652195,0.874662925143639,0.570926017135207
-142.577125340409,1.2812355831411,-0.299616818709183
-18.0645557406242,-0.734605064310017,1.81702682207106
-266.301969903565,1.17648716268013,0.872567969898228
-189.696891069943,4.49124457107246,-0.231021366860659
-213.206886398257,1.12890480419446,0.499066193646286
-66.6109136216546,1.07144204498763,1.08597957460734
-256.429000891862,0.125765010918258,2.17798197244701
-123.002939275961,1.56249864163692,0.417171529748884
-223.460336635464,0.772213775046112,0.20654605798336
-138.927336351859,-0.704307143176266,1.50116233130393
63.4161453706038,0.706033651214966,0.798808480030857
-305.518782375304,1.55558154396567,0.480546829596278
-449.676811188707,1.58522254485069,-0.194892352228635
-36.3908449540977,2.148463286896,-0.0315661422500852
7.15446692716796,2.01135057029023,0.0411648057051934
-182.347188397158,-1.16433224687353,3.13843149985769
-45.410209674661,-1.01963989570504,1.11990516868536
-287.307185060339,3.05829663993791,0.0535632451428683
-831.042333878184,4.61179860524135,-2.00966912767035
-272.839228311612,1.53344758566527,0.42667938030354
-45.5836004501471,0.285344469244592,0.48242993922031
-156.563872462793,0.188870473095449,0.989162922523974
29.2825052144372,2.39667651866694,0.282768332890555
-29.0105446467642,-0.548168450972298,2.13812744806637
-78.6152975446312,1.17945488313853,1.46597193272464
-468.227766824566,-0.321559499599971,2.62669016917062
-22.6186101877065,-1.0046129879629,2.42150762327947
-398.779975955366,0.467599762127065,-0.0267326177026916
-377.627498517206,3.17836303271906,-0.19918703471194
-440.586892754534,0.683694455430668,0.165999970689882
-34.0867371491386,-1.04182031171513,2.16248829825781
-282.767146147104,-0.0586744571046438,2.36882909457199
-119.730639323214,2.57886896797208,-0.995459551948443
-266.546458619006,0.239063318298577,1.51304076610541
-141.821964789153,2.73371551978926,-0.37809670434217
-430.6520630425,0.516028812453442,1.13103834723006
-380.699836833766,2.68316531650271,0.277965093380772
-260.69736205446,0.725889541070501,0.974268036050489
-79.0154979555664,-0.269244596714998,2.39398917559447
-186.085845501492,0.0632327992934734,1.91739689387759
-229.016223093458,-1.12284338058817,1.90841861286026
-646.287846021574,3.25764233341033,-0.613225398948998
-96.049243279529,2.45748941424972,0.737648627095041
-405.531763998253,1.50160932779545,1.47856816675267
-167.463322605844,0.968217324576472,0.376362578448607
-251.989419310088,0.992161499452777,1.45873920989106
-243.272578305114,1.03928547646501,0.111186347763578
-387.37598405296,0.160962369831395,2.09794497799885
-149.225287865651,0.130113078921568,1.58117724247859
-67.1729626667984,-0.0563024383227457,1.29710900708233
-203.071657080029,0.180436836235458,1.7285046717152
-296.307680550599,0.0444694921461632,0.997617400891613
-282.232896192203,1.58468859754794,0.0586260287964251
-419.860050070005,0.355773926901747,2.09250508401601
14.3815328500932,-0.982499039790127,2.14214809588884
-329.025963622902,1.61724854779459,0.761649797896098
-181.512003098573,1.56438703149615,0.465586035141314
-224.458179002657,0.221625620477425,0.859244767823839
10.0415136719239,0.67544749219087,1.13236369463266
-215.131886333416,1.52176061828504,-0.249332171705646
-77.9242459490561,2.27337265410461,0.017605641274713
-159.023109496338,-0.267292522774369,0.816900521414937
-496.916661414041,1.59807275325875,-0.768632508747032
-312.184006427124,-0.809272970669554,1.38514114014106
-70.7618881320195,0.817667145045561,0.803711202672275
-367.164126470594,0.995863177140563,0.561438873613952
-202.589756680085,1.03765726371785,0.945438934752019
-240.779688528739,2.47937057579111,-0.617537005164195
-62.871630730333,1.13816318337922,-0.0157615569478367
-221.968755200607,2.28811139555546,-0.284031343835522
-171.387327818404,2.37173483044535,-0.280960165982833
-167.05324045592,-0.663175881360075,2.55689233970043
-191.03789017169,4.0795703024487,-1.17398321902147
-1.74133122176136,2.97577554275631,-0.591117772914004
-463.123467463418,-0.425996960417251,2.25484257675998
-307.461278532457,-0.551467925251927,2.7938519482268
-148.00714356119,2.2387126054673,0.286463156888203
-468.402111297706,-0.047742482913236,2.26165242976276
-114.861459350694,-0.302428756578593,1.03990324522601
-276.93812366316,1.61533259346743,-0.368887767592241
-69.5368959321204,0.741803457844071,0.367364926234586
-67.2240619697695,-0.400311840339782,0.961448594520334
-11.3437921997684,1.02410963991133,-0.211048038825538
-41.2679516349017,-0.542312089986808,0.595632873315481
-112.106542007445,0.957610153818678,-0.127095529011513
4.46593149645196,0.35078726131178,0.193563355263905
-28.2430854121121,0.249266885162797,0.504916665762721
-64.5449879162334,0.461333996632675,0.0811451929621398
116.930292306151,0.6225259923267,0.153205318754772
57.6471003476181,0.07000272750156,0.604072853406251
-165.316925384366,0.642722761214827,0.197771155615555
-17.305349211194,0.366984597276314,0.21471734390434
-62.4744670948166,-0.315804628102342,0.788634872224065
-212.624088468467,0.14330174242059,0.59027358514868
-60.7058217462618,0.674485454437672,0.0422859165410046
-82.4017314759037,0.962209571371204,-0.225141015129338
-110.547532440847,0.592501952662133,0.118289454461774
-222.848851128219,1.05129954709264,0.222430015317514
-400.162573064379,1.37197468966042,0.791002245794516
13.3014053350281,2.08951968812835,-0.451357333338819
-85.8969760264736,1.60252908375696,-0.252029499511082
2.85452162576257,0.321610722414334,0.801275578400237
-77.4737489609106,0.010856796267035,0.830770581422257
-224.140829368509,2.60280647361651,-0.53613057480834
-329.710183990916,0.0770080944057554,1.94221405520511
-260.080499217569,-0.0762228589956067,1.4268975389823
-469.997984558482,2.30905766882643,0.51246581923624
-287.521016315441,2.26839710678905,-0.609886743535753
-356.143379817731,2.84054740628926,0.964173210599256
-225.460511244974,-0.753027990736882,1.85519552981714
-109.630802960821,0.834715270117158,1.62217280098412
-65.4558848755069,0.02829891986039,1.16490713644998
27.6077156673418,2.72725952327892,-1.34952964566764
-117.743100658743,-0.0509305393788964,0.877716936425713
-148.575886799066,3.88795682396812,-1.56389021875657
-503.316767316224,2.36641181627056,0.101017204709933
-494.704718132416,0.576048300526963,0.585105541540543
-200.635705524197,0.153897474330734,1.2023133390685
-209.044005127704,0.524242525298177,0.905727311343071
-227.26072099719,1.32878513197647,0.659223123235279
-161.57169767929,0.98223975624569,1.93668030812114
-132.862030913631,0.181929659935122,0.474686717047007
136.304245533815,0.172962029260816,1.34830782511563
-222.84734913534,1.98352628863358,-0.520424610291229
-107.884102800952,-1.1312407814612,2.03445348431705
-136.476934565711,-0.330807595761144,0.862852537356957
-459.942806600331,0.182379219906579,0.889572914835298
-112.293247934285,0.560563957697013,1.67446167155867
-83.3871393385634,0.653497256760602,0.568344138548127
-91.3413458115101,1.31895761696796,0.69448358235968
-124.124404251372,-1.05158978969848,1.84790067377617
-280.899767563911,2.38157844077796,-0.988471405697055
-198.308167631767,3.49280989720137,-0.0474312294682022
74.8379715764604,0.16788221609022,1.45068222453483
-276.322613951168,0.174607450229814,0.885986122390023
-32.7337232614809,-0.927965822920669,1.07331308437278
-36.0414961216156,-0.634778679872397,1.70080920535111
57.1356597274207,-0.0357904657139443,1.45653028669767
-142.172865643864,-0.758107360262329,1.85643673801678
70.0163346822665,1.81616675075929,0.559260152745992
-247.906698036579,0.601754192975932,0.506022924113495
25.4415298446438,3.45642984394726,-1.0720154350056
-493.043188659109,3.65444980456959,-1.46627177582923
-239.321054098677,1.23260938933527,-0.311240951763466
-109.47974938582,0.698132679928676,0.810890426801052
-33.9640758388596,0.992040987781365,0.0556073295010719
-88.0712234814637,0.471324980118879,0.0741593129350804
-180.936738073789,1.32340959727298,-0.000315215991577134
-359.503465294346,0.36854917218443,1.26377656904515
-232.838541901634,0.76733979616256,0.707339098284137
-201.711132661439,-1.64889288046106,2.45919924115151
-80.5004000987683,2.95994640191202,-0.859337631161907
-408.291745959592,0.217887527815037,1.50692329983576
-326.135797348135,1.51961510239926,-0.406895287720545
52.7476016667497,1.56836644544092,-0.103041358811197
48.0864844536409,0.870356614999764,0.0339274825309985
-146.076248246722,1.46020577781746,0.642659299832303
94.5664162363973,3.31843320863118,-1.37256347402581
-227.273680213708,-0.568491319711029,1.90134282637155
-38.4339855876897,-0.44723468158918,1.5289900253847
-119.546918826833,1.12317344980511,1.29273699754413
-156.664012585505,2.06292160342855,0.466230968682794
-190.173352496116,-0.0875874178091181,1.05423404536123
-380.117702766533,-0.689844011187233,1.18772368961072
-25.5525327539472,-1.1377317742008,2.32255393101696
-213.681389632453,1.27421849541133,-0.393850750886486
-114.255284622865,-0.598358335839293,2.72003548583598
-361.888923791848,1.69368605208001,0.484424333801144
-6.81589186931888,-0.593220317423402,1.8753882063902
-202.548020807357,-0.0513754850835539,2.11338603898184
-313.766766773508,0.453443679740303,1.62251528039633
-159.935940117222,-1.43417044742091,2.18505550820555
-303.256819627233,1.09276479149412,0.424974726411165
-167.671444232721,0.823027955273574,0.464855936879758
-135.740272069284,0.674454576976132,0.305553480822709
52.9200479363208,-0.712000797480869,0.834814393419947
-130.729274180747,0.666997309985163,-0.0675909110286739
81.2382413157757,2.3556115459578,-0.722142025530047
-289.152201353936,1.53291814720433,-0.435455092563643
-211.072141911136,-0.956007512177166,1.62994850459654
-265.470616110222,0.226471091926214,0.238225670353131
-389.45375197682,4.51607757678721,-0.357594564731698
-44.6494718816539,-0.234422262728913,2.44461856555426
-234.370548046645,1.47382526457795,-0.355168787025832
-232.363618129079,-0.0298897758475505,1.75452717235021
-171.219104456744,0.468219442176633,1.35006568940389
118.09339729153,1.78722030515564,-0.194277661998058
-55.4029800207391,0.568567691574572,1.1222753822949
-238.297118287206,-1.36402469186578,2.10769358786638
-357.028770391595,1.94455954509613,0.257279173907591
-159.903451093647,0.505706579526304,2.43207717849873
-385.858794910804,-1.0307555567706,1.92623881195323
-237.494149010329,2.21535278699594,0.0136711878876667
-207.60534466133,0.929138883511769,0.593888437131682
-270.591551677571,3.56881943483313,-1.23288100944774
-497.522904857746,2.97355636562133,-2.06529245729325
89.8929882266239,-0.235744315345073,1.32602204628529
-115.726837274226,0.607936836715453,1.33268897375092
-260.654599562142,-2.40397068142192,3.7093310070195
-219.659038349113,-0.965779556892812,2.58058668731246
-78.0186151805729,-0.813507851780741,1.40096720587462
-233.350449053449,-1.41559141415928,2.16710114105263
-134.448164073787,0.324487424135441,0.29858908065944
-147.958121961703,0.734220564452698,-0.247670220836881
-228.467782335362,1.04594829157577,0.138035248673987
-163.538457478846,1.23335952103298,0.0784105225320673
32.2418168697186,0.76112814800581,0.0290853842834622
-29.5484392802755,0.976219393269275,0.157593247466139
-63.9629440261124,0.834754483235884,-0.0535753556323471
-268.388488555836,-0.720986558502773,1.17888022716215
-88.5636364671373,2.37999617742025,-0.559035443577159
-86.3843718316348,2.1561480700766,0.967114299302921
-286.727572278032,2.50098099891329,1.42193862330168
-386.098634880729,-0.978429408998636,2.20362074328295
-228.266011776024,1.80444557976443,0.367106356965451
-256.932952853618,0.188542444288032,1.6503171785298
-182.400835397333,0.595622561042546,0.0454509910655361
-155.250132528978,0.720183786688722,0.321244658422074
49.5864388658078,-0.773845617164625,1.84491032595542
-68.4613951173706,-0.135633604295435,0.719757634564303
-235.621487098426,0.0429766242946243,1.19104251819954
-123.524367484148,2.75872695248836,-1.12106476760709
-75.0016424344212,0.43413401817088,1.08855133769976
-184.288919976359,1.11984073973872,-0.28277754883311
-255.025282265831,0.891378775857447,0.479440455274016
-74.3283913472987,0.750374318762624,0.130517265963135
8.2246211382153,1.1513621996055,-0.140230438526487
-95.9139359623368,0.918822583844303,0.528329657608992
-150.398390083668,1.78102264085828,-0.210100895841606
50.4463393723454,0.32766521508006,0.942052753583994
272.931843030135,-0.446302428334093,2.53048746881541
-521.112587463525,-0.00691264405759284,1.45092892450339
98.3723278201069,0.39299471915001,0.702643312644796
-6.35781542316545,1.65967404776256,0.663291274220683
66.6039966823009,0.697704897280346,1.15509278526224
-129.119133918106,2.42928377672797,-0.443698947012308
-462.154992843556,4.28375178572605,-1.63736174377846
-240.851072718069,1.27224766254949,1.07856291560165
-596.110844958443,3.1102375643386,-0.865088032092899
-493.115356400367,2.02622076280386,-0.752991550194565
-559.634364613477,4.73435927621904,-2.40315894412925
