(Intercept),NAC1
-497.14565376153,153.584709027127
-572.364114637341,137.010783815989
-667.510441503771,56.3213617072252
-284.584532976471,41.2957842635883
-472.462166034311,189.074821307362
-1038.58022057997,108.815092283126
432.205573324682,50.3434888363699
-981.102700939766,156.513299472768
-455.923315614709,156.086504744957
-278.50244940634,143.307198663679
-180.721670512619,163.185388603139
-643.015767684672,191.951216058918
-457.161489114194,141.540571665973
-182.274321437022,142.002569173681
-346.698543384533,110.569406631299
-250.165381264116,134.037529585687
-453.567200483943,70.4314069446336
-296.160183585118,63.7135792047338
-188.122626931334,21.2473744849412
-57.3081840797386,121.543619562646
-624.279096792627,173.019135836566
-509.832547259663,103.536810566016
-359.406404715599,98.9302549699169
-459.271244824632,151.408799854631
-351.117358240685,49.5994529337113
-381.711681698895,191.630089235614
-838.175707925868,161.095875729821
-119.37609530364,144.880755557184
-461.11960975462,100.676377158765
-428.959273888089,124.432504769644
-330.60245010673,114.443509673467
-75.3227785375893,53.7457033718856
-168.408259322663,159.076084392087
-236.952676791314,23.9040828022262
-452.443340882921,154.988339128249
-142.296982594038,147.90195596523
-398.481363728541,86.8369228970696
-191.705127181485,93.8744759677211
-197.333474718132,67.304116070598
-218.919429595378,65.2656102344044
-145.059356687227,108.650877393564
-311.00971607688,72.3907765154145
-917.698239644873,76.570899528906
-356.931016492585,190.832061187381
-190.419209662216,66.173351685633
-293.916380123992,110.805287393356
-367.022646858735,123.631353929693
-305.544196922241,111.416320480761
-443.890831365381,161.513133732777
-169.261514954298,98.9117688396764
-425.090100081681,73.2456394125184
-512.203838783898,71.6186529636907
-226.276621772678,78.181326661499
-135.803642591112,76.177022132717
-109.259165621945,37.2174714255193
-145.535430448916,39.1246330055874
-126.029460083824,64.3028177246015
-179.72992607599,51.3422857743572
-150.872346410262,46.6973968669809
-109.059871942804,40.7811376768732
9.51293393161177,6.35937391278276
-65.2265440061601,42.0167004357208
-121.690895255379,37.0138553250872
-223.753245702826,65.0141873289103
-498.791698691304,88.9431278600459
-384.981703018391,84.1086095831488
-219.712920182777,83.4017249776953
-161.643809021371,57.5496596012672
-447.931383303739,107.642049301328
-188.470588655409,71.8926335093274
-301.184813176806,28.8653555388446
-281.933136989537,37.7166019022552
-342.434232147029,104.405983735451
-180.844697909517,106.153437101995
-136.121990975052,61.6408005126068
-234.87274895735,42.7176174440046
-134.649514543606,43.3637629992736
-26.492229114665,128.06737787147
-371.054712988029,38.7784807916614
-594.652669611245,232.721362608107
-109.957639482927,56.9749081319915
-549.721321888108,110.467237979734
-497.904651230179,114.734887899103
-231.079804007139,171.103876584828
-831.011037465185,118.744362700643
-621.000717569375,131.792595731675
-1233.14940956135,171.282679547789
101.665092254112,52.6174822491812
-219.115222449534,86.4590354126776
-422.568953790629,104.109603062272
-211.107408992717,141.602332535811
-279.685029452769,106.585551268427
-194.356307258524,159.582930855613
-765.973655303882,90.6625861510256
-384.823612068212,124.099660358974
-710.716869164004,247.801846441318
-383.141498660494,146.063423144347
-247.46554190827,119.30037606688
-105.053287666909,177.100205006398
-760.761206910131,133.93788117119
-563.040914078694,210.19807019311
-470.674529752479,162.350047702086
-818.628563723934,114.681118689405
-361.605607365374,131.700764545774
-295.599048573175,125.812698133886
-208.791215909325,61.6795371912158
-339.473887339838,78.1023190148553
-220.024360308016,68.184196965467
-218.931652071857,97.9139257808156
-136.946936460958,240.493598739713
-176.614900161861,175.64871397255
-409.909710898442,179.660720784072
-1120.79393512482,159.330529303872
-464.679100516809,108.878349810511
-588.382416302931,177.687295549222
-161.718538873567,88.8160755098506
-388.454700793009,100.575193318902
-282.582413882716,172.433164010676
-96.9612917049817,113.884572945346
-44.7867756962041,98.7899440138717
-647.704763432077,107.152989805458
-473.950718270382,76.9541255281511
-187.51342624781,13.5282293985656
-141.473373494729,45.5195784511234
-268.131901639877,39.833875868615
-252.418490954165,53.5011850024894
-445.922913561473,76.3025243292577
-403.767729965373,44.8295660889198
-245.247364934752,56.0649171429632
-173.033381351866,73.8582529283594
-319.05024893723,86.1104607432135
-59.3655995227164,44.3906762784191
-264.395469977435,114.055673778275
-155.74119123377,38.1075944675831
-203.265541463961,165.996412467728
-631.664390437523,122.315278373266
-390.174526295708,101.874229611727
-282.391664875297,104.348877094395
-504.521788182654,76.5456169258687
-576.628561255891,58.0516449731658
-259.654584070555,76.4623480857845
-192.906015201253,60.7229135271555
-167.344431368605,74.2066751422244
-101.189055446477,44.5303183044925
-152.466057629767,32.9546816782677
-94.5158422230816,17.8374372086546
-138.413427373744,25.3033197038749
-192.328604864291,35.0630574804673
-162.064775812119,40.168907512445
-132.081750200654,63.1485084400629
-158.0696658167,72.1538961148763
-110.787787706766,53.2708069834334
-330.82616081633,81.6315009476966
8.00968619323976,109.098195472907
-40.2748934353294,113.016555219423
-407.91909459493,31.2289365186098
-271.747573741754,89.3763419961178
-121.327157712643,97.0756569397927
-334.000847629039,27.5616124922453
-782.320147786049,132.295553040865
-345.809677276673,69.4702521977233
-685.718759540643,87.5356762734227
-247.602213526872,70.7190782676334
-288.400328056858,97.2496925225423
-388.589285562972,108.926431233471
-272.104486742915,84.9615185091534
-183.340622641124,75.7487835853062
-724.084788322405,101.492418594462
-217.09766967006,31.2501296720293
-805.017276641302,123.671620324763
-420.52099402016,103.827496667669
-587.070172515057,119.052747440466
-5.35964048335154,163.920651699056
-361.172847619091,73.7395715945313
-127.58912436229,79.7238221807856
-237.881983815132,142.485606906735
-672.340638907766,181.60714603939
-45.5252249689656,162.237827557008
-515.389377258016,57.9675327132281
-247.994564129331,144.039528237336
-156.502891517313,139.052468928014
-387.846214949357,94.9467334657093
-194.95815919197,182.019053152719
-237.070244674323,122.396521913004
-382.869823467052,73.3752604181059
-121.838767485344,100.349985705208
-203.254194369496,72.8485396715841
-240.238012818278,68.3586507754226
-265.913462243072,119.890502541588
-378.013667508661,110.860017037587
-332.47181725975,106.005763551735
-165.42011332987,115.501112260965
-390.036542390339,169.691429908573
-639.591290238372,58.6186852231913
-748.401210445947,162.744418523849
-570.589684750976,99.5454273161886
-6.93228443108092,78.3024443163231
-147.924110836699,140.869312604729
-177.896376622084,81.0805121961967
-9.74669168046512,15.8111429669516
14.0592849111563,101.448249305278
-35.1657149948733,106.082139368911
-676.283709807132,115.138911208036
-98.3801559904168,53.9561797228303
-406.339976903859,106.806145339171
-498.914258610159,156.378651700667
-266.921180412464,64.9628727915842
-262.36150806232,123.495893383879
-392.643929359416,119.303673691873
-178.896955635631,147.884112007363
-496.389237665251,149.119729058715
-208.463868275358,111.954580240752
-154.105027311394,175.102558666571
-504.009087848928,68.3615096270532
-59.4300329897524,105.806617563168
-522.925095376209,96.6155443314274
-805.694972125464,143.354278941624
-377.868263227967,144.569616380206
102.524723817231,123.381980144179
-494.234476567173,101.7431513544
-257.124668171698,81.7224771098408
-276.173183868668,64.7315730047703
-772.163997976488,10.0574842464994
41.6336049201491,78.570461052359
-276.084525642524,135.767139878619
-248.86073246396,103.571263793805
-46.0283123098052,209.817358220171
-423.897032765934,138.596243868815
-616.184953159973,173.357751988755
-364.594512954471,119.417795638663
-428.595767734911,172.599373081001
-260.712360257399,57.8359714063208
-215.166630111795,122.976600597271
-73.3904900117589,90.7298578084301
89.0232243240025,110.730576594942
-274.286293467943,80.2344990360143
-25.0811485260783,43.6106054361953
-211.251110935049,67.3414915179819
-162.239550485159,65.836034169246
-182.731471276435,68.8026462212729
-163.890788608333,25.8612646207148
-127.726270892426,64.1204083612965
-495.146523078118,96.6533247290936
-232.388355026516,195.435906887578
-290.16498686625,116.810712150269
-129.695405465929,132.389490686124
-80.1586585414188,85.0003630538122
-180.135481538324,36.6209020041861
-60.6858638113954,23.8467942758434
85.3561057973363,19.5161911785399
-169.421609031269,38.4839689976834
-111.309802879492,53.506185462953
-71.7764482928096,30.4166743366295
-23.6731468246217,35.5156855398891
-140.096926295548,42.5094808791473
-98.9814408076418,47.057733097492
-260.8703833365,65.9330695651333
-95.2964187180987,65.9210804840793
-228.800962359615,72.3553984572645
-13.6225036393007,52.7799150205954
-117.503724989569,85.423957304869
-245.863673623768,72.553276857092
-8.3197209031714,58.2246584089517
-184.545099944648,41.3224936073093
-308.749267349223,78.271777410584
-213.988638610219,39.4354905936161
-154.719739410546,42.1626422458648
-61.3519264885399,23.8077266066175
30.4530044907297,69.7825231578754
-287.795558953563,82.3278801550641
-195.694567703889,75.468355613285
89.5792445693805,70.4871672299341
-146.565407582253,97.8347527412043
-113.010193058613,87.9631785081001
-580.651370794847,143.281401078151
-413.421007944358,86.2027452841285
-136.25329334975,132.530956038696
-399.131858850611,129.713452178348
-345.299950336176,52.284097233467
-474.837419704942,201.961889854501
-423.228562432183,141.662679344707
-688.929007156428,87.0844626534672
-564.323004012942,124.69596412027
-437.631707986264,89.6667956029444
-67.6478410884056,93.0857776216872
-578.073694492516,68.0795930403765
-211.958173475461,94.2930978265504
-165.641038297224,123.913870174525
-670.713876916947,31.0098770791083
-712.562432117353,172.435916164657
-226.511777299982,243.054473943448
-596.520934539789,165.271886674193
-644.3804214345,148.953037888452
-78.4764892254716,56.3869087378553
-321.437564404197,197.272524825996
-526.507867838081,76.1088392538513
-385.225656822615,108.643628312029
-467.292804069351,120.345967646317
-76.6948873362562,92.0405665135913
-735.94570953993,117.264161533298
-801.440401558444,63.9742815628415
-768.79542616223,156.442465481654
-372.265964662773,197.390988050058
-214.528427311932,171.939148671663
-289.680736461349,71.5802763991524
-307.148202899727,169.230055370272
-731.654702958054,30.2537578242482
-437.072498592133,213.500816844535
-824.809066767935,83.615858741141
-365.625532588485,83.7448603117664
-377.551619846723,46.5029184080049
-720.66587287419,60.2047771840007
-279.68120783646,104.359006035113
-461.272705705356,68.4905419317802
-451.120319389775,31.3438867117275
-338.959355769963,84.1595751303248
-494.934829425532,195.389870541378
-19.2672915223666,24.00436294463
-477.0983008228,101.812113351094
-267.992280454375,101.531082445581
-45.7534160283976,103.752168717445
-394.758872675797,88.8326202213066
-267.987699192459,24.3751690406352
-261.886053086928,121.217121289897
-204.804059872127,35.4306375448941
83.1699361814244,91.3779003256932
-396.382184068454,63.5927402411253
99.9406608513782,8.77137496141222
-239.808589173714,66.775092703203
-201.340156847975,71.1520803079911
-187.878902386226,67.9086076435524
31.658513131435,14.7413922875112
-65.2703619861277,48.0411681768819
-46.9665790170693,37.2036933160562
-126.91474704985,38.7044606603804
-112.418672992237,35.4364285487973
-175.717047591868,67.7834654619219
-103.488967833226,39.0015672821464
-134.092564420105,40.671911894402
-103.512950460259,29.0378342159238
-257.85948839593,62.7533550120279
-109.638151325984,43.2366101333464
-40.7250422613506,33.6742541409476
-103.88073504466,33.1930701261153
-178.099514661328,42.8427347648831
-156.55267236854,37.0413854837971
15.003294764163,40.4131305628107
-73.1072100491801,43.9574972715054
-116.596526135152,36.4232763776527
-166.329331003042,51.0045203767804
-128.397690356884,7.74643711795215
-117.633071627788,12.4644773957407
-128.011621608384,43.132875493553
-127.541393283547,87.8717358228314
-170.164457904844,101.079889582936
-167.379222422038,81.9827409001009
-419.313798749929,91.1124278933494
-254.647129960125,132.005166822491
-334.988472778146,141.950147586892
-407.273786235462,138.151889772715
-109.039674607833,108.746857950762
-591.597456600677,138.635034996085
-201.658300079403,36.6101128865121
-538.260903873073,101.966836819498
-78.8002695271425,196.887956602659
-63.4843080574356,79.3571509220455
130.498394511873,89.8747756287848
-496.170306053005,151.082074218451
-231.285703586032,76.2572515996508
-278.204815561876,94.6521831949358
-369.156991507087,126.500327450289
-280.559633616533,74.9266662518748
-277.540285881027,189.168244697521
-207.132269716647,37.498930691072
-364.616777991861,116.543744953597
-523.831059989607,164.861811523675
-370.276659063362,109.403964293546
-391.755288312041,187.610391563052
100.352215313251,166.319178674654
-778.446769035545,38.8641535690622
-46.6589492946878,133.606956215306
-418.488091287318,181.832181660502
-319.303725150283,98.6887634837676
-470.005638768936,81.7458987928185
-352.668012465263,108.416842135688
-96.1217863624734,96.3267841447087
-144.800093641185,129.333248975396
-639.685189818949,137.131652780681
-316.983736425443,151.615986968478
-601.44275180273,214.088072933511
-900.905816414859,104.210189765145
-805.68985293906,74.6414991660349
-185.341307197958,82.0686080548039
-402.789434858669,49.298131279822
-209.125832372432,83.8349744509396
-31.084708926137,75.3973344167898
-345.757265212917,65.4464361265836
-192.052378458102,73.6219908475896
-286.867502033871,55.1734638099733
-53.8577743346395,50.9066926081287
-115.603742110179,57.8426004017056
-314.62559882701,167.363941082571
-517.068820828223,134.727443042153
-263.018724111622,81.5352975622664
-160.347017674743,84.9674182334129
-195.822570346674,133.696244528044
-159.504608537449,85.6909679937526
-234.553862076355,60.6632355867187
-366.51867359734,54.1601263268167
-429.691416594054,106.206676854883
-316.598022560764,122.363863639053
-583.639090187658,86.5125820725807
-25.2427063267969,110.289320799875
-409.147869533976,93.7234370571678
-61.3096606086474,52.5531014697335
-388.912496661438,139.511674276469
-240.76837245177,182.266606934718
-505.837276873586,140.865614129078
-270.152078792838,43.1907836505707
-615.317612210041,121.405996505258
-957.406953897924,137.0359059287
-24.1391228476859,107.171647409941
-449.906739907947,144.008147697448
-78.2614517577531,83.1447511171718
-231.325937052476,61.3996966958657
-204.65225559473,245.37071712999
-356.65011504577,173.443275477039
-160.399332599744,139.894674260351
-184.810560346144,39.6759883888299
-423.022281225814,68.8702894185408
-1060.18959383091,158.643953453791
-1011.46499903474,106.64221297428
-588.737336668244,177.181982563947
-134.126220340666,145.234745092996
-322.626813355571,157.329259756087
-350.748047634397,127.862216633192
-408.409217862412,41.2156793706672
-126.788520893082,135.674330959955
-610.43818109922,116.594895625429
7.92936773711699,114.817835779744
-341.294386125301,230.394400814126
-559.644976480165,102.165398263844
-428.422406483107,228.411545693009
-177.706357431816,111.434638670093
-252.714637285389,98.528821618107
-404.637686603237,241.580508768908
-400.654338214605,223.369504947972
-172.794830296563,96.775914392143
-466.017436391645,119.776274338845
-260.122904799432,68.1159999993324
-407.065761419712,32.7123633090305
-295.173180469879,119.375058935595
-129.339822858434,178.956827035956
-159.425129268202,70.4194811787456
-154.036115612966,236.751974623476
-264.989709659611,198.13504364957
-424.718720901888,70.0208381844423
-526.826705811651,125.217802100058
-843.548987247312,104.181372346473
-384.412155024358,136.137726848335
-176.34102565622,67.2619759713853
-354.786113708076,66.4497826978318
-372.192398846069,105.87463441919
-94.095060698186,93.331112608721
-315.193616300412,108.182650597271
-246.294113408017,78.2835427687533
-269.50672223588,105.727756108157
-323.970695493634,59.1631767557265
-717.953215800597,64.4589532658138
-388.680083921383,110.355965599359
-539.220880333267,99.0050642780261
-494.248959114848,27.2016719246458
41.9871666767503,93.9367118968948
-311.632577785989,113.636717411253
-84.2846337255178,75.9822613150463
-117.768386199088,86.9050506115454
-384.649780615495,62.9166956600093
-93.0033658971952,59.2434683214378
-107.795313467606,39.5743857630077
-211.53088564791,32.7135876738321
-104.175997549577,22.6360790327617
-164.080148959372,2.12527557641442
-169.051562395129,41.005199743202
-217.360126623913,91.484029470681
22.9269006684481,75.2531343503797
-89.2728036583867,29.344680075279
-198.515738160211,100.871447458881
-55.2106219506022,70.1933914527553
-373.012444013606,29.7233256434556
-103.20991766706,83.1561854322827
-353.090163428977,76.0434402718674
-194.511762072987,57.8993623353599
-196.93305626529,42.8832480912424
-81.5737795992754,61.0150804364748
-28.0882635585294,64.8328959702922
-174.961309805105,65.2052112399542
-111.101361741908,47.8428498735834
-46.653407223961,48.2444001166295
-108.050767941437,47.20483592663
-68.5778191384015,28.2987345826259
-170.119978899826,52.0938051710255
-532.270888163563,108.295180076161
-362.405847698319,39.6979138091638
-87.5411290231532,42.2372950501158
-283.313398686791,19.2957048856479
-411.219280604,36.6858394100054
-7.46895341618801,41.1997968819924
-301.76284575212,130.588368605429
-298.158593891189,114.511047451782
53.0114681497143,127.881213466753
-153.64137290811,166.168026275991
-291.247846783372,94.9812489114556
274.174556312322,155.177876419635
-324.860405765881,129.240135273038
-652.645821808692,92.7897331799177
-723.064934297799,117.445060596829
-12.9775217501738,264.894243761481
-774.810469842749,205.492113092447
-582.948189715098,191.050632119644
230.894723615194,101.737633269702
-304.209025399274,151.337765403761
-371.913726414354,108.219602946323
-285.343272487095,76.76511833533
-481.701580631088,54.3571271176697
-505.47619310327,129.626539080084
-461.250316251317,103.997559534742
-255.017714454953,129.32229800678
-80.7492899015488,119.952875861563
-356.933630021718,147.491496465838
-682.986874916212,192.640990413915
-271.751281026314,168.931929484475
-213.936774722359,105.101745143649
-345.207572742598,139.148902059722
-264.437157567387,65.9012676986094
-313.538662278661,66.2651512295561
-630.574314037323,116.744645685976
-90.737468621548,142.229163244192
-515.643251573914,235.026715157161
-112.386959231895,127.579680876956
-331.772760728651,109.626951984275
-669.681034907146,74.2501365075841
-348.291949267965,125.137297083565
-442.62183882805,102.742669222047
-82.30136981541,87.7606263527414
-7.97468327646493,41.3615432068618
-112.842888519051,86.1792129701935
-544.96370627539,64.035414172351
-555.774462869405,56.9183597518495
-206.792437363445,65.5645963905263
-16.6612571830065,89.2513490371057
-150.702204740504,30.8678410863358
-303.703053902165,63.0561661667889
-400.070795490727,53.0372767041263
-98.5598381453638,128.903631753907
-64.7940272103497,90.4351970621101
-283.981307538241,95.8741347829273
-307.842958804056,19.7677149694937
-272.843922617292,45.3033010102808
-371.717651550593,125.695296372276
-138.939094498895,106.631489066409
-439.516488594396,120.381485121405
-583.96130216922,77.2551268800962
15.3978817325115,149.201642387408
-175.791562606959,171.827978139831
-597.375966030493,213.057044446548
-379.128357298963,178.052500029764
-68.1472373174438,201.279903026563
-527.943821801106,100.916747780517
-420.96555131863,136.462232222097
-999.214229658469,117.636601727529
-922.122078193643,129.057846180193
-447.202771322154,97.1873550197051
-222.536984332852,84.4529466315362
-443.325398266796,135.099115683552
-310.00236486581,64.6752748515282
-346.433179271648,65.364783793746
-200.9496963317,88.0015032429365
-246.408390320765,148.568798034081
-65.9176637317141,14.4211203999439
-427.429648745754,61.342589611435
-68.0065833619446,124.081532291006
-315.759995319531,86.046813254412
-302.452488282324,76.9180044600071
-239.718006484547,67.7735468956198
-12.8282360082958,57.9198340337607
-204.610637267055,125.125852719633
-183.966536092994,191.639739345686
-283.430500184753,107.150219759249
-259.222968664246,109.756116724733
-370.197237926084,80.3347532202533
-155.570366078638,162.602067186293
-552.810838130317,97.0834002247138
-308.992262475978,92.9511819783656
-186.338793443196,125.96840853201
-195.112334162965,90.1584025132761
-602.694290497371,156.30066216152
-208.50310758772,45.5794747231412
-198.412569628734,113.416705355681
-146.511643814782,57.156403232133
-406.972439237303,71.7805724568316
-445.993501707999,89.949930885763
-221.823650866078,181.039831874892
-134.427345727629,75.1828835186006
-118.608273598875,124.984999447333
-346.660044842225,168.620434179873
-783.505890336906,129.619794368715
94.3577693548796,29.7571190866438
-158.417600856614,137.165820135662
-162.733712154761,120.752096920143
-472.515938377241,157.250129855209
-650.156531914196,-0.468387313449057
49.1568634082214,72.6491021887223
-332.279059663822,154.144992631052
-114.063462025653,15.7140074020426
-381.106649042937,116.467159622327
-31.4226670704375,57.8811112744297
-178.51812337061,114.778455275809
-370.056226833607,43.6554887589609
-274.497607238038,70.8530478168104
-160.974968244773,29.4227642923215
-149.002580371365,47.6097997338543
-162.529952688463,60.994370578177
-141.477205984716,44.6230339152971
-210.993193918781,43.4258489055501
-132.84147084041,47.0131419283935
-148.873642741353,96.5335959530948
-266.738296498792,111.471219087514
-312.917515177105,97.3606473221444
-427.592086099583,41.2372905550437
-298.232766596895,107.732355523854
-633.328483217862,106.031801639168
-119.801598728751,103.409926523658
-288.303630469527,79.1237848693418
-117.229919456375,77.3348516182159
10.9714788161509,113.599580734473
-627.694605316719,74.5652264625387
-644.184314040758,117.106481049879
-450.216344367374,27.8401765877206
-128.529935512794,83.5493361252884
-368.736018901545,109.355599056202
-476.674759670583,49.9506260860653
-789.601245464985,172.275433921488
-879.479599111583,129.384121046794
-221.067430216004,244.239246830199
-113.425550762913,108.835414291418
-161.023862578429,148.991536558693
-285.214918495771,65.7876260934572
238.805708816813,142.42916361161
-27.4356792324979,84.6646545680414
-423.91229177147,118.117678559953
-285.204388162907,144.16944214869
-257.692483856038,156.192802339472
-456.359126690892,162.251753597389
-443.170663761972,157.246687795036
-534.649492390105,101.292993919022
-398.230013284436,16.8365887402761
-443.692216024181,140.800723845474
-153.730937553257,22.7639471469593
-185.410658932698,116.225699288552
-308.460972565415,77.1627232460596
-38.2886730030368,148.523994984076
-356.706086349062,110.642171646818
-189.775954149125,53.3738570731366
-10.5260363179405,66.7007773849618
-152.184196514529,81.9533041361719
-478.624338048412,126.343899731183
-424.985254220599,132.488282912498
-341.359707221221,103.033569320549
-298.174880073886,186.374204451844
-594.775529228045,140.358881900385
-561.879564047511,97.8832484047016
-369.993560089963,217.12828978739
-430.386333847884,92.8862014727929
-233.985747114771,112.082573811599
-176.553270583543,117.366188383603
-135.109363300122,120.109988167329
-190.197603450855,101.724960828949
-288.902082103916,93.5223312545422
-55.6415868313052,63.9888623325387
-44.2388196385946,81.8177204411477
-110.538373669202,164.430894064106
-133.678843856367,128.827254986834
-193.826391377981,205.343911987744
-496.612090945577,77.475129210161
-435.607671069803,69.4228855145629
-295.639959696781,63.6974758703145
-403.053677382282,55.6053250443365
-158.610003297954,75.1023647607217
-321.73454167493,106.204325427971
-671.732463596905,92.6230923761468
-397.845756990173,101.018502704665
-524.952249734342,93.5708860563172
-271.343161695724,131.683076680172
-361.358051330647,70.8141886420344
-209.548337189553,102.991341035893
-357.658730003001,94.0304722786404
60.254597096676,35.9721008019114
-175.792762419296,74.1660831027743
-441.572259217068,88.515575006646
-309.550252442205,68.7728751082323
-140.485653840326,108.117092401888
-340.9461310638,95.450571185429
-12.5375870624703,44.1185963214521
-114.623885052511,43.0470051064767
-121.183359131217,25.3558497385529
-615.086433911616,79.9991828802813
-87.9605206175038,105.732661832706
-121.181892673518,47.2723457833927
-110.929491073999,41.7977475547232
-379.697746152284,49.7616777976218
-236.872069623561,59.9620888278441
-100.915391565213,55.818362366248
-539.430452813107,94.0897521925071
-552.006143881729,71.6394076647412
-448.455779988485,142.397021105207
-261.31429095949,44.0389866975165
-325.992206617797,86.4780775685085
-200.957879375666,77.5159082131868
-133.255157755768,78.1235063030472
-310.186262939224,55.3054592653934
-304.351475899981,24.6965693277452
-188.402710376598,63.3209058557259
-668.87126011074,118.303887417373
-13.2748123202764,53.3192121018074
-118.268199535476,137.296440439532
-376.551019115548,98.212605645138
-238.469775085337,80.6391237927273
-219.045140769849,83.2677557402058
-22.8264058561326,67.3772655933863
-162.462754120701,50.9399456537503
-142.577222601292,36.0079277697077
30.2097737575023,98.9294238361908
-304.772299060518,21.7920321360434
-92.1187025362542,104.79148555905
-292.268017996779,64.1481550253884
-312.164918367198,103.106922216888
-383.317081729838,109.123014805024
-381.965826741085,106.828712790971
-393.527634258295,70.8956657626841
-560.043120195241,94.9270631460531
-238.503882524325,252.037102126575
-156.661555130398,65.1204721933518
-21.127105555126,40.6768001477194
-165.309598211599,50.8164555116309
-313.205025695155,109.909487811907
-78.2072229219998,149.09661826308
-316.475806197966,69.6213679661087
-435.086284122895,32.4640431967564
-196.734427924619,115.806421918795
-258.663227776648,113.416412224302
-334.233539736859,80.3400730138528
-204.977011667877,61.952953058455
-198.439331179485,119.008640121625
-340.298059109267,42.8392051309784
-926.788677556742,164.692297021172
-482.216084766827,141.925852056351
-569.109647601785,165.071154747042
-845.744613545881,100.944452924639
-606.018230834143,152.790974501753
-719.83752365582,87.6930790383703
-521.470546358105,133.149485923597
-363.93010633767,49.1757113439089
-540.678953838011,169.742664923011
-851.02683326049,130.535555723996
-534.387425029447,131.759524243775
-328.077366722569,63.4368784811595
-640.227819258493,65.0410859329568
-348.158602839467,39.68530837656
-280.251449947362,59.6562341119643
-354.492311826092,60.8137285441917
-246.157606943251,41.3400060445711
-148.313984672888,41.9120248367981
-152.655391852164,79.4461068407109
-436.598979247647,101.698900342049
-43.8958909764478,60.2328563224582
-330.703633109806,126.911044678098
-91.31696904821,110.3849530934
-1013.66534388549,212.943481910828
-467.502427575848,121.681358938833
-602.750670401241,192.883415016739
-486.097308419106,246.498672097514
-344.301467482641,128.154570055223
-131.800670120138,91.8383648898161
-126.137769973691,144.723819874249
-258.419325281997,102.133076320402
-387.642157829861,148.827137050917
-570.514492395159,49.6960435722722
-147.196013574108,86.1228572924002
-255.904959415973,85.3580069387099
-241.774217176338,89.9382886054227
-586.62263924109,49.1665891920711
-252.480863502181,43.0956319523102
-114.904288222009,31.9371453681069
-327.280154996872,79.9580010054706
-380.738264851956,84.5315651936035
-474.061492771754,44.6881263411597
-481.979078183809,74.2289355293105
24.8841119181598,42.7463338229409
-109.16480062333,78.0977137517184
-198.316284973043,96.8512748306093
-274.010225133938,43.359999120119
-263.802928919846,88.7530238906911
-343.33867610505,110.466860261949
-112.002391575792,82.3071451544383
-163.807717293406,73.770582017678
-252.355646280277,50.0531729786308
-86.1511069491098,20.6209029230085
-384.080162877814,52.6460262096953
-179.929534863115,74.6764564190089
-202.018844003578,89.8804150234646
-111.553564024231,57.3579586793567
-195.110999197037,62.6362964055297
-222.593364169763,85.811428580957
-97.7476139972914,58.8248455444991
-259.531698578576,49.3818893680727
-143.163427359388,63.0420792127516
-104.723013139679,27.3629160865967
-204.199996258438,25.5904901119102
-139.395278257776,25.5618218291356
-222.618758428594,41.8376904192628
-63.8269516057626,46.9982495602053
-180.314845955577,73.6688542382326
-327.496647776366,130.923901088769
-312.797075439023,78.6289608477528
-346.423568110473,75.4796406634632
-155.401682460011,122.018402476897
-152.845199845127,44.3570487789402
-74.2617834168632,76.8987202485441
-315.58189696406,71.7602339063014
-464.74548432068,145.597133539595
-74.4557603875,72.7906120145053
-261.14938774152,135.563961086693
-561.839482638781,55.0839205037337
-105.005772188422,92.7242183747585
-289.801029752503,58.6075075920235
-339.990735976025,42.2098177810694
-404.418775673665,148.361456846193
-171.65908356788,84.9233346451947
-484.690124310262,53.5172408674334
-589.188010625192,27.9781641113805
-514.148965985216,86.2099946453382
105.039607431641,89.4775608984492
-483.17883553353,107.11409867679
-147.260332262238,29.0712170941442
-56.1676637158034,107.455451230533
-133.330185738298,31.508184832579
-193.85246793941,57.3694247676176
30.2351515396294,37.5811879857793
-82.9578888809483,90.8664737395302
-107.536293893732,34.5451523594238
-117.685230360556,89.6478907031997
-108.092089765087,75.0219230940857
-322.673368214251,43.8078800635399
-26.874638993716,45.1860567808617
-364.994727137317,50.4706379486597
-445.117583442663,73.4850278062222
-127.203135074498,56.6533375808212
-137.63033275801,83.3066222860361
-177.567734608368,35.2705538521404
-130.878765931091,61.3030329176399
-128.944570092019,70.3667456112453
-288.879126527667,58.6044136888163
-200.311091130774,48.9618228675936
-180.332627278913,70.4728448867681
-187.902523562982,107.410414915168
-172.389483082567,36.1492158772307
-123.532185415117,70.8341462166572
-250.862229423779,88.959481519094
-117.772144655035,104.720282224182
-378.671976583832,122.819748473703
-120.186458191543,102.340688809203
-32.2241663048044,46.0121946217696
-241.740012009817,80.7544740618323
-266.268392700167,36.0588417487998
-429.658599908274,103.104765990924
-74.0149216574209,114.281811738416
-426.981036479265,90.5008045997274
-199.2372392705,147.304270200839
-644.20143167123,193.526199569053
-221.133071700089,83.3856523993018
-275.164006374383,83.2450768495291
-450.156265006503,148.019889116702
-428.251845796243,154.356596827711
-278.884815819285,89.1103444170876
-391.665648229682,89.7403540754385
-288.909869325864,78.9555182867171
-183.214453201166,23.1992817198261
-283.576158407937,55.382722966162
-132.267885902947,16.5090235175157
-570.957159111822,104.234952636509
-555.913493598404,74.4893079487956
-361.500343048421,103.39692531529
-870.41094299384,104.822401579397
-230.757795320969,34.4462388659595
-527.778386305507,101.365957569058
-644.157006807654,81.3355430563461
-860.243742513267,191.010296525441
-803.730432099823,119.134814260018
-734.402295251115,226.252790767001
-215.801158685354,38.9341600146001
-471.074784278462,134.04024626466
-357.729706658429,107.907979632786
-442.7101621771,125.024781664441
-523.447547074531,223.517209117505
-779.783356287689,114.340902099342
145.02125660711,243.263301921048
-54.1999156570237,167.788450328728
-564.327830545371,126.002273434913
-537.255150522324,173.665324441215
-774.887978505649,158.179447850125
10.6636689445731,75.60854055448
309.576863031405,79.0058350615145
-404.93638980246,133.428490698861
-231.012925749143,109.622061737464
-162.349963812012,209.712048279122
-430.833372369292,97.847502281882
-336.118406834805,133.26420329939
-513.822046322748,195.842376340734
-417.042215399008,184.407556796767
-319.799754619031,51.4806773259406
-308.130851922586,105.874923724958
-427.611930190931,159.499384218783
-369.36252089998,157.012244329657
-278.16053355225,82.9826416497435
-635.488039262818,133.482400900626
-457.247882871106,208.817639208122
-105.15558063674,166.318599823164
-308.921654911064,109.694983030655
-260.905565437046,171.222676523481
15.035075546708,152.744423891098
-394.41652111708,184.764246102637
-486.743943929439,140.381273703468
-786.99975656272,130.844715001869
-449.364961488223,181.711516774783
-684.818500189183,159.460921779595
-436.508257008816,49.1931910660933
-364.450703711525,100.595273138933
-342.921525297745,114.555545519019
-48.9739071020449,94.4366633169921
-721.472140284983,131.901625990286
-545.910234807267,103.758924119902
-213.801289541399,134.317557077023
-103.187310610272,61.8667039028223
-104.180041918567,137.694370872894
-321.546457593722,113.156069033948
-555.106753197011,51.1033592662134
-403.85256672174,207.296417033878
-402.917900286062,136.2317011661
35.2797850288916,153.149509596878
-87.73668249209,78.3950175585924
-104.837978240954,156.970691246679
-507.295250756026,97.6776229021998
-80.2559447001549,149.608312567943
-649.639386159488,14.0796098693208
-119.552529769364,74.0105050065904
-270.922432207379,77.3646172601002
-117.426293464785,49.0621479863912
-120.036105876803,93.6034014799661
-147.375198951675,74.7693691069144
-232.042411288072,76.2105012462707
-134.09485792699,73.7179482843494
-705.444928304234,59.4576743347861
-480.291381775402,110.434831544262
-555.247497566568,62.7525630223918
-184.521022331843,66.3665085578323
-78.5844306098297,106.136217777006
-1118.11090485606,182.753241776922
-320.046814765787,142.947542894268
-778.485153661175,215.454337724358
-644.663832787774,48.1018901789212
-202.508610046993,96.7276311714959
-312.002943531479,114.712943798804
-230.59838650914,135.289428685377
-776.83424943643,147.84489739377
-702.806148013213,164.932210750951
-272.234620361618,102.204449098688
-713.5255309444,154.958369657659
-367.289347375074,170.831384829886
-270.756185367252,113.827063643606
-258.840358090078,70.2997035833068
21.4075168165946,145.947932986775
-412.652726109271,132.500756134788
-367.29946912083,138.288569578712
-139.060932400535,47.5467307206563
-297.019061886102,64.6753828871297
-577.29862759044,145.805300997483
-316.524419930618,47.9633695246885
-274.787989739263,80.056802084684
-53.6784960154619,94.5780760152265
12.8717067988619,26.9383309824043
30.3675002620002,122.756757346266
-452.877544340474,85.7393040107272
-612.052486334056,122.682805409728
-471.756743722886,149.139843938246
-138.03200293261,152.722224905607
-332.757775621991,63.4126707208998
-742.513719127615,130.566223091604
-66.6204912094981,101.39088458645
-321.162975266736,195.106372553331
-459.199435493334,65.619882466839
-200.400998504745,102.670169590303
-41.4861299677723,120.744487184631
-263.025570448663,11.4217173235375
-79.616780755794,86.9862495891612
-141.140044657208,101.566873918899
-219.400356019061,61.5870087454387
-141.046754180967,34.6726101050299
-24.6468896668957,29.042650720774
-232.250832872814,35.5647743686568
-192.311084779962,27.223685213874
-205.774972294763,58.5457084908849
-50.4538770874133,67.0154910575038
-124.763551026685,99.0950260233367
-14.1613364593068,48.5555032172124
-185.241762636433,39.1543147358316
-67.9387824222977,29.3829835453216
-60.166226431822,32.9552094448736
-148.389826428378,68.4172097008122
-402.872356353386,70.0035444372334
-415.128537491546,51.0634634688613
-19.1711356724845,36.1252059967956
-272.535869135507,114.443155311805
-254.515650757421,36.0867452294042
-85.6598417091082,41.2238068283586
-134.601670602227,52.8791916192422
-43.9684993471019,33.4405166751967
-108.903004284664,32.3115848209418
-178.679783886255,47.1456463859795
-96.0239204286245,34.6897298372278
-137.134673429609,30.3924642686507
-120.783689772274,39.0520043130164
-116.368374312435,30.5221945441372
-105.184460672959,42.9056537754077
-57.4715055642882,49.0897782134416
-229.778703723132,50.5506263802527
-120.442078115229,35.6599801586854
-108.882618879041,38.2080687919733
-122.230203845914,33.999781086517
-175.376689830679,44.1212842773543
-52.3629610422722,28.1145510083734
-195.381131476926,32.2740451523059
-371.142203896234,90.6706398087917
-564.688360459433,115.792388964721
-404.124939656598,15.6099854784698
-374.784903269261,26.9719991385937
-163.97724257021,121.271548540942
-308.800207723369,36.7152358008898
-134.564542152628,22.9593686401713
-28.2824127207859,49.6161126953375
-350.791103580697,53.5974952921533
-73.2701138827506,106.243708622991
-117.337648274843,48.4218641985062
-301.253309440475,64.0398305736162
-293.303503681673,93.032961577861
-320.044598076842,78.9682083349544
-94.6352290531213,46.7605629703321
-220.290943297914,75.2152163315332
-435.228270617257,90.2894125043531
-195.649892583315,78.0585533784979
-204.921693568278,160.15984007706
-124.22611891717,107.109578334243
-337.20096860022,105.079183247472
-134.544717264576,97.5215780469734
-410.517908529415,91.3123971654277
-366.93508646822,116.23471326768
-527.41611017831,97.7101378272273
-273.958353380454,123.427458919687
-361.017533631006,117.583813416277
-188.645804383385,105.245365932307
-295.2586973867,118.171175772026
-145.72328339683,64.6134139739152
19.8114299689405,102.528973831693
-237.403830827844,80.7692069149271
-214.65682060871,69.9440543390228
-81.0905732561714,42.8545661992393
-73.082242480501,25.8871402975055
-58.6911766813137,51.8526125961289
-200.808521542858,28.0227971555723
-95.9160986703209,27.1983100732032
-119.910195966731,44.9286224574025
-70.5575291261193,18.556357624997
-180.433636651163,38.6936700054903
-336.048348271026,33.687554332515
-0.521326954214601,2.76833944599457
-79.6549659480552,65.5845997967299
-46.7567507383501,47.6309504279998
-146.572816586631,80.49168810228
-265.245853943547,56.4394416470896
9.84026338814147,43.5866924821603
-190.218894681399,69.3126221313723
-215.429598010684,43.3049035874137
-114.445347863227,66.6814078442003
-166.296392419481,16.6354335295036
-186.128771691394,67.1167356655715
-272.075577096475,80.1061608746531
-336.795595439231,123.398806829799
-160.806328665712,62.2480614378728
-186.576475936556,4.29531102231704
5.83866088901414,39.7869931277528
-88.8904548699502,16.9508684906323
-123.210371416222,54.9819292079828
-74.7061032183265,31.4290907415743
-127.05475897831,17.1023307329015
-105.177082652997,33.1951475733367
-135.864481165947,14.9236288834654
-116.410960162637,20.5551881105785
-52.3251628998551,43.7813253785862
-54.9352499570305,36.2043382353513
-95.5542643018744,28.6526318114193
-132.236311481349,29.9235415451403
-108.574062360163,29.0957577110821
-35.4260485302075,35.6104281998414
-234.960103110061,34.943084356597
-170.226988136681,40.4127304556168
-106.698783472031,20.3166301657911
-168.493773528025,52.8042050204967
-435.129231211075,24.7181505199624
-219.771051402982,63.199182229182
-37.0077934436667,41.4278315949341
-155.844424101175,66.0401776528633
-289.523903606367,52.0960918277124
-63.9362123171741,124.635835206602
-139.463652815975,89.0721949327562
-180.34413709963,71.9715046437632
-45.0810288173307,48.4821598343115
-90.6834888901794,84.2535552400295
-53.2536213736339,40.496161103094
-155.068075744348,58.6556205993911
-652.705743722749,59.4169693116419
-323.6694021933,111.216688009212
-780.045654412235,162.523697567747
-1076.30951483175,127.761905849533
-289.716566006886,127.54846341152
-488.245330564052,101.464091828908
-275.479878755049,165.714538218104
-910.694523256694,91.2056908973464
-554.242187170385,143.047966951184
-359.599393871431,132.674352975155
241.034854460464,148.477842389322
-346.877486174199,212.654551201136
-620.155439151451,99.9572303434779
-71.5373399573728,22.5033396393846
-315.602502243943,33.6564378612093
-125.809527570033,98.1050334418251
-221.496185810007,43.2577402455208
-325.029157666824,131.443868341259
-564.048713478805,103.336351506587
-684.690846241327,109.941314175798
-135.252756159649,107.918865065003
-128.696499349513,163.796831650776
-186.111757590654,120.443450870924
339.040398070036,140.758765066799
-419.87907414756,109.638247075723
-1002.39802876379,149.095397680692
-481.886414580382,154.988362937525
120.405679108,87.090244623163
-356.004022813024,87.276602501297
-31.8085182082687,132.324888126634
-149.103022793803,170.876770436342
-675.575049829378,245.778793892452
-461.043943181416,87.7625868444738
40.4281599318783,29.1673555554189
152.183290742119,141.131058005034
-298.080819595896,190.143847258747
-422.454893203685,123.76907126783
-499.140488352452,115.054936289001
-388.975652120382,114.520800496924
-327.087756771325,112.958593007275
-313.351517548347,74.2754096577264
-292.847485169448,74.3166998966235
-158.66679563334,119.06112929697
-240.430435493385,98.9987696947355
-187.374297657375,47.2170632851048
-360.66658823203,92.7589050952154
-282.591803383017,130.685002252947
-447.784286643117,122.505495459773
-294.503846070525,95.3472840444101
-78.7217520541453,101.736693684054
-239.445696240103,102.578661445048
-145.961878475646,116.435728015631
-274.512592285857,104.72519174125
-528.909149382445,57.3346910870532
-851.518732545384,75.0816839053296
-176.006675775076,102.553601451567
-712.360211106308,95.5199323601846
-600.198306749207,71.0812051064713
-189.522945959914,123.424603715146
-4.73610026696406,72.749987620773
-203.395705257142,31.9358311735705
-173.218328183488,75.3215547165892
-428.202714457606,87.925037688372
-252.857511048496,102.245317515481
-201.953060206422,115.543829954346
-224.996413723726,93.4867394405592
-462.439825502108,87.8557288664306
52.5903842165135,70.0411842079957
-332.436670641095,127.86359305193
119.337246379786,105.273034896265
-320.563063096837,104.563834246495
-321.127979031982,103.019954653326
-594.002315855716,69.2894683917548
-277.858891801166,142.199155361304
-402.766624188764,154.634590349309
-448.977680569431,101.799357317763
-702.065694273857,33.2557948707545
-145.678015280922,118.285068306706
-66.4027065966075,78.9741562835334
-526.239471855864,123.365469321194
-472.396010255645,191.837722881872
-313.365547657449,127.643401428955
-199.103946726391,164.590409806609
-253.560650845393,98.4545684407058
-261.790503632408,113.684856446584
-229.849116094614,175.905512753961
-832.049242668058,133.796833388136
-825.295279661339,185.982697751315
-363.781691729064,106.081895078649
-709.755455964513,154.846531037721
-60.3475115936599,-14.1431845163024
-437.899008177374,91.7017561907705
-793.21920548749,69.5953626546398
-103.813709874499,117.114044420217
-215.665730973458,97.8528827661539
-342.52985922213,82.5376911476806
-538.281961034681,100.881860342975
-211.176877228907,131.342207070498
-319.202381211595,51.4239657321159
-66.7521765677811,29.2883378528959
-202.935292142298,120.359362999894
-140.199450063723,11.1067044787924
11.8702811060066,59.7248720934731
-279.313493798181,32.0159053551324
-36.9234665076947,50.6632747538679
-128.195893564436,36.1816322530794
-89.7756321690977,34.1538999625773
-221.693192072722,65.2481254023951
-304.980079226099,86.3907373007969
95.5632688956071,52.4557768359664
-191.955661426902,83.5636155943066
-402.342568844324,67.6374251430825
-69.8715365580319,65.6597511792788
-268.547665448685,58.9452150303696
-223.402867525309,51.5138261711545
-119.633094192221,96.8394109151413
-123.187793575009,55.4291224272747
-209.170813815144,48.2370322303614
-126.342252316579,49.0032191770151
-220.09446283961,61.5607438432635
-146.629719669523,76.2548311950814
-245.087547210336,43.8328811852261
-542.107261671877,89.2200424226321
-192.216083533305,112.681534016054
-32.8752004492562,63.98800989968
-454.564383952544,90.9408328237769
-235.712036899466,69.1868856913716
-223.239201469376,66.1829821772408
-173.24932934079,22.4915809699869
-475.089226796616,155.804123887472
-450.262258425075,83.0031973144869
-473.329111141997,41.4884936995659
-93.3306975272135,64.3090603860619
-325.02237731911,65.6208955819748
-156.440154415322,102.967665944219
-509.840915201043,59.2099086481321
-635.442943054448,115.043824721626
-408.171584217744,207.869292343908
-236.691758106288,86.7966875950224
-474.064000295097,81.5869053949082
-470.949247248078,81.76069849757
-69.772077437694,19.6361824347696
-193.407610494136,87.4306607701983
-151.912315738213,62.4253724678965
-242.152307418248,89.2156679646214
32.7616606936863,11.5744921157311
-87.6708108991079,52.3540567824166
-4.03056925404235,10.745894179805
-79.8936212996705,66.0805246028322
-313.525158519478,73.6317269798728
-94.4414474533842,58.5776900148121
-45.826118860743,38.2008082782449
-91.7267606075038,72.5017036710342
-191.550470783899,52.535120632303
-114.311167740758,4.02226632926613
-60.1143923989293,43.5642334727891
-119.155040917889,16.9230485917869
0.500565739559534,22.0607050979397
-46.6429700979497,14.9936288649624
-25.160254166607,12.0622337327077
-131.584961420558,19.233773207874
-54.305310755095,20.2104665967054
-32.2647097750269,21.6090287971019
-60.4709151558927,10.4218243391297
-45.2113399073569,12.2504054497404
-4.35517725363025,10.2885108248402
-25.8022914158937,13.4616701900813
-84.6285339438036,16.856150454274
-51.2476828677027,16.0312902496953
-35.4818542334833,10.8393696082931
-84.2501145706628,10.7385460200603
-34.2320202254123,6.91533932495804
-36.8785282891477,17.4011596891505
-32.5872838546638,4.63289811080904
10.1538144909136,12.4043909334032
-40.4871944465312,16.5041011294379
-81.1776432280567,17.743538541923
-77.4639787545893,11.1157227639724
-57.001000768505,14.0448998772335
-41.4828067788039,17.555300188862
-13.0938272492203,27.6033511895002
-30.2340056610192,9.9327484923997
-67.6305757165537,16.805679327721
-17.4420773854363,10.8581832803684
-82.6099731076538,15.7752901911153
9.29029417933089,6.46034114202484
-104.991038950582,22.3267840011104
-63.2562741566653,17.5384014800511
-14.1310712772683,10.1693822716479
-44.1659557940366,9.04435475634818
-64.9979875444769,27.2541752396792
-174.843007327676,18.6586654862331
-35.3258091420394,32.6655041932318
-39.8860516396526,34.3385951819182
-41.8904876989582,34.9216013784317
-76.0299508168355,21.0515168241691
-291.408518186374,34.0244884909334
-118.909693842048,25.8480472604861
-148.937106145429,-5.84500952626695
-123.655235137325,40.3752110282003
-24.1311779018724,31.6337542359324
-147.196499290039,46.2991059144333
-94.189649896769,38.1804321951277
-158.460007058646,39.9910154528043
-194.320414294838,50.4477624586179
-137.9460304479,36.0236587430272
-75.8645230229886,19.6484466493421
-100.037431404053,20.1500684070925
-71.2103507388456,27.9308403413452
-55.7355799336219,23.3337248309981
-98.9990296725155,22.6914903453071
-67.2711145077064,20.2817485063861
-39.7289469904208,16.2843951711839
-99.5473592253402,20.6877010730459
-45.4024177761712,34.3042236602669
-26.1389688316558,13.837015628611
-30.6271989639354,15.5143477651654
-59.4102314148549,32.0775186885003
-80.6024881006742,26.7665492955421
-110.190012863663,9.75342461143737
157.578140820206,21.6210113536363
-60.6665310011704,12.7780714945184
-98.2168310757916,4.53237255016575
-79.0717171961405,24.6053413241898
-100.017566936731,30.3786189245293
-12.1730098037951,30.7949031562021
-91.9286583871944,25.3595393207797
-67.7115310342851,27.7704202011228
-99.2268765163462,11.8841310240095
-87.2284965269137,11.2695543626178
-124.37362925167,17.1188113974385
-93.9843489894993,21.584807591913
-84.1142578177023,20.6614392134325
-82.8642985587358,40.4958018106845
-95.2856232425584,16.9959291686901
-102.532014882469,58.417896940271
-114.664533586074,74.0726896899869
-134.128459567102,40.7160918929731
-107.249105785071,51.5146550131976
-182.311454721414,36.5791500854248
-119.757486204646,17.3212528305806
-202.10192743552,68.7169659798019
-117.257487117311,69.2565180319034
-27.7907704304052,63.4827681558381
-125.125386882311,81.9509311630973
-318.380888041953,69.2529462602979
-62.6241677939543,79.3512825106736
-135.288866578383,75.4375171629363
-365.443794427716,81.0379656188161
-352.929667897231,44.4622142910084
-275.156466647604,74.9899182747831
-0.935154001417686,84.5247238267984
-505.672666297898,95.3952700862428
-378.892710983622,108.124293869994
-310.282832795987,73.1110790705934
-196.729778402509,154.566175344502
-144.402112726864,80.3886771542366
23.0899667330814,1.92343041111599
-307.078614302853,49.6716450644162
-92.5601399662555,58.6082212936599
-126.598318388835,19.4179932328989
-123.247483470986,27.1249927119279
-155.784425616112,21.8079199252534
-52.2293990616236,23.7060247293994
-264.268689555814,56.9173692661643
-110.721326715517,60.1578682145046
-153.568387325311,79.0690566257181
-146.564715917193,29.0956056378946
-107.431284024943,16.2368691048468
-184.849742298877,25.7783470702707
-123.415885987124,48.6087001440392
-112.006421515987,33.6622202801227
-82.100027912762,16.5202119367168
-120.295619937201,37.4629535675558
-40.0785780832957,29.065982317712
-86.7254452730558,33.1916005943785
-51.5653762005386,47.1901120659659
-51.510038307184,22.7144146115133
-86.9841451950197,27.9775003092291
-46.185286642838,30.1982520747842
-46.0919563202769,35.7281609404599
-103.676080166555,9.06734727481671
-67.9276562131199,25.605052738043
-121.329022880791,28.6920230368269
-46.515639508405,26.8887299024136
-161.202002163438,25.5006043071116
-6.2648863506256,46.364894229424
-113.888857269354,36.5771735881208
-124.809195527749,27.7841245202944
-88.4781175812095,62.8722068469069
9.75700367994898,55.897621898388
-287.465793892792,48.7038451923436
-219.644814562431,50.9880094883265
-151.909533316064,50.5769162304205
-24.4810928023726,33.9109730009077
-92.8282395171655,62.5393265227904
-133.363312941394,70.9159980889526
-283.084990557874,36.6508703463837
-76.96938113941,62.2075302881713
-200.376435387152,106.683181118888
-247.608424001439,51.9354217492837
-209.021447231993,29.8992269260489
-394.139887867816,125.361906929989
-347.672567224959,43.3518612189255
-133.031982476867,7.69852904083382
-181.600718416099,41.0122969349468
-252.540823623465,81.511925962699
-244.425115097823,131.724540372699
-484.985113684314,74.8205330908058
-168.443532014986,56.34236984381
-359.41258057519,92.1870001557108
-278.964385462074,101.761328343855
-189.671434961565,96.5734496106015
-319.348924125763,138.292316860428
-148.755160489115,116.050791663867
-374.586601742336,58.2037644266809
-296.899419317429,55.216154279391
-494.690279005859,113.014900217723
-294.112486896243,84.0069258871808
-115.658074641571,78.1144299273656
-341.176494819432,60.2949471466854
-9.68146532035462,111.146067460912
-220.212603794702,57.2265853328572
-143.934147677077,96.2262846605008
-198.843997664429,48.7788893668039
-170.598682237251,39.6473570381058
-154.811974561482,52.1062537891066
-8.75572858195665,69.0395052445965
-189.339613674092,37.7428972020134
-198.505110733546,36.9618300163274
-96.2679505735287,123.767574413638
-238.707101033389,66.5912572612142
-17.4464887643408,149.730684600509
-472.52283609919,146.650658630373
-118.752254306048,134.624807546177
189.605964589352,91.4932311626471
-708.718460574455,136.035171335738
-237.930118084434,136.871451333689
-277.222955968406,71.8664992119011
-487.789577702773,39.6778938216464
-283.389984439444,122.988498837134
-132.127664604457,102.564663923753
-195.523272212638,53.2927452873337
140.751240281721,117.972165263469
62.7396328688483,85.4177591637053
-417.173308899524,157.892361550767
-424.924700682837,67.8451461830555
-154.917532343752,80.4328957473917
-489.461755734636,80.4199368546542
-262.583294651362,93.5107704909115
-137.989668700481,77.8506034695602
-489.908544549748,16.8677960539426
98.5143263053978,188.5315985168
-45.8617112958927,129.97617737067
-228.766249569264,124.301437667686
-182.112958674552,103.838350541875
-119.453653432342,-8.36004297814725
-403.769148818526,60.8654026770455
-265.440837017151,93.630189231626
-5.6984607165723,66.0883479155927
19.886387405917,34.4631904970374
-139.645552841495,39.1006137768418
-77.2955227160801,55.6092019173375
-276.261724461772,72.759604197141
-38.1832597882021,21.3690504236874
-329.332436116914,14.2358980777499
-128.688735650489,59.8156220708124
-344.647769667405,82.6062946735765
-405.387112675438,28.8920881453814
-384.186673011769,107.822094401679
-366.432347493508,80.9915553727187
-107.1787869736,85.1005648211758
-267.475660886645,80.059163213984
-421.491171531059,90.7917607461641
-335.866510410706,93.9734439669628
-358.317898520349,159.295213944119
-237.659949633453,56.0972235328518
-139.029915620253,93.9191098773153
-188.354930063128,128.56334512683
-432.355810527813,139.719751710254
-305.978737919067,149.766034109023
-652.236458420015,107.754118310553
-105.317055268033,189.196643499861
-375.861829051844,114.266187794303
-428.086785662774,124.435392300293
-278.495055590669,172.801991921246
-1145.20593410428,160.137230597182
-515.308664591343,172.94904511825
-908.808061823947,38.8312031395035
-50.6008256071946,99.826864187487
20.2016094991195,103.822562720859
-61.5149858670611,12.8516264650207
-484.60860017332,103.406248380168
-478.891561041419,139.693382131445
-930.114504902042,55.8176747651669
-684.9154082081,50.8213688231554
-710.153968563696,233.336878061673
-118.951038264393,136.55468360387
-357.612886986239,72.1148648275848
-525.639118389241,105.569396373199
-817.136754853826,208.077539150603
36.0868688939954,84.4669051156816
-394.666205630034,13.0154560497917
-582.857086834498,153.888572665353
-427.147029348969,100.772943357573
121.900255380137,6.8408362720952
-423.807496052119,106.474001244147
-384.579541413897,73.5660977998632
-98.9674313869909,121.995444106753
139.210812186677,55.8023195927381
-184.180334078446,140.611775188984
-938.096204753807,94.9522025177721
-192.485717879637,95.8038376911718
37.5992215282458,173.029779648496
52.1073034893561,89.8902633761099
-775.221723272174,109.403565580171
-121.360780414492,111.212554883517
-466.152394324752,92.6949877614716
-112.827661135851,79.9259198178916
-127.119042589111,128.705477548414
-381.939124497273,188.524903290083
-165.320845279028,72.7366994144832
-408.490125089324,115.083690380838
25.6586417676845,143.192826455459
-224.015644102168,75.3604010337222
-331.259436721884,85.6961963541107
-395.127268526638,41.9624171828327
-193.643434319936,54.5299538158943
-62.2949693007831,136.63589243521
-131.424443094962,76.8154529839012
-113.452801120642,183.25774962586
-203.718543035851,192.795531827564
-574.233767209575,152.751517618293
93.7527309692086,-6.06697943752806
-71.4748805472773,100.630142604336
-310.199801257899,91.0517565093323
-556.154757869081,206.9029549322
-730.31772613441,63.3028922139638
-756.925826654377,120.305441086151
-222.454506656682,208.716404947452
-365.458447465264,212.244520469627
-628.427081635738,107.830066645722
-436.276476515704,123.020474730031
-756.389949362958,135.257877725671
-368.142103024831,203.374135574704
-848.958439742433,196.811557213958
-406.42845331679,139.019863028334
-768.043526758265,160.360983385472
-802.459955140461,201.320762042335
-322.662947945879,26.1257329817308
-569.819890966639,39.5949329047871
-258.47295202042,63.2444869495666
-334.304931166022,6.44912880909396
-124.001107115357,119.198396749925
-161.223305586347,91.8139946105948
-423.959833473884,56.8487796936242
-197.418271270086,63.4890984987724
-31.4177339151938,64.595063656714
-401.988654559551,28.9821992268116
-163.504895039485,75.6428702088888
-320.066502681861,97.30322888316
-187.319009277665,65.089982853664
-16.0293517652317,113.056907310773
-285.383012686645,102.275865169686
-208.492679929826,37.7525373221433
-255.330962820351,94.7785330264742
-378.60492539418,182.750523268478
-297.431410231191,75.4629551308644
-717.933602001867,178.994131165178
-54.4619941781129,167.755687048251
-207.782917923985,89.7481816410691
-393.317898877285,94.6689980254232
112.136996371468,80.0396874939553
-290.485349323477,119.179916829296
-669.085939790602,140.156056498672
-435.83391850768,92.645153624675
-587.951676014432,80.3126514388423
-277.777929047072,39.3958148701931
-514.679448653525,111.435170388066
-210.095542158771,78.624198712394
-211.460256252775,77.8784693543421
-446.468779015879,117.423883455645
-730.561505760554,179.695563482703
-347.867520787404,37.0673902077106
-481.980220154335,120.482623502918
-387.303555779632,119.429559467389
-263.44785357263,44.3134566132576
-312.767553853548,136.693040970073
-100.178008410097,117.526407688092
-609.560553744372,93.3812334053146
-200.959069064949,43.6476259214105
-16.807518405587,64.8107443927718
-179.897093563026,57.43633102288
-165.279803842452,71.7322281345387
-96.3835258435574,25.9476598381443
-136.239514587171,12.3014063281007
-267.431249974587,61.2905759761779
-301.567367262789,85.4528762933478
-256.490552217337,65.9634802369546
-228.634507883609,50.3059943932021
-28.3515243423753,85.2112821270421
-58.0241969405615,76.8133657644939
-187.477772241255,47.2526447898126
-185.357909012539,73.7928451863118
-225.859416989641,20.1959925011179
-94.7952858806166,69.4709578841721
-142.027826311154,124.917447174121
9.73058902507182,56.592096562701
-262.226950554934,121.385435004688
-229.430059217251,73.0682628734066
-116.796627739169,79.4452585577128
-251.080662276132,105.55935390816
-361.816619391131,112.379729816224
-523.528397914357,246.752214909837
-319.328685931665,151.362471570785
-328.174908274428,181.627570265518
-544.157552888886,165.512333759034
-371.830962328058,133.270727369774
-477.751092378501,91.3411837961385
-265.958832077216,108.085394979513
-414.388296115969,115.899438677181
-336.90408956926,116.580258651462
-170.542295705731,82.5245167054818
-512.968814451873,79.617404846882
-973.655915712414,255.277564798016
-404.34788177794,51.8675668893775
-396.641867695049,90.1389899006899
-464.935134531224,163.189023938232
-189.989037814754,141.193427943959
-382.891877906164,84.0403971729684
-881.546847493704,165.196640299684
-422.871959449299,154.374575969006
-649.781689303851,114.892205064447
-443.639826039638,16.1397340513431
-89.9671231566681,193.537760055173
-190.221711714417,86.2518988586235
-369.655951073553,136.953669464667
-385.42545100853,121.318965529907
154.138493934901,113.500864152462
-279.461086472642,-26.6867732513711
-203.414204888759,95.311378897808
-281.070952474518,68.7907588809758
-295.594330869324,147.436448628585
-616.094867957993,173.508759947836
-176.22603851416,36.128340089097
-258.407718988097,161.737292048198
76.0324150565502,164.107530134293
-414.792833012507,83.9977223462338
-216.77727057421,130.487525668083
-85.1904146976017,145.369719326445
-478.238279443154,137.290298317006
-166.214214074731,56.8122295841385
-279.553494889813,87.0864202490775
-417.982162710995,143.497777032258
-208.838749515548,154.382034108552
-113.274355216044,75.6898929021518
-409.258087238908,68.953508690116
-155.664236158445,118.445486523536
-235.196168884504,74.1512135990279
-377.747448444206,105.895761344189
-195.084883040559,134.28779789478
-516.947076043973,39.0853087203477
-879.07271630269,211.606638071775
-512.612185488411,55.7266523544968
-226.030527103361,134.760985502973
-568.301727737038,119.432083523317
-110.839834839309,145.669787036357
-750.935260047798,167.436893547216
-132.346858868756,138.209522142217
-482.635777677264,214.729994016263
-361.591968464869,92.1961089585566
-194.902626366063,119.546936478568
-157.793006877124,55.2621576779347
-33.9845392342831,170.977163706011
-449.318191491955,151.981494883046
-210.736284777857,90.8882258559461
-275.732932051556,125.274639143987
-568.204195808008,101.331585679378
-181.239647418904,70.0342758218758
-214.151281842322,83.7260335030951
-303.035848210915,54.9331094909576
-210.466049150651,72.5826927920498
-81.0306397397762,73.2674567844952
-19.939285501925,81.3925570571607
-468.565079764692,110.160503576073
-295.543088085527,53.1650755351584
-181.461793389812,105.773536741608
-608.660556546429,143.345322832545
-474.907817158368,109.875538745604
-343.32701024464,115.411001239641
-389.518128274402,95.0698334500157
-598.889949859818,197.395238247816
-383.456584235508,187.467153067701
-153.243696309859,127.184091636103
-573.569384336452,177.21057946069
57.0308958184614,46.4951374597586
-729.918100609386,124.493132909687
-654.456134469991,115.618606532909
-393.828252391919,121.018405552226
-395.040518268463,157.773070353047
-848.731698287753,176.177905672837
-647.599256745511,114.415353869816
-432.627910758543,80.4248832912344
-99.6916712273669,49.3066364232218
-234.699396292679,106.514346832286
-615.786624697314,183.005888770567
-572.376809992838,118.238996086642
-274.576361181593,79.597949991643
-252.510102553759,204.316503804323
-396.702916137525,130.407772480859
-843.415557623179,62.852871581963
-357.723431003313,138.55861859789
-357.172424852019,96.2187450406782
120.560745613053,93.8756994731375
-259.855442464006,69.5870500818055
-351.394525330943,137.829469291362
-679.234064574208,61.9461035275017
-336.360712134017,71.322451383181
-279.053097984026,129.026500324457
-235.49608571791,133.915644276913
-119.479182323004,36.4526220432017
6.28549604613727,143.239661995838
-866.526119770395,119.328113355266
-326.626027667357,66.97997775556
-177.146110074988,54.9904064059665
-389.737429109508,109.622065822536
-366.251778466729,149.516746757843
-519.477183117131,108.193423310513
-128.968127155427,88.0878217973077
-110.698512500087,58.6812201209104
-186.85696975053,108.185201546868
-278.869952629932,84.0984286329476
-311.627602631581,117.432508445359
-103.161216751527,84.0448308317718
-14.8267683799277,86.9259693352069
-390.016562970151,125.039057775139
-360.622673628677,145.036173187924
-243.750446458685,90.8675408337258
-138.701166521172,84.9988849632064
-416.035308708235,161.645282755344
-239.742760313478,-21.8311747873522
-66.2385807161045,26.0274025243925
190.567659348805,79.3004157011455
-205.956806300586,53.9384862394654
65.1677170741677,82.1144907826383
-218.745399415755,37.5077932988861
-138.284290258074,71.542363635439
-235.246194164254,50.0256195929105
-151.225479192941,53.388199735411
-158.778350013054,21.2366286206416
-22.0679785664906,33.4570204508964
1.7481792671615,60.1507886666041
-246.582088478724,30.5977167405617
-179.636449955382,56.5669703022431
-198.729917296238,27.7421308090161
-127.596293586437,48.1895901164826
-88.8998518826775,49.5403804649814
-68.126985151117,58.246589908289
38.3266967434756,33.8783624343923
-64.5870771189948,43.6594033698784
-78.1817275805588,2.30439034334267
-100.684141063684,34.7580405616754
-179.45637064887,32.805933008538
-19.148418987068,44.6419643878326
-83.2231205185089,32.7378926751808
-182.939722242099,41.5263074954128
-53.3840682267182,54.7752546306147
-81.4089859538217,60.1337307633075
-86.1130981278547,9.97211457799131
-114.139968920039,86.4356904244632
-119.342557377851,57.8131237148482
-18.3624693634629,111.681583813886
-303.611046761711,76.6460533052377
-250.166830492002,65.2219382004987
-435.678548772659,139.121054740997
-340.047128832877,138.074678867197
-346.036077604454,70.9311297833447
-28.2920726179,122.268622677177
-384.542412461044,71.070548738237
-322.223459051604,132.98021798495
-204.50622305501,120.162959885231
351.567604561467,217.294664438057
-621.864250019615,152.083737468281
-422.040883790876,76.114962453612
-817.755421040521,170.911181289412
-29.8232166108501,98.1633381274296
-290.40002400399,130.649675672044
-238.415670305651,94.0518826710222
-379.532806860632,31.2421481262863
-324.613819418402,70.2179441973567
-259.662055934525,104.102251343007
-338.388454419926,112.794600350274
-116.894853631791,128.711214163428
-380.112873612255,92.5281561988522
-195.418506603521,121.792898464224
-165.104050906652,202.57712443918
-341.883694454635,43.680815214444
-449.013847165377,103.170563494234
-27.5409002167653,115.241870452475
-490.445141305019,124.190088679141
-201.602560919659,160.29896114819
-441.997232303701,47.9015650540241
-925.417908764115,219.213839211799
-751.719560673242,122.574313206802
-40.657922240207,167.051913717969
-1071.10974725189,107.343774572189
-314.11103722651,206.494216688032
-259.94910513964,124.728123452864
-14.5545719712973,112.381810522464
-447.171669974643,84.7023914988631
-298.089129937242,98.4218299394088
-133.911809072961,116.908862180659
-786.549215524952,167.953015183593
-262.981717481918,128.982821118916
0.394964364550106,161.333615919488
-540.529102441244,88.8879770840867
-87.7235309399985,152.911750029041
-364.439754423365,88.3326506376188
-809.538225031007,152.155090786298
-1607.49591876261,197.21645927128
-1165.0166624179,105.082714049349
-845.362288520206,85.4523532208259
-861.986993226528,121.023377004545
-289.41614111021,85.8325605735881
-192.568014231001,101.330380433064
-105.634397723159,27.7237984887033
-171.267607638816,30.7788820305504
-163.880702319179,69.7167045862734
-277.124757679162,7.82843066379428
-167.837792455211,49.4877486607111
-241.053352183255,57.6160678000597
-135.014556684095,31.7283782582526
-286.620349856712,51.3218207620375
-300.672979671108,69.3939873880736
-326.618658779364,53.5522423579068
-234.572657079989,64.5156104908529
-144.40821538301,56.7400235037203
-38.4005518508347,15.8870224094426
18.4488578140008,38.3337764803728
-14.9416057887211,53.1925229360058
-63.4445867033774,29.3092870890832
-123.676790524943,47.4235939755163
-114.306165600952,19.1476652297606
-6.27611653799067,24.9613673108106
-50.9568477150533,39.6190645474417
-155.514718723071,25.4664302216552
-25.5540525142787,-1.37598466471536
18.946964459843,50.046484268285
-26.8659614924254,63.6720026431722
-98.661081154587,36.1453735872055
-165.295513206631,38.7359585922386
-12.8450161409055,21.9023931140882
-156.062322257058,13.8853448427653
-149.086527853251,29.6012360081659
-75.2479411177592,19.3759749102937
-60.5845095022814,40.2284574101941
-109.057580309251,57.4180039498315
-97.1980167303991,64.5130938622679
-180.671817707247,43.2189269524533
-50.1089883467939,49.0437274099822
-25.9087338015961,64.3237965719018
-257.649862349208,53.9128801701881
-211.785766477347,51.7007166240764
-208.070380858477,27.7036147775143
-287.927844974678,13.0869502170826
-215.586619757483,74.1131353679375
-240.285817008495,56.8451566949225
-302.430432984635,42.8458006309229
-266.692588566017,52.7709401417815
-315.022604147422,29.1291819651524
-160.377147468709,82.830195978152
-108.927476450655,9.37722044478869
-116.333236707402,74.0521066369547
-219.023192788987,89.5727601691906
-128.532522371184,69.7878131837206
-219.033242384772,49.2490380166164
-69.9051177484835,37.1421201891208
-351.189711736122,50.8683762822129
-237.228196389158,84.8116679657323
-198.360294431055,29.9956228232622
-222.642698221222,78.0533775828153
-275.375607448812,38.289758304978
-318.191260144957,39.5076798201189
-254.944766221492,65.6081088093342
-97.9945163416414,51.9348248297756
-150.169608752534,83.827597673127
-184.540253775449,50.5668441157177
-697.641316188534,122.822327383474
-306.046601005888,138.942223366568
-509.35059044927,228.087511578015
-482.105510854512,108.993175872147
-268.057743312301,123.094027495652
-268.093928296701,67.6413098953417
-206.833088733885,102.096950678932
-507.557265565352,153.726847864698
-233.578008901604,86.130986220156
-73.4982576673215,131.914933473417
-501.154344192228,101.866859313508
-369.855285259342,87.1678374558978
-239.527792679961,136.883135428157
-227.943196797554,48.0506644778784
-287.494488564444,121.629236472159
-396.665035563477,105.092862129866
-174.555131826215,181.839083713188
-248.844580188956,-5.1721565700027
-122.056332686137,50.9176229496479
-182.954893768634,39.3189566697256
-45.9891597753158,30.1900901784611
-96.9882383816293,30.4788699147393
-122.052482114144,62.3300123750596
-222.015045626957,38.1709314653999
-276.39945945963,67.7210067717824
48.2570638595935,42.2116362072411
-222.864445344589,42.9444111285029
-98.1395395085929,74.6402216311908
-103.514373468632,54.9563894057646
-192.420625063154,30.4034769116006
-243.179608333594,31.174559678795
-122.780215315426,14.6227188855337
-131.463086924879,4.72076549081248
-28.2816080733246,15.7988709063793
-111.897248970494,35.1489631015575
-37.4701846757671,27.2755335558031
-56.8834036989283,22.5525076382182
-40.7613552919101,51.4216319429834
-109.379765248596,52.692470819602
-57.1494908875247,47.2083312136383
-83.5537874973452,37.8627005412272
-110.299945456136,46.6644604960602
-175.110644817469,51.7830775866314
-141.099976342046,54.6659104008868
-164.697221694834,43.0793204140209
-157.363123881063,50.6458010857605
-57.801536425075,33.5588752565454
-168.902631223773,36.6487907696719
-106.885559682632,36.3671940009663
-52.5293235108693,86.5003538037708
-130.692658874003,70.1072752111504
-157.281908426376,77.4196651118382
-21.125317338563,56.5570243949624
-165.138626821259,32.1872347882454
-117.951477694223,21.9819405510789
-76.6050105214454,43.6782312425639
-112.95456847825,19.349709022048
-86.2373771305574,58.6246810023149
-299.918812944714,46.538572642181
-188.343947894198,52.8078491415363
-111.320639594505,35.8685192640987
-166.387664150941,35.1804105751071
-156.371614332951,28.3820050129143
-125.72654423966,24.4155065879131
-323.18713515444,38.1818010428105
-148.322945194828,8.82808082051633
-133.540936478435,42.6136742417148
-135.237848955672,45.7271125740881
-26.202620279073,18.4602171747683
-195.819995698534,41.2627547452721
-155.672400480231,61.6424342371611
-150.630929528637,36.8622291570937
-89.0007571243477,49.5713480996928
-53.0504467555111,73.7608250550984
-84.8549591377378,25.4218346683492
-180.051816930412,35.2609225234119
16.035247141841,31.5590941739865
-87.3010646763505,18.9384576188695
-283.851039519388,37.2097593866056
-337.790537127003,71.6414838241035
-153.729532528748,138.462663214799
-491.009977554306,171.282511708589
-325.690780525249,86.7812519150175
-60.2464286208415,132.861755606689
-605.641658960711,46.1016961851892
-439.237021525405,93.4680704523853
-947.007182872505,200.407862594999
-382.942415602331,90.4573291632332
-229.792660833371,97.9264193300478
-575.290094153421,59.622548985164
-653.846395054949,173.828134967574
-303.310567524393,78.878644860466
-354.801171232204,64.882384149867
-225.648027044335,35.9862946118083
-159.190774758084,29.0193443556636
-122.901795799115,45.8448014719743
-152.555444276306,33.358507003577
-249.98254967804,58.4969834523217
-8.97984523539344,74.7815130363679
-131.573222726218,62.6146958131212
-75.8586513469345,71.0546869167229
-190.677417340034,45.2578657805184
-176.781159398452,47.9925536891824
-162.177474970653,44.7502212801919
-317.897801592228,87.1621352521324
-161.636811119562,79.5331559984697
-111.487513308763,52.0673657449806
-64.0866015994688,55.4089897428057
-137.957010244572,25.2659144566569
-291.028832777651,13.4273745818937
-301.919667877817,44.5199077209254
-116.087802423892,23.7496210406316
-244.88825882232,20.695214863983
-67.0219843359155,58.6688821727294
-131.920142190065,38.8767733279019
-169.149337946481,39.6678923787767
-153.698277217343,70.5887094802165
-86.7386790193414,49.3791834547083
-122.617000978673,36.3570766952034
-140.726212376903,68.2999192765092
-176.849525804428,50.5489060159089
-188.598164380117,65.323347597805
-131.256643024914,45.6419258282258
-359.116256015543,66.13622469859
-358.25701902627,69.5754147660627
-134.210123436846,53.1344620749805
-182.293283146606,68.3447401730809
-259.835815744653,78.1200252724666
-155.009921499033,7.96950181752402
-305.287555125411,149.497089306242
-598.62058639375,109.688954514088
-555.327243578737,74.0559161366982
-508.787339899536,201.818504637275
-418.016123417518,127.314273590522
-318.687369868705,64.7233529597488
-604.720051615514,98.1838881014992
-550.884574412987,164.208430990155
-46.8923962726985,120.059672445088
-511.542396782213,96.4410591879277
-371.494038325371,138.985406107407
-59.1469167691575,105.25316496953
-152.42192446212,95.6979217464468
-467.051888919887,80.1012926716357
-425.550881138086,87.5599662441382
-171.740879639518,74.5524666995916
-144.48162555298,82.1617032000722
-372.446334120825,93.0087205787568
-244.05308755728,120.040485342237
-190.112879936351,142.247642724813
-266.732168850853,161.563064776899
-818.275408449826,132.157362838821
-205.332172969778,144.986845853826
-458.218504048456,102.372021925228
-316.816601097911,140.927187290625
-688.171654113105,154.764910348662
-663.584573961911,254.133300538437
-387.120078808424,114.181344745681
-304.164589434527,148.276012210318
-202.956400986295,40.1067915346648
-425.474472333226,69.3461594955152
-256.511938790412,117.422964641184
-134.664024977828,80.905692708915
-92.1189203170943,105.876363493138
-306.542834511769,40.5533942745678
-262.747074524421,51.6387455199147
-150.346542486404,44.6724915040395
-447.820675332507,91.496738447293
-325.463371528138,62.4162489605078
-342.476888897421,80.3854689984873
-406.980417903716,83.5169551904983
-482.389764522442,67.9370707893613
-170.298416130936,95.54594755375
-27.5971946119535,166.62698778708
-328.290785936542,133.244883373307
-288.409644511237,141.766799952864
-175.762240320662,72.9390916296784
-440.687918633329,140.686695704353
-28.2103216281394,121.198148343334
-128.900511534855,112.652637578695
-877.117707749625,155.264727986738
-707.464711821623,108.873670022236
-220.855961663336,143.850488334532
-325.702830932947,98.937355090311
-197.360291982142,102.021812351828
-248.313327012465,174.53678224561
-303.950782055326,98.7480073317347
-547.539278338299,188.221300990204
-612.901154822423,48.7275622904162
-689.384240334693,86.642647532306
-275.66210391499,95.1244204947288
-276.507239313476,94.6161247921245
-197.962314422781,32.3332525244768
-109.725670225289,32.5146226674842
-83.5719523340431,32.9320174753157
-76.5627183695615,38.7188690767871
-166.6253969471,40.3159059053287
-265.363871021487,63.3991788025014
-185.061541411866,48.6385518570114
-199.884057950737,79.461188447036
-287.674870037175,66.0948169387848
-27.1945428261533,96.53531306902
-108.73003542611,72.5722839577938
-117.551348066096,119.237701105532
-474.726971003372,215.432502346084
-528.569851092259,275.324793101376
-433.880386291159,204.181987298492
-133.136004402681,137.606860863125
-308.771784674233,92.1634868289111
-285.98436259602,48.7619574555138
-405.249605069446,195.820792053273
-206.119255781756,88.9835494511644
-60.9536743416165,111.860576403495
-164.386923463204,100.617112768639
-479.848895736599,100.470089088398
-159.008544216274,93.4577709453879
-305.159771490304,24.6936761045508
-460.111160700123,117.641535625778
-312.252941184357,100.745300633222
-332.763769863823,149.058563347011
-300.784380950427,71.5609010112603
-568.250222599338,67.8036548622331
-230.360772063366,72.6163194685751
-243.000095042938,49.1875767443053
44.5396510026476,76.0434545008175
-257.162947131932,113.292001831695
-359.569747518341,108.059309716569
-835.974143368701,157.248502030736
-305.435029867011,132.883996810444
-86.3323864357953,159.186169580556
-239.914733758502,38.0806788792543
-356.081309636938,79.6942731383897
-494.403551855372,97.7897783991211
-508.736959395714,88.3079314087081
-323.988532990159,69.4740307460597
-341.112086333822,97.4474972496391
-138.574224887918,132.847626272625
-577.2761862086,147.079882074203
-257.181110528109,120.373601039028
-240.010655068123,137.055727413237
-533.444003754637,166.210304537705
-1060.53967738515,160.857449628529
-456.441596098033,179.967499492792
-343.450549599773,118.439415300061
-61.1625137498813,45.8668831669929
-51.9967662803319,155.941779592627
-131.569714177589,86.207232649318
-111.61724223604,83.6684633741243
-797.026342768746,48.4702286856918
-340.501661510851,155.557589832184
-425.191896840966,70.7343356973906
-244.494659746193,68.610148239808
-386.277413120515,144.386216158271
-1064.66487692329,262.234890602274
-327.013073602895,199.321597197093
3.64169408017915,36.8928693054586
-310.33474763704,126.886759092416
-576.558029589713,47.4627596268874
-374.851134401906,101.239707914705
148.639335366694,52.504025145543
-100.0631296928,59.5463276744849
-106.161331597626,63.2740131128812
-250.74966649789,179.227388018277
-127.518638013469,94.2520232091711
-116.972169440188,67.1286001701228
-217.531876648427,92.6689874502626
-400.371493354847,100.704977782312
-241.313265069981,89.101938286527
-386.281226250627,125.906420831816
-398.101066269097,62.6904353373538
-105.768270425906,80.2546415814722
-103.324582759029,119.339017552029
14.9145253078605,83.4389954343642
-535.790424548439,138.585799160926
-384.865048283726,112.111909247988
-441.857536945172,150.017517513887
-537.517952371927,94.7377609327814
-373.812458485973,109.990261710249
-272.5217407499,93.5884188399505
-179.212629905553,159.741040702444
-197.814357770781,66.4900560655824
-142.868368727039,102.478031734214
-401.653049624911,66.3719842695064
-703.39178079657,130.513057502902
-687.27384014133,34.2181776747748
-143.534096167044,86.6445770218434
-433.514554129564,54.4289613675646
0.819425011035491,79.5511596523138
-489.281290447398,77.2778644767059
-224.517030521965,75.5005558252451
-89.7496870931354,82.7351883894007
-499.187373868161,165.346653888095
-359.90741140653,76.8482595377282
-50.0730853145069,75.484683367511
-347.01442918949,139.174094429007
-134.681634281937,91.5644866083439
-420.331764627772,68.7313595569212
-415.795124123804,110.51367163031
-165.366584165415,94.5399184145244
-34.4635731257076,105.6390865508
1.25553929817761,37.941484155017
-221.848173601342,60.5577292263551
-92.9842543154809,14.9765732613741
-40.1710795888393,53.1032946433461
-163.782999651055,49.6115136390817
-60.8931225323117,34.5616855119479
-62.6803239097644,37.3253205619112
-87.4120698360784,27.3311615607527
-13.7703078053892,16.7965390311874
-177.707706903122,30.2993366240989
-171.393283535217,20.3438905123767
-154.356118743424,25.5057947118112
-41.6944590893836,25.1363570869362
-8.28263108548708,12.154094682588
-53.3207640790388,22.0784477760462
-0.543557728586165,11.9872800454177
-5.75068592404568,0.224496907758294
-31.6982345204597,6.8716451037908
-103.930369001202,5.97553696215618
-6.49225467939686,6.1633476150746
-46.692349501187,4.53329130104976
-61.0388214838167,12.5376166818678
-45.6037289062515,12.5555975236875
-47.4547535901365,22.2448515608194
-10.0509813157842,10.656998294784
-51.9313770794506,15.4001824303414
-10.8289565536543,15.3306456438149
-81.8213614759879,16.2341266889998
-76.46154777427,24.622032766667
-88.4452346078324,22.4659489117766
-57.0139625782322,11.739790388805
-63.1272926312231,26.9526101739611
-78.0090226749599,40.3273036281462
-118.750687119675,34.9389331432758
-20.0369674523899,27.7311125422129
-10.8639987455008,26.5359799922735
-83.5957891278904,30.3295603895822
-118.975362057412,31.7218835558015
-120.747677986132,26.2042747606647
-174.515810506971,49.728744092281
-23.9525082383625,35.6584526501265
8.71017264992042,46.0499264401442
-70.6397858177224,56.022122264847
16.8382444806339,44.8676023087919
-124.723869243491,59.3145719004096
18.9132410943857,20.273270594982
33.79007557759,16.5484956581058
-100.10567643684,22.5555862082037
-228.764470907627,29.0218799502618
-79.2577763821464,2.57076728616812
-145.122880864757,33.9747504207044
-107.651461411515,45.5554969043005
-120.994763274532,44.3064621558478
-41.7739768507308,41.7525840793969
-254.153255478173,42.0812445471929
-232.809623211971,44.0638018679674
-93.1264602473893,40.644808194098
-129.648546836748,53.9669699326332
-223.31984425307,30.1448419709632
-62.0652983950131,66.1493862841817
-46.3644989503646,45.5652319216188
-266.625807197586,31.9193349639099
-67.322760434261,35.1281268467283
-298.315955448423,66.6035524843901
-222.133263190743,72.9721549138776
-173.111702652939,141.689163193063
-178.895417488051,154.396182498371
-77.3038301399938,84.7769542200112
-133.824719266355,80.9294139105041
-167.559219572257,58.4845407343382
-201.753645730118,73.9768832863047
-58.0807621406566,25.4255338796338
-329.86777372798,88.1839520602734
-240.105633843545,61.6005102886702
-197.017669131121,68.5469624492398
-260.595378550177,39.8309570092424
-134.099500061871,59.7906556961534
-395.057788040227,72.8264688953641
-180.660689983342,59.6371564372166
-167.988951395761,62.0193608867994
-88.9959382803936,52.6434384696622
-80.5061631105636,47.629346566835
-113.732022123368,82.4405665038212
-202.950290178123,56.1452015571704
-273.979661734629,61.68358015373
-174.318179401802,39.6965599857795
-40.8773147616785,108.694537267977
82.7412351367007,85.4186110799783
-28.6033112318109,36.4896697922959
-118.870353770631,45.8631065393929
-103.934750473854,27.7320194272033
-222.81484440912,45.3341062023974
-312.258169768305,72.5952384780539
-301.66381184198,73.7565431336843
-57.1761967299608,68.0675837576709
-212.852524969865,73.8456938459203
-226.622045502736,88.7902442089689
-111.3600287273,28.4703365889727
-263.078929733652,10.6624263430053
-150.488425050607,66.4066639065059
-127.332963034896,49.031537898456
-103.700274395964,44.5260184716899
-155.022322927136,77.727983268036
27.7398696423625,53.9241413801483
-200.82456031458,37.2869212321239
-414.528664325544,57.4935964618926
-193.540463598561,84.3998873560558
-414.949562625843,131.833621487865
-311.051848068397,139.585116904316
-150.852224951901,86.52498601978
-144.816619614619,84.3059687903005
-56.5040700203244,69.0415842871371
-213.29602468427,109.194731144897
-28.1913849764533,17.4309895412516
-145.495853203865,39.2190349135999
-47.6489644091052,63.4975581751351
-59.6919962703687,43.8593512731859
-180.980708512929,53.302198902431
16.8481631500472,27.9596931570268
-172.097890001518,66.9939260248939
-467.177905744668,58.4015060917736
-164.704019923503,29.0628010750224
-90.1746128863815,73.7967520850361
-154.484261339712,80.8424928569293
-43.4132403992699,131.169199335054
-104.136017244116,72.774696239896
-213.195013652439,131.254148088502
-313.308291459587,229.176435144385
-117.195701974808,88.6760088714655
-455.643687951757,100.581562133681
-504.522901416945,178.580218625757
-217.942849752581,109.062528040813
-589.422687244376,59.9750623621289
-746.503712424848,122.929909061553
-448.860543120172,78.5112694713898
63.3985411549074,118.938038290973
-224.040981140046,78.9842011378496
47.9247719569539,37.5350519690692
-97.9723349564665,104.80143240952
-329.593585559982,163.628201124797
-70.2874907438527,76.665193397479
-7.84443184876,134.119987496084
-449.728260383621,148.731943055172
-447.735198876864,44.6441364359343
-649.175909898291,83.1301252967096
-355.9852650432,134.28972576154
-261.736133653623,130.75838560237
-176.689800371692,162.82217318421
-362.305112218499,81.7788785260673
19.5964537060354,183.637563925091
-102.827657157224,149.934466448147
-519.617690528743,138.40181692865
21.7664082798246,73.0948390107333
-511.264024840653,61.5035808594403
-325.129404441344,132.552653286144
-346.527883333183,167.368807427265
-164.451830447477,113.439242885576
-459.202031743422,233.513976972237
-321.4806324971,133.319051778293
-25.3981442103795,151.748171068601
-1285.60169940809,186.622403307047
-872.865808625356,199.818159696202
-545.712443301047,82.8914223488246
-120.364171890193,87.732938195928
-164.326652307122,144.192277250622
-77.4654834085522,49.5494159097489
-107.283819987264,44.2355554227543
43.1353058396362,37.9064367946339
-243.864034301994,52.7092677029214
-103.514898190631,45.175684122165
-147.785972170903,34.9975501468143
-255.521479041414,31.5753482098444
-167.906683956833,40.5407886451576
-23.1625773389533,56.4827668368343
-185.414154626174,45.7346230754047
-164.259698116352,61.6553734928457
-195.561665046045,44.6710599073267
-203.951015042403,84.5275329163815
-779.765156838897,137.512212537957
-304.987340878288,163.743540144656
-239.303845804454,43.4980625479802
-568.753197143116,153.159391031222
-782.036602076063,93.9254610213102
-602.546185755687,187.225268259444
-418.854933379203,47.4037741997272
-255.94281106483,79.7761346152693
-487.292811321066,95.1162459045663
-213.772324734833,97.9746749426413
-51.1349618922031,93.8283019869559
-48.4403432539839,137.234299110045
-172.559190258828,109.180590463817
-331.163824394331,63.8902176857191
-238.759950958891,144.246669815977
-210.804435574086,45.7461299720017
-32.271015324397,30.568889820177
22.7411157609749,94.532493527935
-314.757700999689,22.7547937141337
-255.534580426422,56.8560468350734
-488.328830096943,41.5553927800793
-57.2576382754924,87.5793637917814
-87.9026176068292,53.7171349863784
-92.0173004210519,101.722780542448
-248.096197628358,89.1531600840972
-292.941644056875,168.145358153194
-342.336882190153,102.145994021965
-713.026199194937,110.015429845284
-565.804038171387,207.549948973319
-351.878795216879,143.849889619378
-527.603494555631,-11.8870064129951
-136.137465658685,129.685807625166
-326.409430142885,119.355844954749
-124.303320447798,19.5755054632609
-247.008761675403,117.170794433267
-481.105568051262,98.4981488620033
78.0475976233138,141.949482750992
56.4921814451518,170.635375877369
-356.23135419565,66.8683361475996
-179.076516564121,34.678593066601
-370.540029110096,45.4379352508113
-368.655330932685,3.46734222880332
-71.226411886455,17.3921246708051
-378.575437542655,46.7420515446902
-148.585266906925,20.7880419144494
-82.1083482698014,47.4874993860576
-189.597526818972,85.6243790738954
-351.349063641199,93.4697968133478
-144.677221215688,22.9133513123234
-316.368208958964,44.7656089186785
-228.027087947055,36.8286259275092
-37.6266412359837,54.7816635032032
-264.86089818662,52.8362748427317
-341.31667871285,155.330217453535
-258.327541356659,20.3587481004943
-603.31216706592,102.216009802039
-306.477269141673,37.9484868679283
26.9321084039984,178.431615481037
13.7516944798554,200.710068503162
-295.24040595413,166.086361458671
-493.822933531977,71.6351661301596
-184.596828564136,122.035231835779
-209.981130318105,118.418092144188
-246.563227762177,106.206009302805
-129.369805690345,78.7932981815829
-265.427895311397,67.3760151814204
-180.575904995902,16.4435875669005
-51.938441356906,63.6125985240506
-127.054396142965,48.4497658667242
-51.1011493465048,62.4027459061108
-51.2522888104722,89.2857199871651
-204.301820685621,57.5048178341167
2.56752503378084,55.7647776631056
-95.4913007001014,79.5095774404908
-179.644892170036,46.9224283592921
-86.9872808072687,32.7235183336015
-50.5899828480615,53.9316374271002
-260.369742210329,49.5016150527372
-91.0325533840078,49.8340212017147
-236.805706623261,54.2234036760638
-262.878418685707,65.3248230374757
-83.1304868988809,57.5919263351534
46.9025348814903,108.548278143964
-164.554199020107,105.512285052304
-143.225129145256,110.835614066644
-324.208122283202,79.6514598242793
-262.9358623359,98.9747639489942
-204.840858117135,88.0871885326587
-378.249030645293,85.5629419502366
-635.791223409844,104.995184609077
-282.526788474031,77.766259205986
-618.917256426896,70.0472133864823
-294.642075140451,57.5371615983095
-499.880281289181,3.4795446729986
-493.993233688347,171.000874433434
-413.628405898053,12.3493445955392
-172.364652250781,56.880138669294
-259.332921660331,71.9614610090794
-338.712480275557,89.8741348165076
-309.447955679949,105.407847559487
-252.548377902123,91.0555685726213
-137.75899354984,32.6797800907771
-272.362936788952,145.087634994678
-445.708895503731,110.021784928613
-504.616400549887,167.120026248793
-478.338585641381,115.466566300223
-196.778659669544,153.095614775637
44.1450413282,44.8834274892142
-76.9932280079229,112.144886693859
-589.274791113872,56.1330182377424
-142.628045283287,143.148409764544
-325.177688355208,160.935365342433
-518.214363570587,197.177161220927
-218.871473298699,126.351157460755
-487.235195035581,166.853678675161
-908.814834864344,182.638316963712
-203.54980243618,158.808443295711
-433.769348459668,117.500058292062
-776.901737272752,63.5265319536556
-42.6643251820933,83.1153687416117
-660.409346730439,103.561232628854
10.7889087331132,84.0061194473819
-340.108500569077,29.8693241584115
-390.145279833581,54.1465392816172
-320.711352069091,92.8491927311406
-386.847778671829,50.5774729853001
-294.970281835827,82.8480736445199
-235.74337830412,70.2605804147461
-203.58319412115,104.792852057602
-92.9719078388298,47.0034918663296
-204.822042850828,91.2273377029633
-303.792436935648,44.2640059305122
-206.061021901245,47.2771483258839
-382.19050494315,121.947303937181
-238.862211055668,25.1425730218325
-491.716906043963,26.4968552548526
-86.105982525386,103.387223102123
-542.830236336271,85.9380133036466
-264.660573903962,82.770260343983
-236.710867847811,-1.72126659642709
-676.101433637145,242.5510831633
-743.433846652217,38.3924675953494
-402.989070193515,71.468261717675
-274.806383188974,147.948776135978
-417.203400840794,147.028827148693
-749.405959875359,154.117500080418
-889.045088634628,198.094231300784
-253.017031440104,91.9691755604363
-246.388575193196,139.559678387115
-341.489200490589,82.3085149790568
-497.449885149977,79.5028625974719
-57.8526169461184,66.7230500572423
-472.051290533156,57.0004002143833
-120.141790806592,97.0736833781702
-209.365397301473,-10.2174054800562
-204.568092161309,143.433088593549
-426.040474163005,92.7322915392324
-353.389489317582,153.846628338622
-253.045514778347,177.542104071064
-360.283534540227,86.4923439347185
-74.3329521066044,105.160459823077
16.252096173841,109.190703645232
-638.288947160108,105.057339413625
-923.692815008988,120.230098975546
-952.360310188487,195.32015186346
-297.288471456737,159.146881406952
-1374.5695535821,75.7763617969613
-317.912824757367,207.21532343328
-247.089479233568,112.716727433319
-251.882963092292,48.6696448675402
-158.785353998108,104.58838144553
-442.21535586744,81.282246174349
-242.637568491344,98.9965714593491
-511.889333280036,88.3911498668604
99.299853008939,92.9749382507871
-346.882692276687,104.281998593971
-579.295954215166,66.9279034194333
-784.643155619327,148.524424392737
-654.590411897872,172.241110617178
-516.239002002015,43.3676229810953
-545.783727395934,117.195976695642
-364.143327497242,110.951542651936
-116.1346782865,64.0005397570494
-303.893043301376,57.2897579806886
-285.215657524357,88.4386181038044
-187.356862870991,66.4665381348314
-734.004911950585,50.5760936669676
-962.008762077399,194.801018696133
-295.957656482919,51.5305591855758
123.515453548694,100.778291642695
-86.7511429172882,58.6927696605126
-388.547390028643,125.971702268625
-474.210918624798,145.103691221879
-118.628535396288,124.283304975266
-212.521755281618,86.4810700995956
-674.950880934201,128.089257455649
-601.864587046206,172.738028414526
-518.524390700441,96.2224588670724
-329.727619814395,111.720813403983
45.0568387618405,61.7616347861622
-289.674880344814,178.902808378451
-155.952516594232,78.7864588641314
-190.775476718001,113.502277123378
-246.942457115132,158.364567531156
-208.440929633745,142.662330622523
-763.667345224647,129.973983586911
-435.061383238673,158.911876732396
-85.1928143494624,185.762251673281
133.214181156131,89.8703515026136
-140.184386285575,113.483375725438
-276.278983967772,175.084457410554
-427.259202982765,130.039397275625
-226.838779956117,89.7568225425493
-278.394453308545,93.6471079774492
-761.331507747447,160.495743515166
-746.370345847839,57.6614910747594
-355.950479869352,101.016930973463
-573.964683795915,135.946912973045
-370.41829705748,91.5454963463635
-64.4517581275195,107.711305756067
-367.601887101919,92.3389355143227
-289.526308010449,14.9904314383675
-397.34030093941,131.24400423948
-231.692757975168,114.857731991739
-359.175415927268,105.712127695821
7.8119307886227,109.102660371958
-484.532690361797,2.84453135408694
-222.555436239636,213.071232227876
-333.76546133493,56.3612635370955
-156.02180659739,195.700587724918
-194.236491875094,203.261265867492
-619.504876030944,181.305112194663
-563.973451584869,141.20360346738
-635.776360276737,159.860656830031
-157.454322700185,75.754783769371
-160.872169675189,110.741068605086
-607.667634151234,127.223187766242
-563.525314500706,122.244821520308
-1134.25663998938,135.499039001748
-753.871787029158,156.392968685701
-312.319206080589,124.489537787696
-99.8818458493624,6.13849170765025
-308.149637337105,63.919811939646
-292.748100165991,121.46039630397
-306.166152911104,81.7302577153023
-183.612124772364,62.180773068354
-44.762601789851,63.2056247525616
-42.2410533220245,102.420074368876
-348.693804586961,58.5758231831423
-443.97109938362,53.5002656756624
-424.788425536186,80.1784038048645
-539.580207959669,143.745636855281
-49.952381213865,80.368273027605
-497.975113120359,68.3703097122343
-11.0286189787985,55.1979033010139
-16.5686956104364,52.9504205559497
-202.666320951874,39.0490486420895
-77.8421273364183,84.7232767062233
-334.143812822163,71.306829332545
-113.767910852504,50.45320546734
-222.01338860688,57.0683895160109
-461.126270116853,74.5218064327291
36.0725666479775,50.3906672778539
-123.882291824193,77.2415122799357
-80.4952488500567,135.565972594195
-300.676982243863,89.6097412922827
-290.408845717306,125.881897201805
-437.002001710222,54.947393893046
-511.856856944585,71.6456131988816
71.7903518281018,102.022783869814
-360.044139349353,111.864571468614
-116.000682187911,77.5496769063757
-120.298208350621,77.1251437915344
-316.112360597981,64.2132306931962
-446.044811441388,43.2757247996924
-167.571188090922,50.5889381444867
-331.32619931666,43.9993557325215
-317.323790372193,143.050808119737
-364.982636801447,100.483727052684
11.5948367937144,121.327095367276
-227.157883851789,50.2990527120974
-257.579040044075,162.540586610528
-212.221960314811,78.7322641100764
-214.564078829513,113.876744628913
-284.447873684228,93.822108922468
-411.325369927086,103.174743650481
-245.165029561489,180.204704659216
-308.423922408896,140.995540852116
-716.140234808758,132.15440807851
-446.408425939189,163.003314232075
-277.567942777328,133.384988145146
-523.465070612143,142.78470250134
-424.208987240294,80.6060176426763
-296.331739612728,97.8180045768386
-377.553905255263,121.460941219086
-322.89520362753,130.366437719058
-484.613158741951,105.877231210878
-255.647849152068,85.9938726923226
-183.954174083679,88.4968839447683
-269.511130691992,29.8020580201355
-400.55869771904,79.8896471545231
-539.890918436256,169.655295232264
-89.2823331264699,125.005170709323
-575.786709540782,42.3181652889907
-371.770511199313,56.7386421525734
-43.2419350393175,170.819510821035
-539.191341034806,56.2780484856194
-1023.67544131375,102.748122565499
-325.421956682352,133.042916716404
-450.874749334558,97.9360670704045
-242.96038429542,124.970099140516
-437.723736776345,53.6928361880564
-435.011873634154,66.2817578551003
-538.945452641125,219.429861106772
2.63069843090489,149.155892006565
-102.46599655434,164.440124117304
-328.818350124537,92.0802608774684
-262.821827949403,200.214824487049
-305.816998631431,165.822767879203
-551.040950506693,125.859457070866
-389.73133923766,126.715854259281
-372.749182317784,95.7278690202584
-149.842232571682,74.4425139502709
-115.889552733744,116.28404843685
-382.901051676847,42.1935210166885
-1.54030610052723,30.4417483259895
-211.837921411745,38.5671624538736
-290.640210400743,70.7502205497585
-294.094857508811,47.816598325262
-314.225896647877,138.949094470892
-341.860923419299,111.144784274588
-565.160974932885,88.9334434287084
-505.291281113859,121.52758876064
24.6861209850322,134.067593346765
-323.014637022105,65.1781683296722
-22.952178466192,91.8324393866205
-290.160176141158,100.143592520639
-707.959745124594,127.088791430142
-507.597664865549,124.916079128641
-1038.94826521497,249.251011264707
-370.396996314161,128.426259855228
-265.354411914304,83.3908645128395
-439.057288019801,103.92214543097
-223.582849278697,60.8133992971998
-198.428652805305,77.2923172993469
-12.5293302295177,41.608804788455
-175.866484171749,149.209129638941
-366.452314135429,25.1414101250703
-141.282472830426,97.3709673592239
-293.017555383524,80.2196020375777
-270.11136914599,56.2460933908515
-187.418017507502,67.3164924267621
109.319969387601,131.789517819023
-571.95248577468,186.422587950627
-36.6169424962427,108.147678496927
-27.551706705508,76.334239451644
-341.929918019014,96.2641563492543
-441.675035861728,85.1097795156475
-429.774557195142,131.953585295531
-280.424228506585,163.198773918295
-389.544559378424,97.7777249628125
-481.761815666875,171.659786784148
-273.497176995123,109.958623602498
-470.450462318579,137.410514902869
-526.83193843675,47.0229455044318
-491.424289262191,200.874733727775
-657.494381142576,120.524155821996
-762.871059681511,71.7836708435061
-0.88923240328586,117.55646205226
-482.703304374561,145.756677248952
-377.222267197694,43.5546939467185
-364.493473877796,73.0014111732016
-426.249726736598,149.916158038122
-185.960722674801,28.3548964637739
111.670142188974,143.810672814288
-209.021189530024,132.328216205133
-110.13149105011,61.3498069879424
-283.114264876,76.4346951332554
-267.017487406876,71.8759998514797
-171.605901539617,108.209974071811
-604.002584003203,83.6274325798877
-640.316735318731,179.063099448511
-285.755843457489,104.98250443834
-187.920929578573,116.387456610842
-569.240734736073,87.8490366078622
-345.573336707566,98.4137981299991
-338.085780686983,68.8328086370893
-269.42498283938,103.027798975181
-369.699681241676,46.6372489065106
-161.854826892381,54.287799564554
-89.6777035228297,78.0257985117496
-139.070117203963,43.3022984522977
-110.317356794199,51.6038192385531
-128.929820598656,22.7812675787718
-177.76479705921,37.7602696930699
-173.996541143042,56.8380822548061
-156.196666188102,91.4910147414193
58.4462951638325,45.8625112184236
-96.0879593719292,49.5769203879172
-169.793021731995,95.7238594038063
-166.112190191619,26.2318901162071
-493.168020089386,101.552763922802
-158.217881543169,117.569035697292
-104.821239240686,78.757436738364
-246.379514367669,102.02425132005
-839.477982956247,109.323161108773
-343.454579533165,113.875979311313
-335.996828671545,134.230605921708
-433.226127396656,173.993698293336
-831.076089635677,136.352436744637
-654.354549273892,181.80783738078
-126.570201183873,170.45300714732
-216.292824929929,83.6724566538105
-513.944871162144,77.9474095102923
-671.652738151875,107.625053254196
-212.435730898331,107.897107462547
-193.080795646776,149.87428365742
-253.7422008836,107.922477955988
-359.471379816008,166.394502058691
-350.439751869679,89.5373300256906
-261.554979827997,125.192037067609
-365.582267200298,76.4782157067675
54.2378432166006,176.111646512247
-549.40769008288,153.579641955948
-471.090228634581,94.1106259031512
-169.957943634043,138.812577523
-202.902656357241,62.0607648933656
-100.092512945426,90.5947487736557
-223.716374356125,69.9490629291668
-209.559403117275,30.0364261200884
-228.160856903327,61.8196816384061
-271.304637126857,47.4293400585084
-205.315571427222,11.3288741129363
-10.6733507033787,111.952418676316
-68.0720995711017,88.2719637312111
-309.204720976551,39.2326868317759
-213.270739462285,68.035602294316
-77.8974786704784,14.2744611171875
-170.641344875208,51.8140444191667
-280.453816583788,46.7737122960425
-6.70213110059922,25.6862254420994
-54.3829102962918,10.7645902984368
-57.653465881318,16.9408138792496
-102.872540981742,38.8978527849758
-45.2114789834159,45.8377974420655
-51.0064141427574,50.735407630902
-59.2285609469691,23.3987784908386
50.9159043879481,32.0112709562527
-45.5640531567333,36.7976440743273
-56.4714421598183,29.7608269376215
-10.666236457866,32.5009651721048
-234.693886435249,30.8868393956182
-217.213489221478,24.9925098365638
50.1288890899232,110.670294852196
-62.8269564680231,77.7582718450576
-197.136413469198,57.828997914592
-184.220877031235,89.5762995351542
22.2731213851366,54.4270348879945
-200.614756705007,73.6199628644135
-43.7647202672306,77.9884645149523
-179.141733693898,40.0861593125883
-390.223482096553,78.5212708862382
60.5259612068476,89.9154635128762
-181.88297324795,125.059081375373
-221.341266391333,101.960449221398
35.3066313636127,103.014025842862
-324.139758535537,35.397327339404
-327.973666861701,91.5042945067835
-327.89351071039,140.597228366736
-491.734431153036,69.0519373452116
-255.834506645027,124.742000971382
-54.6396204243647,193.783798365119
-305.235481584983,95.5761366613733
-351.052054300802,145.596461096808
-144.823132844504,93.4936570145892
-456.424748348887,87.6782676294902
-555.293389895793,141.483933705022
-410.278580175718,82.5903828131341
-249.787466665031,89.7135709443537
-165.694386279545,57.4700960435439
-232.799132208682,116.367292618383
-405.293179563509,124.463225543368
-262.680205052648,101.360086289358
14.3494673820969,115.983328972863
-289.357730836433,69.8050787639804
120.647961930757,16.2708486775664
-414.129579390268,122.36480526402
-55.4828319338121,80.3396302401379
-446.910667390766,109.484490422074
-353.579551925983,150.557341965497
-59.1666733079328,138.445599502957
-535.196886682228,51.9602976826573
-656.966087398992,164.655509239776
108.715081799726,120.503267431399
-285.766969294793,142.657544093439
-338.444239450757,177.396319171014
-409.551615855205,19.5765645125175
20.2342927143327,77.5590912702319
-298.816507382453,160.02428918699
-278.503784102897,91.2072727223276
-449.135038400161,106.918981004914
-166.363740254055,97.9311794922505
-343.786787933925,70.8367909627705
-222.641084122228,131.175891459599
-347.42658743279,77.2488400580114
-92.9237115025317,95.7925314560489
-83.2839047610323,45.7843226440164
-169.553027293128,86.5368630310913
-105.645356249952,42.7059171261644
-299.706017396449,62.1622592822241
-110.669766361752,39.8819305485013
-231.119160103648,31.9770417597902
-138.523505531746,34.6213485474873
-80.6024646553851,103.706218068059
-501.554846877443,88.6705930144701
-558.7477559814,159.55449505127
-111.381031496505,76.4412567937106
-425.348289487569,92.1714096697979
-70.4805010397395,48.5990303530707
-178.635592841314,64.0261918979231
-239.31893184078,81.417673647212
-393.555927076297,62.9838666183641
-69.1357621214593,72.2837660337755
-342.349543121993,82.2993925916235
-407.485146071136,70.6857486057215
-193.356145353522,54.901463290822
-368.174733116874,90.7173867029924
-82.1807222807256,37.3200889069412
-223.225327857013,96.9934283348266
-323.842859034593,132.689196872117
-400.912356249784,73.2833409718878
-137.363728393888,-14.2710481033864
-168.653221314686,54.8278430523824
-142.625480219929,60.50875078627
-136.496393500696,50.0508049977398
-465.043713595282,64.7539304382572
-119.117072663037,59.2583803691086
-200.73005973213,44.0583241898785
-162.471663409378,35.1841897156555
-125.321991212186,64.0679772761032
-307.562689325627,75.7041488496179
-132.859150716773,93.6258549983904
-156.598212491954,25.676472618863
-112.742554498618,60.6997914582898
-210.176928242261,80.1260052494035
-335.135590106824,54.7409874007863
-34.4013668675034,61.9666118230707
-146.992269823313,52.9643267627252
-70.5075198378763,43.0331455714477
-136.133283426781,49.136626939202
-39.763762026967,80.4591079458623
-113.477418380382,42.9960813778562
-138.653212173333,12.1464115485142
-111.412551572081,42.5348149285746
-97.0854696646857,55.5793382874981
-99.4069349530619,34.9773195758753
-236.184751141987,75.9996096740215
-182.922108885788,77.4413095346054
-29.1844818854515,72.1326060174906
-336.472095546269,77.1592021676988
-141.587983500009,86.798149726601
20.7151752313184,75.2564827253336
-64.4666589704489,50.9270651149418
-171.72077178811,60.9954819871054
-28.6318867580558,80.2246294742872
-112.392442360389,74.6314695551009
-348.558240423645,127.403012368377
-329.335539829408,79.6570362162893
-392.013395869095,117.448240319864
-417.208715350025,86.4346611220972
-490.935505094501,80.5840038602255
-185.906963930116,25.6724709790869
-177.66033020243,110.665812782951
20.7953365910807,100.01752884985
4.47169384687732,32.3466432512359
-497.999179655337,69.2077782418273
-807.650407908004,140.788096102566
-745.311538937654,110.514697900478
-376.230849471336,60.5494058593904
-413.330825269004,78.72994610366
-241.572124105927,133.840665729353
-387.662640867697,143.478690957757
-734.415387830057,167.094471461722
-190.53320118101,54.8776101458716
-992.520253300943,163.907758250163
-476.390197787696,90.1582385399524
-222.975083444238,176.496915776603
-359.13693214758,68.3372154327953
-647.662743870693,80.3940959149331
-148.179210137023,83.7837850680226
-383.018244762097,7.44810650630825
-161.780026227934,65.9403183843242
-182.88563402131,101.999630993319
-297.232039049937,90.6168730417558
52.12685998601,85.1661136813345
-204.77142452835,152.301339063386
-424.461566288082,123.918163095979
-472.392062742845,101.082536418398
-276.031692349716,37.6009459578436
-116.805541508278,63.2806284897688
-622.643821006553,121.158780122511
-201.68189690385,142.167650312957
-83.9204258753307,169.121054335941
-363.784801322516,128.021705225219
-720.508555287306,203.710260185813
-602.306862722122,141.998951698508
-308.078561755654,154.999279500624
-454.622547319406,79.0948412184371
-757.636486326868,94.1401864877043
-190.853351021666,177.370330646496
-696.653385760088,171.458054533083
-50.7846145156727,141.871975853474
-344.014233077753,39.0090187560127
-51.0960172458726,141.263099148062
-473.733040951804,139.08314739303
-354.847639817854,69.5677370688063
-200.017632038463,78.8137514231494
-202.12358858755,66.1718242115167
-330.570990795739,34.0757625648839
-386.017921740478,75.8030967253435
-92.2433852710019,136.236544385538
-254.665507963735,161.339880351486
-533.655319387623,170.692577155329
-258.134671403724,71.4913883799054
-95.1491984424281,52.2597326804298
-337.599247724629,83.8901722789742
-368.193253617821,78.2187107647187
-208.860502494779,61.566900511054
19.5121181892537,53.2130250699702
-232.630712935206,71.3137126396141
-13.8791897176961,54.4551340620976
-196.944387297932,60.0070255428727
-144.014488455075,62.7887577301844
-148.885878880625,64.7982287939376
-115.123316615121,64.2959513187816
-371.530873149364,60.3321788710164
-330.211873370688,85.2187674317538
-178.739729773646,84.0590980415654
-171.924053910221,53.6282179376485
-393.011279549231,110.47984427755
-354.645960295265,160.080464376122
-131.711611966079,92.8363052643108
139.65502158329,110.67022265766
-514.462390887868,57.1755319706508
-416.59070617474,124.676764773518
-25.1681827161119,91.4861758972402
-287.668401300034,45.1617658966425
-290.925821292956,97.2482953252647
-23.7170899489502,52.0285112828278
-267.270163515699,91.8512939311186
-171.381017328735,51.2640401333483
-96.8101426516796,51.8199764137826
-158.521349569084,67.4982294031797
-136.197027772014,80.5146899386018
-239.489714378084,72.0222942818509
-157.66085269113,83.5410460081621
-192.268707352421,69.1126420584915
-187.093890773685,44.0735477157141
-179.287221117876,51.1378492213771
-330.658359187531,85.9792957710888
-169.631542927891,68.4531537605053
-105.248691390007,7.24637306571822
-152.551704754515,78.008286511671
-676.612330017437,116.686148340952
-177.605030630017,80.3512464491432
-425.499116662264,64.6063118835009
-220.909916710079,127.104408888583
-294.576278315195,87.7871090700828
-237.640433337714,66.6069365758012
-269.97666035805,112.709207747437
-465.11978024881,61.2731507197313
69.5655778844375,173.301960485231
-364.636596982426,74.6492098653107
57.1307010036835,104.310580367732
-182.079924119274,172.190957216531
-775.654212728878,173.270860243589
-406.948683121198,98.1309946288529
-828.260357913347,105.27654484786
-277.850507637449,115.383918006526
-321.253560877725,131.550836873357
-118.566513783346,62.4537772119947
-355.251944765863,87.3141794442417
-243.918822339663,83.7556921051
-195.040030695018,124.417781292108
-340.542760825396,91.8256025587034
-414.835123961762,107.080921983958
-159.159936489741,92.9455325010349
-420.031868075792,95.6267727729828
-429.987020671761,117.9495083355
-684.985065693651,151.644574518694
-663.914210176503,99.3777439382684
-177.670225868933,43.9628331264103
-527.960622361403,147.858158224204
-656.398088010115,141.394573308149
-1385.4855879065,190.860574477062
-209.730718534527,87.8179340468778
-482.408773383329,133.555236092589
-247.870907942072,151.528881226506
81.9706888779619,212.02511373911
-492.944225389962,39.6679472041724
-387.148421252597,83.6018446626258
-347.662004475802,114.232897749025
-31.9370128880546,172.281303669821
-281.588069967846,77.8265854525962
-60.8245782449449,99.1984243040788
-391.408161225903,149.782540570712
-238.611645897792,107.367685326943
-405.622805428829,122.966832381233
-233.450112316452,120.558633014676
-170.677672485472,51.7162983508606
-243.513658729644,105.567539057418
-316.946160594249,74.7586832273337
-84.4109173205215,60.3535437702376
-64.1414806001142,62.8844774947611
-249.153311382921,48.8403172278195
-134.278401211792,49.502753387671
-201.848149908685,57.8308347130951
-261.350458562192,86.0464491024613
31.4645678296292,59.4409764521151
-404.630221479143,64.3114727222564
-92.6604625372274,56.2189921170357
-524.30160729932,187.568738185354
-536.789753991274,200.873216538224
-801.188624081842,91.2905479696128
-605.403087329353,149.051327531401
-237.067626189077,220.067943317845
-266.695074446063,53.4542910510318
-479.814858003883,73.8107139225904
-15.5928534355189,103.31680135776
-373.65577282272,78.3879342863729
-311.721535435001,72.5509728227917
-382.703457305935,109.207417964994
-4.42253441557114,109.178548348049
-162.138244232132,86.5504693255789
-271.044072805696,137.552332299383
-366.940357279862,105.748682139834
-308.966751936328,128.337811689591
-201.379588367628,138.981678593205
-155.626675611296,124.12195521731
-222.453870687888,74.7422396412003
-570.845583476821,84.6363515311168
-237.16134506469,146.066244704954
-284.093195489673,96.6560585017869
-218.907431196654,92.7740022117941
171.070440709285,123.934911326265
-363.009185645962,98.3408254024835
-596.220313199592,193.245009197864
-581.493285818462,152.37012061273
-389.427135214272,114.223275778328
-202.388271141157,179.207338164822
-443.918420880145,142.423363533024
-251.347623116755,88.8728792998372
-241.494916174343,78.4450673375104
-853.867669415224,10.3478189487068
-404.207124343811,149.09330088539
-618.839670675312,150.726885072516
-490.924902401646,150.720958553691
-2.4417739706987,115.95725845376
-443.246283350163,132.639605188408
-440.40832867035,90.7276120067982
-110.512875146029,134.584046439231
-425.918626519044,85.9862184967933
-459.339836847445,130.848446267089
-203.113005193853,70.5817908710742
-348.932302328496,24.9778471545142
-556.756164767648,187.7630970764
-271.191926165142,73.2222553909742
-334.89809904753,67.9629789424307
-477.481051062248,67.0712778102406
-199.632737944614,77.3648803437864
-519.476064486724,103.877750518077
-433.940048330594,117.98728740809
-564.797431208775,179.925051690254
-361.57342740491,189.644406396023
-558.770371788064,115.310043696312
-677.125393875511,102.63425381012
-361.140504102179,127.654109000578
-565.42880621161,129.01169285459
-351.573605416081,152.804201000683
-318.663412677735,183.222320609013
-606.292431417009,77.2090487584355
-453.908219175006,76.6593900117114
-375.292439628563,68.365803743276
-435.437788575175,237.676310212293
-5.03894564829534,111.365649300262
135.170890502974,98.0706790107361
-610.23057042835,95.3684915623162
-89.0602564087603,-16.5067924742762
-957.337185105775,121.0712585191
-420.645764869099,142.869333928327
-732.786375281568,265.952798126295
-793.581408124488,200.632673879532
-95.0570653130417,157.300197190023
-335.539760774982,141.297035321768
-425.804701442074,50.9029795187089
-374.591140360193,80.1679560175107
-561.249968736112,165.178594567464
-712.512105865695,159.096726090138
-447.983342510546,206.399060114753
-633.911283221663,68.4300352454757
-375.819532636087,70.9009575040545
-387.5667134994,24.9935500070569
-261.274315237737,48.8942554612586
-261.263546286806,105.939460461639
-448.533347108685,81.7290650458453
-311.135710426257,47.166660016941
-355.560081288728,60.020877458177
-16.0785854585847,73.1219129908277
-171.623145961402,60.9292253442691
-7.70695480186987,37.2117579513433
-379.497569757375,24.0985232316452
-20.6912767536232,104.085959412594
-220.156444603927,97.0055504956399
49.2771883943351,113.832866740646
-112.554680736066,61.6420525150097
-299.961560368989,114.931465105852
-163.082637173386,56.1926347395383
-283.126397984044,69.7565863783821
-388.460882376119,70.9961331464056
-217.985891142052,63.5772503358312
-301.622606755242,77.5380219640938
-49.5487869009085,77.2838649950409
-285.723636625422,114.540817320869
-343.641921026052,17.0851304317894
-37.3038582344016,11.9764131327793
-149.862512459753,117.649947315411
-404.959822725374,5.31673368098291
-113.438935321668,48.2579847231536
-459.174623404309,111.741043690952
-485.81028038045,148.617147168112
-179.431521529375,70.607195069897
-90.6979914634576,147.421341190551
-258.200734596234,69.0790609456162
-336.708217214706,23.8749181800085
-421.513973090099,90.8382850927155
-130.995074059261,88.0848453349827
-238.907845178386,71.3745533405563
-722.6959985383,92.2601456710545
-197.124364151896,76.4437839974853
-282.273771522574,80.6794501405384
-348.309454158436,66.88157305006
-120.556104789794,37.305397907352
-201.119893778457,88.7329649923777
-370.721981603721,95.8535275938921
-360.823678125853,88.333948280444
-123.357944101932,24.3480747722551
79.0838266578721,71.6729653353104
-445.034261920737,156.822919474256
-733.658478251658,59.4821152311051
1.28686704864958,50.135586290693
-236.656086703777,126.82099311921
-493.257398029477,169.076552965984
-50.8263950534019,132.666700167159
-411.561635678605,206.982493769479
-448.846613625064,88.8027575764572
216.760193058231,192.057470654247
-274.342420296249,78.1124215893942
-271.313033559494,65.6016136633261
-313.589905788045,31.4986670712969
-319.575206359598,-51.3835546743143
-43.2783630574777,50.1074988198525
-332.685431787424,152.000357664823
-621.413502074603,253.264291450294
180.52850089363,170.708512652825
-68.6837252994665,139.44827627021
-567.294024539282,150.304646718898
-434.552575047132,51.4233641423107
-570.219681473551,180.489257014444
-504.720468788684,185.398392991865
-607.34505842947,127.469604236878
-527.960588181537,96.5381354677156
-433.023243719013,-0.543503054388566
-149.111594558985,71.7022025972183
-285.174153063206,68.2212961506302
-351.049655549996,88.8691482968716
-229.928237983666,160.510403659515
-207.016650304111,58.2064217522566
-497.13480845408,112.051135770744
-181.662090105638,93.3196102556249
-310.857024492398,90.586031378014
-254.315404121153,80.639154808523
-128.484393803948,20.1985747135113
-62.8882922718913,28.6697504717595
-278.598548957205,128.714511616679
-273.762547563558,31.4063969658891
-186.145989961777,61.0538130163222
-210.609801470666,96.8722279064095
-283.759722225135,83.0482705011964
-182.688081322063,35.0788337357881
-53.3386787755662,54.1305516598513
-403.833468729354,50.9861706202209
-161.128369007231,66.5367778204673
-34.755737295869,67.0603053777013
-109.567075858271,22.2820423320481
-364.44812414801,35.6145879831538
-45.6192924118077,82.0394439026859
-45.3522890251479,20.918876398413
-89.1504459525459,-6.64566934556933
-125.673745294451,18.4403420380258
-97.2421658537933,32.0340692379541
-245.225457466291,39.0666278163735
-193.294716217875,73.7691619942125
-354.358818098059,54.6727080243727
-239.629577993728,93.4178580930748
-100.67449466759,50.947394272458
-13.5733116895863,56.3466970359223
-67.8827844807747,36.9436871927464
-287.828566501099,27.0936192022637
-144.360521743525,64.549690448508
-317.67355155063,65.1201480558229
-51.2520407573757,61.51561456127
-308.713082415576,103.807028356532
-519.842909018691,92.5753200962481
-349.031993883997,72.5768375084699
-449.455659960164,40.3633037652762
-383.429874544046,155.822104789855
-260.451302125162,39.0161124262377
-134.4253845805,97.8881568464276
-74.6037317645532,87.9439810348777
-521.203818706176,157.710515172948
-283.577079957409,212.855973678306
-628.119810016034,166.058066593716
-435.636827954841,128.956188376323
-376.596068449377,101.336647547738
-359.032816335864,147.705581685834
17.9494498472923,75.1375996832212
101.761807461688,78.3809202598059
-193.000771020132,69.606987985484
-236.548483583974,73.507479652224
-161.504048109826,69.2603739088845
-138.327793826116,99.6564873185962
-348.929062573647,97.0734134616359
-403.077901260898,127.622569748637
-179.457329511686,43.7008932910758
-290.270503448977,130.743298321628
-274.46863310854,63.861280244324
-542.589794120344,99.2338103895127
-672.174052699149,187.310059877906
-711.629826586694,154.395673112216
-517.96830242296,211.305453124419
-222.823631855979,200.616712919141
-1083.52891644329,176.245571648291
-725.88112433636,182.839976504634
-550.866258439037,151.174645494422
-841.511384153608,172.710580393534
-371.398912776705,117.782262048742
-249.085762477247,97.7110433648922
-558.876707371484,41.6561494206544
-458.103310611856,95.3750936119177
-1068.77367624201,112.251471797877
-583.758593192171,128.997079715293
-79.2394782863994,89.9297275311837
-7.22695009986637,80.3481458628667
-185.384969192612,94.6679699319066
-392.761507289877,76.9972003485018
-100.006102208376,69.4374488954818
-75.2927456605103,46.8200271398946
-249.53722127591,102.071440602827
-456.114394531091,47.0781509080552
-504.633335468036,58.8902847626086
-282.430122175072,127.597850241224
22.7556807100336,225.731177774775
-652.08305569712,197.398958072139
-134.23610063026,189.821812757275
-82.8570048992115,95.4883766576349
-402.775353545512,130.269514551146
-285.509663706878,80.6973276804783
-161.430227028002,22.1506160004647
-430.560305357765,60.8720982884115
-261.945735885325,55.9816069349472
-91.6894329517418,150.223899302335
-494.223472300073,167.616570626677
-396.499345030526,133.080601295558
-323.568938798813,127.812021564481
-336.172035440395,121.971221268755
-287.804108184471,102.461551767025
-315.095679182269,154.246884622
-292.661014425423,144.864621308661
-662.959088013089,86.8412174310652
-615.97146090874,88.9004740178643
-715.027414104326,105.291832144336
-897.04256265951,146.933880176111
-477.921888507932,154.846819517523
-583.017795008374,87.8214236175045
-102.804356814275,147.487834072323
-260.772585352184,147.220962994609
-395.897534019592,149.440831212909
-283.80253853467,173.909104033126
-145.45159260933,84.9136081139441
-593.911438571824,53.167497767543
-332.213395506784,92.3517693791473
-195.388824136244,98.4651051487817
-247.47469619583,-2.94744353818533
-128.596133899066,87.6133943033201
-470.140142728022,44.6981454051838
-491.584288525028,85.2898837462344
-131.285681891895,25.2893829431268
-136.077074618559,45.4815632347199
-264.521591803665,66.052335768909
-71.0305776611785,28.4249733895485
-201.446503208877,60.7017458047776
-212.074017024192,69.4050973766571
17.0508387727896,86.7849422490253
-160.258824657256,65.3989529550017
-125.075153095182,38.171231509783
-299.200357442038,60.6323401942718
-268.347659788553,58.1781347783472
-288.914434741993,86.5047972615057
-630.111692781737,125.476358866668
-339.783458676011,138.038557873573
-22.5475605647175,101.845238471913
36.2447785375407,118.880526751993
-175.140783231851,124.435188246101
-421.025065731301,169.055650695664
-98.1021494186571,108.269911922282
-491.561623542562,109.910742530214
-147.443251769024,66.9024133971761
-329.735932027328,142.681997596079
-278.886643391321,92.9419886492688
-300.234079961578,114.078695427786
-288.356316163117,129.212126464059
-263.849057179701,72.9945494474765
-39.9428598496306,77.1321661467446
-335.031294271335,5.41357929639344
-114.212322750569,97.9364761463712
-326.147525799897,33.4477458472611
-198.155188472174,46.2507365432684
-28.8053510196332,51.2350872671814
-124.301882658241,62.8685433347273
-140.882860993031,46.2431831208087
-49.0370885470329,52.0100826628768
-217.544852723913,83.4169769557939
-226.1587409692,62.1790893787402
-139.788612409786,93.5146388921712
-202.55648840787,64.1813493359077
-114.256975744429,38.5038501148229
-71.3588474788094,47.5792700152961
-118.209984593035,14.8862036066421
-162.906314794687,74.7330367339455
-256.723201797431,37.8792431586626
-231.729483925752,61.8720599216467
-350.992106317379,58.9971047078543
-86.458524283662,87.2442473085903
-579.598951181906,131.174979979914
-175.750955754454,130.207340223758
-423.642822074471,92.8961395087335
-497.249501948012,165.037400014189
-421.107402944763,94.3658128107709
-425.750186595506,56.904280574985
-211.512497826145,130.021837477063
-706.248373928596,198.230882598778
-190.785129589851,148.89689923152
-334.899298846998,65.0427239847922
-193.086221425518,94.3096386417601
-159.796610179459,85.3850694977737
-83.6066957257863,67.630042888959
-206.758001951413,52.6898250490194
-374.293857152566,89.2994176251086
-404.965924017888,105.318227726326
-113.911129620028,98.4263960593671
-242.581547431237,101.043866850581
-383.996031631585,96.0215785286491
171.324983605533,74.1126101600166
-429.519505440287,157.964111560927
-71.0355470577815,143.664055969059
-134.38050195518,166.459741225139
-126.052219065226,57.201144729137
-59.7800126516013,126.27898748024
-166.171682489585,79.5574742028548
-238.999253114358,43.9305953279109
-282.126868050043,58.6186223948389
-95.2346475775994,102.575626251055
-295.47604885613,48.2864567256474
-74.1396633622389,129.736927321895
-536.515294351117,87.618306066579
108.955301674199,83.5318082473532
-159.165858594875,97.454723677205
-362.698286273109,84.142503137271
-442.21057333608,99.8245951277204
-171.79377495106,98.0991975589932
-81.9841210756967,14.7829302053578
-102.90923629771,59.6309051956632
-67.7258640401596,24.219495637808
-172.266849913478,69.7070017415645
-209.28237528092,37.7232151793141
-74.1188592122999,34.8323318198381
-52.2509321584112,42.4752326395901
-58.0130630532803,86.6838197273028
-70.1220089782255,28.5892198089659
-125.82642416219,35.5173509717861
-183.614156195647,45.6656262418546
-219.320372223207,44.1504900639084
-300.010967135706,39.9697446142745
-307.721138381225,58.3979454182117
-367.081900739737,17.6828431471549
-231.139388022624,63.8908231697278
-172.532745756296,28.5187607542975
-323.379288409342,42.4351528675761
-30.3005304301478,82.1852905001288
-94.4331535122365,64.4000349803682
-129.407798224525,107.851427777583
-185.199714911068,141.542394651784
-80.2096095322527,140.660627451696
-363.478039887534,113.691642453952
-408.549758813122,52.88366707768
-278.25471561552,196.094724208888
-293.08206812563,133.146013392936
-283.868856141227,106.034660971782
-701.291875988813,66.7713112983911
-153.543807354159,69.8940708684604
-314.447297440736,61.7279948598625
-192.153196090769,136.576981986305
-233.257658216968,82.8247609985701
-196.655739441165,37.3249792503993
-71.2937985633471,97.0983863103611
-211.038636155042,87.2417522794713
-226.606385690364,97.4512692382559
-321.480230325513,131.75263809567
-2.0442855751171,104.510745763731
-292.423777198652,35.7695610276351
-326.7104130523,75.7932571445126
-418.91404584219,70.162133729842
-50.1509537285165,64.4515036513621
-169.117448519522,22.881771440283
-19.6561913499609,52.593189361869
-82.0185185195878,39.116616328829
-177.584815490292,15.6668169009918
-229.997802183265,41.7324236397108
-92.1150662537111,27.8155561558669
-138.348411637766,22.9385705618147
-144.695768152375,41.3530899683392
-46.2703112153163,57.8472212879715
-58.3071278026946,33.5954793758137
-59.6755432981154,31.800199683712
-69.7171387329145,26.3713801314661
-71.7102270099858,30.0979253974074
-120.350533428616,16.6736586270927
-135.625500686923,49.0884669822699
-75.7728855714086,41.0686601163106
-165.931097846566,56.3488039171789
-89.337301223306,49.1446166844835
-287.442229851898,76.1025389378774
-154.224010072823,102.221899848402
-105.738737483407,58.9897087424542
-137.531805424216,57.8003125317264
-86.0225201856883,42.3270798581434
-122.380892006506,40.130082378324
-186.637651136902,42.330980579165
-167.995897717046,33.4810924908234
-113.622597408656,37.3360062031425
-44.3688227431121,22.0374772840296
10.8392033744894,27.3729493931169
-41.1468801078736,27.0155820211949
-57.9046760174606,22.2811476457573
-58.9646226015757,22.1771756421513
-28.1732944397081,16.7792925025715
-97.3851480664453,24.4196353591105
-70.2181268885179,6.91346283075109
-79.794703032363,23.9793458971981
-83.4088176321402,19.283090979472
-50.5250662273338,19.0006612712159
-76.8894825885945,22.122828715088
-113.995983093111,33.5972370934469
-102.226715555531,16.9068564340996
-74.0400743370119,3.34659995333641
3.47331971730455,25.5491171918075
-73.19239800985,57.8302705873939
0.939852563024033,62.3346424147376
-137.525310130724,40.3057566995412
-162.858166911959,47.5552663286217
-7.4582373133162,49.6353960337856
-123.824690449357,40.6673060710891
-115.94678271006,60.937786476512
-118.677809383356,47.0583141904499
-218.258808222236,36.9176289137758
-85.8310086240817,20.8044002057577
-108.372519865035,28.5946011521301
-88.0096000800841,27.7492826565285
-192.874973284168,47.0542181075289
-86.407938341843,27.9006339933579
-164.337652358408,28.0346386607562
-75.4929196261801,80.1126860140648
-247.296531444881,71.7719132411294
-246.072838087421,119.182430509682
-89.6817354790401,133.021159068507
-391.648602409346,100.142821301823
-164.170715552682,111.280043415842
-307.620426736423,118.717935417468
-146.307530462116,67.0623906946748
-190.117360494725,118.185223403543
-660.623972473026,87.1492890327063
-243.56925515554,79.570105450719
-490.357916702109,106.787298360054
-35.2758512167347,92.9160658656037
-157.347099249448,95.0428055078955
-461.127148854466,95.7123807073867
-129.078855648291,89.8381107851746
-346.225290549279,73.0814617028373
-268.151646429687,56.3058731664787
22.9849689781731,48.4948460080195
-484.249936042788,70.5615309220011
-380.828185002698,81.8786766965204
-252.985788288581,74.425562346325
-13.4783678388048,63.2405331702466
-193.409364187217,93.4536420112127
-184.176800562243,90.5113968229343
-172.733397566735,100.082418386257
-188.755112872539,81.7556375131826
-278.000560915578,117.835580972154
-330.809876070343,131.806718754262
-281.80336285651,56.8399642334261
-381.476290732779,111.635342105859
-133.432485068071,64.7366983012253
-481.417344941874,132.104126998511
-361.176430872885,85.2127243219002
-74.3980161700674,168.528742624243
-664.777653186466,32.5424383806676
38.1633331598277,67.4711547358147
-1102.02286653359,114.782858864623
-166.460857796628,115.093079351098
-313.576604563976,56.6419997801131
-195.331363871606,62.377204286604
-381.611216209159,111.426756727044
-161.515068471286,84.0446748114755
-246.750523932045,102.276925540034
-337.323805023858,107.598200983477
-488.488453189813,40.3519814950705
-60.5777381232474,96.1078712189592
-382.137531023614,106.702533614771
-123.74903243166,173.718369878487
-284.592522298073,142.37588850176
-817.200099321068,243.178632933326
-705.631810604289,210.815142553904
-1045.07188754183,185.802868825325
-336.319747635374,158.184592568607
-663.160451731022,101.448725930153
-551.112088901178,62.3318486426433
-782.791225264999,191.30414772017
-729.821496514065,91.8293006418971
-222.423047796634,57.0682647546564
-366.074157108822,165.39995199487
-755.928818432825,211.380462580593
-849.934060681917,85.1832989623799
-247.9400628515,26.7326805378834
-284.966710288238,53.9226863376243
-284.744770507059,65.8902521767886
-455.582628814871,35.9497789859452
-630.736945708233,9.82516566306549
-291.438455815573,93.5751668075682
-51.7880365839519,56.1876587146544
-321.049695987764,52.6879899488376
-303.556022406499,62.2075191912445
-554.698499374819,84.5344118144349
-550.6318234679,124.868187099579
-656.075736310013,74.2507487200492
-952.047711583495,181.600998579663
-187.359786422836,199.387459334124
-678.245397277176,171.729177294226
-345.311975504985,80.1041462913854
-336.310082242722,103.422893818119
-499.373699572981,154.990166807402
-608.089456144069,117.386993589578
-236.779793912719,95.0406712436379
-404.26791281371,85.2471010583686
-289.984341432719,80.0261700373958
22.3320604829642,50.168851351933
-169.570517588356,57.5681542812963
-415.701371929303,80.5819757642312
-141.020926722747,69.1827288917266
-96.3902855044144,58.846677027148
-153.928024938178,96.0204857008503
-319.886034272102,125.93251359358
-202.325610290882,113.379721293713
-224.900244765864,86.7381511284621
-468.613570187932,66.4508023655653
-263.66336597615,100.953503881683
-137.905551172758,44.7851949351461
-423.358392838112,67.3093005465644
-456.68538936504,144.362911140284
-69.3748098918186,65.9315649557175
-190.977713869099,71.9150575217791
-215.944652706079,63.9091297876439
-234.450573515292,71.2891628271173
-60.4451813298947,53.6850137098081
-246.263617089047,33.822420068027
-78.4687571956892,66.6045719949907
-178.210537972533,70.3432641476102
-403.212859155479,68.2752600691019
-221.617153154846,74.7140690560627
-476.092473285011,59.5990146615659
-755.566620859667,72.5392730013773
-183.431340841751,83.8431715624683
-469.510020621839,123.146406076237
-204.091072135518,169.504458994132
-385.831303213752,135.335604441054
-417.791727994525,162.117130661529
-358.605731896518,89.0408523388323
-452.418188224256,64.3913626077556
-122.702087837766,88.1502203338823
-353.041106131008,106.776251155723
-360.190899223584,134.401306402957
-268.04469270695,30.9093857785556
-79.7422494535422,86.4438119699153
-385.213348040401,127.226485286194
-988.003212009113,142.701957987403
-246.988228345344,196.23063566874
-291.056152057252,167.541500853535
-754.632463684684,170.688531093532
-699.303945453546,194.724632317186
-482.658035830391,150.336777503864
-533.996495271191,126.545229431271
-836.49747128431,109.135157180222
-911.883671853138,312.224685628149
-599.308884842412,201.132355804632
-561.382184872369,30.9526753016835
-872.413033282544,93.5124262787449
-463.999360518153,161.825672082312
-695.45556892766,80.1448561822135
-298.667451692832,51.5701156797295
-585.336377694643,89.4677902187468
-350.194657154208,153.114865394542
-38.1460883832042,160.190432526491
-596.909916537625,109.089846170609
-323.027266555539,73.828336145074
-119.108411868801,61.0062420422619
-297.613332125096,151.095840112714
-105.411197092355,91.6254253049701
-88.6855898984322,53.5151505014128
-114.943701242852,63.8394926504152
-235.381201184693,90.8734278700049
-498.488501681248,144.509007653061
-148.238260528538,82.2378552014852
-815.731269289143,180.482067013931
-375.430555367329,112.902191736252
-369.028310336702,72.942542660574
-422.644303382745,175.052665332686
-266.784495561587,92.272114275911
-364.184875216641,198.73402318463
-371.694917899767,132.441863452244
-263.775402709703,125.276209992206
-570.771501164618,19.6919484989194
-645.339442054259,53.0442316492263
-320.08831984365,83.3614710004331
-24.8956140511582,88.3435905235274
-104.714554304752,54.4911703259168
-11.9191448133934,58.304341950643
-42.965050820887,10.1622407166578
-129.66453007127,65.0174771974562
1.73028665589118,98.2238648717757
-291.610781790034,48.6051127058454
-67.0830719904916,90.0652060613793
-117.965854950991,42.6930517362925
-185.435407013632,51.1857399896635
-474.836047781468,141.692688137115
-266.446957132655,115.156106542505
-429.226884533954,119.081785883025
-550.998609770832,112.605003538833
-375.981013436063,68.5697634348871
148.018277040479,173.797081959172
-562.113651565145,257.891949342964
-694.491473080867,145.549729981109
-509.632237655183,222.099258574657
-521.793572357099,165.653341037418
-347.667768173793,199.848106265054
-288.760830312418,112.9729382477
-250.230710044707,81.6440760359328
-177.93047067873,58.551079616489
81.2921382438144,212.036063379956
-415.310252526124,183.301877216152
-247.652793621892,225.67269851797
-336.962075648073,141.301483316871
-1137.25323102649,132.161238051282
-423.639535123628,145.131578240467
-798.046989891096,179.539768832212
-501.931540484442,175.684382153391
-330.763193484352,21.7250875879799
-409.499153683486,169.794454065632
-225.978494429153,175.020163918816
-139.464440343538,98.830902906062
-79.1530355020768,86.0081648174491
-512.092819780839,148.246547459269
-240.502285561382,123.241952104116
-556.337631003396,64.7378926350502
25.237558508481,55.7067413290388
-599.078386073772,160.314609821842
-693.73185463257,192.333630047331
-142.129771657419,126.567914818501
-230.503873535228,137.841260177243
-513.616220947421,77.5239110087423
-454.183893310756,110.348910726243
-231.887928092387,131.686634992046
-367.906038642555,111.157627758068
-81.5255960443465,12.2119547483744
-232.173389047268,109.942674737656
-318.937628307751,96.8681824919331
-228.095909381416,67.4401151438542
-217.157096776393,73.164375910972
-124.846523237735,50.1702041280514
-98.0037653687905,53.4281658532855
-265.935264218319,33.216179258714
-50.8152603130802,65.6274894479866
-98.6880377925991,26.8546721353559
-261.405204360271,51.2425393379817
-298.705492165842,62.5652254188317
-180.220076746446,33.8477817270759
-157.011498029227,64.2591634151468
-277.645214634671,31.9118644844275
-228.307902276076,45.2662779410457
-262.90120977546,71.9319190405658
-434.584162142244,35.6314269451832
44.4047126531514,61.9039964573021
-171.362722757331,66.1518520838727
-126.508852206658,7.94614517537411
-188.539448697455,42.5234063249882
-186.231680140962,51.4302609018632
-75.5429049630766,83.8792312282312
-362.069954370527,60.6643712774239
-247.004420348836,165.87301020007
-306.649033212052,163.527138622481
-468.05384784982,106.957114843768
-246.564685369594,144.734551708767
-372.805164127873,23.2385462837992
-470.875812488732,104.796895746753
-220.499788899149,99.6806136976447
-363.184757352636,120.978816242823
-286.992362588469,93.5262306673976
-375.592034130758,114.905063597151
-343.096424477262,227.637356988009
-686.781298276161,181.248973831985
-545.67949334177,153.108011248303
-398.548915168678,133.250463505188
-308.989997511788,104.519453671484
-453.84002125269,113.627291881363
-350.282170721093,100.726485810665
-618.712003952183,111.313930138165
-189.148331474076,131.47495095514
-161.83159840884,48.0765364557737
-289.284888848029,50.4943720314986
-16.5822062200887,36.5215554747701
-226.454922514749,56.130964962671
-395.867048968052,182.592405067483
-431.037295246148,222.340282079327
-137.9867389555,86.8168495196878
-250.195916269695,69.576200530355
-203.583447811136,107.086961049266
-240.29620251857,81.1517897059239
-312.855699431471,91.9284199453541
-190.041824434193,64.8685918787232
-265.159156790207,57.9006888532895
-613.001223986656,99.0305962914881
-927.155163187374,211.731238926848
-629.30114530629,151.485381050414
-72.7666351589651,133.235789042992
-208.464502506809,143.977188012708
-585.225076049785,118.619221107554
-326.885073553378,47.7186853229468
-49.5645354193985,38.8500628882721
-295.397837604993,47.6705667326942
-100.015200335729,46.8477136334404
-342.708531119235,79.7025076903301
-610.738730691399,89.489531470213
-336.048567232036,75.2691013207004
-464.420305694902,52.9883415645927
-192.868291367194,-10.6265333479969
-698.048158658654,132.402430251215
-511.95018253864,94.6236364027864
-2.21380498117287,119.127566683077
-140.416107690838,99.0662732303899
-549.265572411919,86.7349965457834
-322.994174820167,86.7582225622828
-288.730544204358,121.747397307074
-310.202865142666,162.502132498637
-289.716072323688,125.27490123389
-303.178486894554,103.164127937067
-178.594257599128,107.528192038116
-293.54997064668,200.315140577761
-212.390891630777,90.652906365438
-62.2563489524473,146.08505505661
-212.264352372513,66.7682139379031
13.948223965639,102.099546699872
-399.784813404724,106.556659057009
-138.193134974295,80.5001831504414
-398.449929997179,90.4165671622904
-480.31576773298,111.926404565354
-99.6041042381039,79.9124576918512
-124.009372000866,180.28134338907
-319.585273144337,116.992483830443
-227.779579507565,85.3170421035338
-510.035328541286,115.996475974054
-628.989606581519,141.071013514573
-700.075058827118,125.945518665743
-314.658239280601,126.059790029365
-71.2074598581094,140.669953032542
-79.7282519096261,144.551476205845
-591.955701833547,86.1828829025326
-214.099143048894,247.446809960814
-214.469952560583,107.31979891716
27.3645775258919,21.5018652255822
-464.683502576721,148.772983035538
-400.075004332422,62.1011903999897
-234.475768578472,90.1372877826579
-269.957543814686,92.7837114429894
-282.01398038934,63.6066835993697
-159.042498565466,189.746603618521
-293.577561850861,161.654857244721
-374.877270812809,151.557292500656
-351.126766945788,113.871081755559
-478.326704270136,177.9114237022
-221.97859724619,97.5697695806957
-152.026850307768,84.3313587400044
-453.27358220231,129.387854763878
-423.875025734,109.174396788383
-326.947068387664,111.850571222596
-301.78722986769,123.732904627643
-397.302662597853,155.036786608295
-375.737752245392,99.085501419162
-305.41370240287,-3.98608581112057
-542.076954111253,159.792236385372
-220.227783301048,21.1143269961904
-114.13251900766,87.3315301785478
-422.417413918032,167.39481636956
-284.78288822154,69.875446810649
-311.323576916664,253.432792894382
-388.573040267533,94.9229221607384
-158.353836199589,29.9425481500697
-480.935740069501,105.17101728612
-137.89936742968,151.145376864675
-528.410537815013,87.4002848671298
-552.932379654696,147.779042750903
-321.038310773263,76.5951567140291
-429.421473743845,108.627388821813
-334.08731426216,139.130301986443
-518.291975241485,216.649513255652
-746.347405305656,142.745151747746
-409.6679758051,120.805540770692
-8.88098867677036,43.9487102988387
-35.3250443848447,172.466651920301
-148.137096493709,78.7807214842396
-493.49786452955,89.581689419676
-705.634664573168,109.145500037059
-526.972114798111,118.134043727456
-113.00664971715,82.4514688382333
-19.2403332808153,69.5905451103463
-489.755582256013,136.904688317889
-479.591481950163,68.8002493000531
-518.652980159473,99.0972402646294
-465.823508861358,47.7199267805736
-240.990836476863,135.267317752587
-223.907741144707,166.59181747798
-162.629184032872,67.9661523909017
-504.859488858579,109.258582040551
-245.262566663732,78.9180700350116
-84.8537682538154,57.7568398436269
-107.750334103956,70.278745004005
-289.843415679119,36.9915314247919
-219.942462425948,63.0242068008811
-14.3741857525201,36.4520431970568
-123.64640088116,79.7240186190757
-221.236787381786,41.9701389529509
-91.9015266727924,83.7854963577392
-440.522127643359,44.4661753608671
-221.509673053137,54.6056218141894
-186.699949906935,14.3878937414265
-95.8374201141137,53.9956276553858
-9.72799395890615,58.971917055831
-223.791532063879,95.0639777137694
-220.721981843773,63.4194109068703
-584.562822678679,95.1416453192069
-531.956410489103,133.189187987286
-456.059550884627,165.241188628454
-49.1673516303854,88.3163658726407
-436.983869634409,164.4400233534
-459.069883520599,180.659245386661
-666.116175868228,142.85216709035
-610.710168300004,194.138086907624
-935.103931951311,53.2105221451202
-77.8407228386277,116.028326411084
-214.875629714523,110.927465063589
-259.03932019668,195.246967237646
-111.223708185367,157.383655990823
-223.431701649737,114.878027828174
-306.020029970387,79.6599698868085
-466.351224665574,132.99472333584
-470.979440314943,154.030440477742
-128.485238562695,82.058677649562
-237.551397697564,121.269463446974
-104.012864453078,98.9933325641323
-109.308220120642,124.59599622048
-557.841733961715,100.813577962734
-265.474809631541,103.0271838316
-478.108024355781,152.008198452364
-290.632942428827,97.1818433311546
-316.994903860439,117.667488269275
-92.5892512639302,61.0488100847797
-230.626764694753,19.7534893970005
-227.190538109076,51.4582664599584
-214.22521421031,110.964704836588
-406.35737282566,90.3989130166083
-509.188112634423,56.2065946010498
-261.253975918167,163.315530040622
-52.03164529278,48.9693823214561
-81.838717576029,75.8888115912123
169.495705913316,57.7473659541211
-332.444433263481,42.752976630989
-374.243613360479,113.637255020258
-138.828693017771,104.136275626603
-243.112382883934,53.4062463350929
-297.159753391374,61.7653364721664
81.8464439879899,97.6545185465147
-494.970040372995,93.123288320945
-99.9605841203302,96.9995203590152
-130.213482164545,69.0183459612745
-387.562683923767,37.3783037018438
-197.321594910412,21.9709360925081
-4.32365760519247,39.5761605612206
29.9264181527687,64.0376883960271
-199.150601527159,39.4329336197989
-171.23964608401,28.3392509160331
-42.2913802297699,43.4600936129136
-210.610548193989,55.3906348753808
-233.344565904168,42.5404020699461
-75.5474887779055,25.8493291640116
-290.391847547813,46.0210419639698
-109.286976260788,41.0215378014109
-111.80557530192,55.1961761586863
-167.105372875467,4.26194610717357
-78.6713203991676,34.1505874777213
19.0109525584571,20.2136266641319
-95.8760605717252,37.2952423623719
-73.2422361615681,34.529481592399
-0.563256306413678,37.4206808732488
-40.4958239646658,27.0089417164854
-153.772067614671,26.785388065764
-105.503584506092,43.0963818195451
-4.78874155206722,31.1024889567343
-96.9413789070168,29.198519954698
-125.772587773143,10.6253828842891
-34.2088506442087,28.9447771932173
-79.1615336317336,21.9305630791932
-121.872077269887,23.9287994896004
-73.8671948666743,62.3979537412233
-58.3780509729113,36.1472872472368
29.3962329477945,36.3665500250354
-49.8019631455682,41.2063016279717
-108.858006012975,19.0671949059033
-21.3224497477495,43.2270137066516
-141.69895927274,15.9918548476417
-7.43755491582851,38.4359243251092
-103.316517137282,14.9006768416148
-55.7180467649014,17.8589539132663
-26.3687481462694,16.2284361125203
-25.9438770586275,17.4566690955617
-99.9943155185611,22.0736335660895
-4.2864131826791,22.9421996640303
-37.7044953436662,19.6092696363266
-83.5765723978548,22.3140736904397
-49.3807323055589,21.2016476488861
-37.3814405911171,13.1340193181009
-33.3297095863336,11.5396943898377
-37.8641316436406,18.5315958357605
-51.7553377285949,18.051843134308
-7.24697849006952,16.2024628447343
-32.0095628212875,9.72951778053539
-19.9895251555117,11.9068551928503
-22.0608714430673,11.4716332751132
-40.2539457728708,3.00335885973618
-13.8404953523859,7.5473441894901
-66.079073396977,4.02269566654286
-73.9401150714548,18.2787702408532
7.57966895736172,22.9776726483251
-32.4514045598517,12.6570432664303
-22.1292801338132,13.4421899644076
-34.2711985275055,13.4855340373178
-42.2186794998561,16.8896550989884
-19.1705433483876,13.8320495596518
-52.3982390804304,9.5959678201325
-22.4860009587137,11.2533483855514
-45.4451984970801,17.2323427805386
-33.7202625337814,17.4258348278709
-62.5192505811428,17.504177236784
-30.3321506466164,7.00771513601649
-34.5935080088966,3.84850095259264
-36.9352693647452,13.2124452251737
-62.6227939008822,11.4527829741564
-38.1237073337907,19.8725310609443
-97.0587013289623,21.062285614702
-137.388784103459,13.7028035730182
-35.7155163964198,22.6635135385004
4.48230852637789,8.96919189748587
-75.9841210099694,12.1355975715269
-61.7054288833424,13.4314938725547
-7.14208489781595,11.5706017360062
-107.098483089765,10.5126693969505
-46.6847395830409,21.3928712246416
-55.4755379675626,20.501590244523
-65.3635653189267,18.1536645545712
-96.4063569402206,7.41746863647131
-74.4174512321479,32.0098952044718
-30.6357930198428,19.8423966078553
-105.194672264741,24.0943374351773
-59.2768005306862,39.142983566504
-186.314905929583,49.0473851744027
-256.099277984849,33.6582636287858
-117.732108152675,35.3817910002617
-151.101780559227,11.8172255341487
-213.243953328201,29.8993540781958
-226.485142471462,40.2812100868032
-234.128689424619,21.0948470986341
-156.500991988934,28.1655113369925
-80.049333630508,32.0930766589736
-184.524318030853,16.1235159432326
-99.6161377532917,18.3959349195702
-159.572924756765,47.0284072149807
-115.455886134667,35.5197344301632
-189.50896266241,32.6825258599711
-211.266482066007,17.3647822642233
-49.0649190631666,30.0464043636894
-102.184674613156,26.7425185721877
-83.4594966937148,23.2057169503166
-24.2005791149131,30.9278483250091
-87.6675795033516,26.4908438016282
-35.3744376401301,18.0091625502719
-13.9740632044559,3.32852888087973
-51.1716731978813,16.2432494236637
-23.0115894507326,13.0290728465407
-22.3658080712266,18.1661171225714
-55.8915069786453,17.4706744376454
-56.1330217060458,11.2398939462437
-78.9266974597995,14.7257051487359
-39.5002641068641,21.7778714655433
-87.7530536562263,11.4667131423921
-90.6186871244936,15.2955534495995
-73.6295105702593,7.05291447792843
1.57316630150308,16.9862748241576
-97.9878424546041,17.8469403825002
-39.1253253580653,23.5184752989444
-15.6672594585907,14.8758539086266
-120.394658553028,8.95568590800394
-125.397333662988,21.3740300258032
-106.502410827263,15.2114152188151
-90.33817225643,31.802522970931
-51.9037739167179,22.9218599792221
-106.011158971858,16.998098829732
-46.4030010624119,21.1321272710738
-65.8381143281586,33.2710907745313
-74.1632227351001,17.765944413899
-75.0320950026544,10.5425181906103
-47.636183295978,17.6896094775584
-52.3910247126405,15.619497138061
-23.3851633378654,11.8020983364022
-38.3749614494154,27.225826772752
-53.1692146169953,24.4674180223083
-74.6592843157705,19.7902858598463
-12.1098877182139,9.13794673954544
-65.5769170606363,16.2346527719928
-30.4353159001548,15.9746950997651
-70.4927025661163,11.9537028542254
-55.0844037973293,20.4047782382004
-64.6782802175967,14.3602013057389
-30.4821548871041,7.81486185276299
-29.7800035834807,12.5269256011088
-34.0123058424088,15.0603505417785
-22.6821291963715,14.3073016439375
-45.8489709780843,16.7246708542007
-44.1173124488996,10.8222637819417
-16.410592665954,18.8714189943166
-9.21956323987251,9.31551994278561
-34.2931174253426,15.3461416349455
-27.6956139518206,18.5279016986242
-31.852215209783,16.6864269448997
-87.4350471801299,22.2737483114324
-113.962202055365,10.7159780898655
25.3087035777426,7.44453470999724
-27.2116200835444,10.8975964289566
-87.6389988332085,7.51901358974283
-53.8937583862571,3.32095125739579
-71.3822297517418,4.39307001232373
-26.9850245889393,2.62600454119092
-26.056088635698,7.5257754092454
-10.543532166048,16.3060501885157
-32.5171340724482,7.80517503321607
-16.7263496373198,5.38760927909607
-47.4798790677669,7.86710351702641
-27.9926697314027,7.45136610296868
-34.6486661898016,15.0798689824005
-64.6540069470975,14.4407474871114
-59.4033139242893,8.82274533891177
-18.1743471485133,14.1192645703704
-56.9754322128356,10.7350976675516
-33.9659286298192,11.4652526648715
-40.0997307655853,11.9094923069351
-85.1856930271315,11.9412603669334
-96.7370781616628,15.9098979718692
-164.762938287806,19.7094967035173
-116.402466420571,15.5620746695568
-57.4619287084206,13.0591001783323
-84.4211796870732,14.3727404770034
-31.4616068983014,15.9054121991794
-100.376511162001,8.65069926262368
-56.9797426895784,8.84369203353708
-69.9403742682043,13.9122035847395
-128.985737695897,31.4747072450832
-112.299441827709,28.001715527731
-71.3987579159584,36.2690563609067
-54.7055429487373,22.4670138519312
-96.7441350714798,23.5782899457408
51.3918160378234,19.4494196998421
-66.2959735615004,27.8027980218685
-47.3321485468769,26.0325332614593
-94.9671059175162,28.5369278516737
-73.0396206252335,21.7147709432465
33.9459490933305,29.5474812176399
-119.673393617617,36.0828680399136
-38.6361714850354,14.3065765335341
-82.3943261095847,20.043591828573
-57.6560579909128,25.1013524525333
-93.8343491303094,25.9847249213271
-39.5413212873682,27.4238323327663
-23.6723525045381,27.7132308240762
-72.4000724437283,22.2910986272409
-68.411277942163,26.8764103922499
-76.5332874805827,41.1949879561726
-144.753719896937,22.2476792056841
-106.562090390024,19.605089834622
-134.27252351505,34.7679253695533
-24.060773129997,30.6025702309344
-95.0247236750729,48.3270974603292
-51.0567432021489,36.502945824046
-72.6493249972082,31.292865811185
-122.490994595137,16.1007510854397
-51.5136546410536,47.5236101070986
-77.4790757416777,29.9728923930597
-297.332602489652,47.5710407089209
-215.05831967067,15.8770093193343
-26.2840071681712,45.6650844607211
-175.271157806215,49.0763349899062
-112.572711568777,31.9801772984047
-135.167153849805,29.8840813181596
-35.3741056343715,30.8324761785043
-151.198195502859,31.6062294285002
-125.568651739464,32.4478793148446
-145.112374582604,51.0436138392542
-55.2573293272289,58.7093016261878
-86.8456675540438,41.2435462870926
-99.8179772535514,55.760550310777
-291.095716971948,47.1806377025569
-108.512874476743,56.2704369079147
-204.630326746388,49.191302430525
-195.042993633651,73.9861694526844
-119.366001747665,12.8644967640139
-103.151608231543,49.6067953371239
-96.7835998044684,38.277004332158
-159.042337055376,46.1010672995326
-57.2032410678621,59.5779531355183
-84.0816836438971,29.0156469003414
-293.312163974399,48.4110380023121
6.66222924094473,28.728004653618
-15.7260828732469,38.2115365669306
-34.2661882167449,57.288835467567
-44.4324080601764,32.0836972311517
-194.623016298436,25.8877083733678
-164.57805205325,27.7443669439017
-14.3425287581722,60.4571855280083
-286.397626970087,66.5414162741799
-485.044861585508,122.523599316941
-234.211637777011,61.2357354629785
-221.703205642785,77.2270855048118
-253.336751392744,86.1869925791252
-476.959469044592,116.113382536947
-406.209690136853,103.652024675815
-259.151071849512,119.374014951758
-271.528797672188,85.0019905264708
-467.808534537653,112.472006084718
-118.843865729985,20.2349339569337
-103.921580146925,62.3765096874558
-53.9407562219276,69.5790185534529
-77.8280000565137,52.0632254668599
-217.678045086497,111.178220503978
-301.079678274009,102.987861522502
-375.932484800273,91.1772149345597
-196.620774667121,111.130314165654
147.813594006868,174.230316776389
-342.262003961387,85.1008478447038
-543.63557037228,132.233407747553
-367.715792340503,43.6842721505964
-403.96552660317,69.9524294982257
-272.227655819299,70.3177050484082
-210.239353606303,55.8160263587633
-179.55523487828,96.2341613310746
-290.329981092887,128.616196000046
-242.024648942497,69.8238919606229
-165.350566101819,45.4866098209241
-134.162602292799,40.4643912453175
-123.613169809301,73.3176692073321
-69.751999433196,78.4555654699943
-389.867105228921,76.4958727114554
-75.5115282914194,66.9206686308853
-526.378797298523,85.4892533504535
-484.943928224093,173.653463296127
-36.9963582557466,143.249079933121
-313.156768143934,66.9930561121
-77.1180237565168,69.6300748573194
-423.399727812895,71.6853942726739
-381.992462941746,151.682827122975
139.995924621137,97.6390824093833
-165.216204728174,210.594061233802
-859.112145014897,157.079754187886
-403.489411661947,69.7549369636836
-307.424446046236,114.05608395669
-477.290305182032,102.617971884029
-757.47686932428,157.437720566955
-329.138315153061,145.378764692883
-518.655106924911,99.648944972454
-232.388597498873,127.20318860394
-439.988658468559,92.7098513770907
-383.925805688516,103.397111296035
-404.157358611679,94.2862896889565
-158.81968434983,100.104814688137
-571.507408691981,135.954671704694
-622.254407132394,82.5582565138175
-345.505177504056,168.197410218476
-155.84971647129,99.7443980723183
-242.626178632592,81.1112054821715
-120.476966520138,93.4235664843873
306.736316250433,34.8043712792569
-198.404739327725,104.881053765203
-405.925909162266,187.226134670636
-841.079850470829,127.964065944048
-149.288176296162,96.0412433617894
-436.280745309516,154.199441419179
-439.670938065053,119.699450392203
-746.204447460488,103.092929584818
-143.281046080083,54.9574500452509
-552.514054165766,63.3196213336923
-1076.90498245918,170.813884442119
-889.483526803626,153.151842904073
-216.883613758248,116.778578627243
-365.507726313575,103.511917907239
-215.081777181374,-1.47250794887077
-119.698097879649,33.4277641626486
-202.18289786738,127.744745232725
-398.735035275226,167.715630138664
-260.624807337357,39.898934388475
-230.601659428066,48.2225374536647
-285.844069430692,74.2756921753753
-160.716719854216,110.082377563129
-67.5492416821944,117.85915515487
-159.192605110904,100.524823635147
-202.877257107582,39.7062450449739
-199.532786965512,97.172550684787
-85.5427954949118,28.956000410195
-162.315181290225,103.991534680696
-267.473777038496,78.3033053109193
-123.607024898069,78.527604147188
-445.897022130717,100.931950374652
-349.760965682595,108.417694746749
-163.956056532043,86.4627758328788
-140.522249479167,73.6742969480038
-333.19019951424,85.8035563453741
-70.1291774698766,53.5449959843681
21.5558275171497,52.904741096143
-352.019635194636,26.1320030840725
-336.502990758396,108.494313763018
-241.079088016697,106.253966548204
-354.07851678005,111.421202987811
-115.662880672695,90.3121567499475
-756.461486699758,90.5333361405355
-277.982106948868,99.4687731634622
-103.760047163843,70.8537871123553
-224.922297083074,40.5304765647743
-467.609653441687,127.464198539965
-538.296322931754,97.3746177060821
-266.076092549536,116.148180178083
-969.104562767265,120.839126361272
-517.274492126075,61.5710223800997
-349.553832039048,168.891074329586
-122.64322020582,52.1696338232869
-376.50211025223,58.670128457823
-883.955374318844,131.924986855684
-151.66825678834,133.373571355041
-30.304449572548,51.1309223665976
-584.308497682068,100.988882931168
-34.3094952155152,81.5290485299192
-168.892036450976,127.870770795271
-548.358042311993,94.3764571810607
-279.212748214399,178.072641400479
-54.5886878457604,117.491951416217
-97.6229214089326,36.8511769086908
-83.8532797236694,89.3535254173912
-251.829952759959,71.7537037554284
-167.076464730584,51.614238439477
-34.2314490244607,66.9958924570383
-181.210467044328,60.6255763262307
-180.599917290354,60.4395968653407
-13.5504266326025,56.8944377866646
-104.347423177358,59.9494131056636
-94.0509073597968,58.6443758973546
-144.983803231469,45.5544990344351
-152.053889659473,52.3452751899749
-448.468110582129,61.1138627658001
-282.946449080926,58.084410962023
-356.73432817416,94.8363162997557
-359.366757303069,101.005977265246
-306.433139483357,76.1520399064648
-277.885911133955,47.4534736727073
-592.323251718328,183.437194085403
-413.340746008515,44.4997312164851
-1287.87185297412,169.646001462639
518.848202703637,92.6380271231901
-543.890612158364,246.097343577887
-428.205042991322,130.833270637551
-528.570032465504,60.0748001415704
-569.337986842773,141.135159750324
-281.295041115431,82.8177902922835
-385.976226541694,118.116199583132
-73.1327710506594,58.1959925191477
-286.693256066676,49.5630511821946
-230.887656050123,134.574151433688
-368.575443151087,175.379957388781
-792.777433033792,206.058984936477
-707.644209940555,169.201997810655
-191.308317725547,205.020805854612
-695.178374653537,116.499444895926
-124.922187962227,64.1785216093413
-397.780056603749,140.587750431623
-501.202555968241,225.355579087569
-641.51131910189,15.7562742907394
-291.212713021894,68.5639374860039
-503.243566145917,190.029196822186
-298.368921344547,188.638145115227
-477.584041786715,30.7711692460725
-47.4098783938389,148.183521675892
-466.840177678911,121.994877655379
-894.524356945301,129.604336673112
-218.800896073977,101.11546865271
63.4804722381814,72.8741717994853
-9.22077906384948,93.6772696636617
-157.348180423587,85.3709335302556
-389.132879634388,51.7364516252419
-490.723222095403,125.92164115695
-294.871115934322,235.598712201958
-191.170997714671,103.596238981969
-547.090917305162,173.130866596126
-953.426565238595,155.45652513879
-221.118544452795,145.71765809772
-470.057312191246,108.539317030882
-86.1344008879387,119.945481000395
-415.615431683724,137.200685818505
-206.021842119793,96.227518979148
-201.397478814179,84.244117953931
-192.808419550252,127.93068621619
-474.679740031468,69.9235602199478
-225.839754669119,7.04134460772366
-1016.4661431238,130.046806711136
-465.037050444718,106.032594833319
-163.881906094379,176.135545410099
-458.061161596779,132.111409478919
-611.403212219957,154.80375754094
-330.124624115606,85.478252853085
-105.726061549038,78.3689305073785
-292.085862464533,55.4771332537639
-129.093883193418,46.5545712605864
-195.396454840084,57.0082175417774
-127.978043776071,45.5120043485658
-168.24518514701,39.7305829598045
-151.964295645987,41.592504324457
-86.057878402029,28.5154423824861
-175.564040735662,21.1119080585595
-147.719255465948,33.271013900674
-138.34783892172,53.0548330624661
-68.6550319742528,22.8688361198583
-93.0910854021167,16.8249115030267
-72.0734629358085,20.0840286450693
-102.030422616903,32.8321202868137
-23.702225508423,19.689331636444
-24.619531526143,8.75609859959513
-52.6291055371403,22.0081678884073
-63.8817621210328,32.8686371006479
-106.289604190548,27.4102331614013
-142.622915030865,13.7780259636202
-61.3222966182802,45.813663082663
-109.286267633233,97.390074550698
-19.8365999674861,40.3747722562839
-147.198513074989,75.702962282121
-69.4922747647266,19.705813885259
69.9894641772989,36.7424828822013
-30.3780263198496,36.9299741797877
-157.310769016767,74.1334910732985
-192.689671943153,13.1819233508577
-252.904567580474,34.5019154580441
-95.530615647127,62.2432688057306
-69.2909888168797,46.4469414366758
-230.396783468954,28.6386789638345
-189.32929851325,81.8114790718428
-239.7502269303,85.4347932057799
-232.398796025038,107.496578089616
-175.695629587703,70.0038713634131
-449.542594498635,74.5316014356504
-526.350138001126,107.343547514291
-216.004511486492,139.328814156012
-378.135200244134,143.390348158064
-618.776747281776,147.481670356807
-329.530502031965,130.209321038012
-37.0565064290568,125.579705473589
-511.352545557478,156.788460942575
-330.430092405149,110.158836845821
-365.3780750351,76.5720785087415
-295.370666989995,127.943885850225
-665.375671253658,123.266047477955
-453.398427215681,96.5172053908755
-458.104705297359,191.985220617324
-600.867009114125,263.028488258366
-212.805871210876,70.0439255612437
-336.139397950887,171.472882910872
-594.033626869641,124.185051114226
-487.037924023651,114.181157572766
-190.58276280103,106.193592244323
-668.975845982219,161.39160936515
-341.526278859252,102.889435502293
-596.622923367446,56.1609455258513
-345.592490597784,90.9328165529878
-486.398369293718,59.3313343213304
-297.081232638448,91.3709122788769
-138.430265964243,98.3538652204079
-315.377454805304,45.1951510444005
-113.01548403874,71.6847286571574
-240.726147184534,42.0676593411526
-133.45588337801,35.7972484611473
-130.735583107162,41.4223519358347
-48.7932491595493,56.1841683925595
-343.002470972962,82.5282469147642
-313.253139583536,90.6974776647257
-268.646556531432,116.267772605643
-621.475584167434,179.139768348818
-297.443998425744,121.100200205052
-738.171154967975,125.994998216367
-545.237061256768,173.092708248936
-285.735923821587,110.735111069633
-368.115921696517,115.010852253943
-391.244744408119,186.930010526368
-322.059224414552,55.5051579265419
-281.446943360163,68.605399500585
-262.750013421755,110.197200075505
-608.140663662885,58.5611113179111
-428.235506713472,55.7400170635956
-57.9006961611913,62.7719881597732
-302.041297895419,117.091407746819
-328.203297736938,63.1062538374681
-155.678726346836,53.3711306527694
-264.499529794834,61.2437913645117
-160.812462483067,103.331812782959
-144.561752564332,19.2653409778795
-244.050610006351,69.3087260499524
-130.054884369463,51.7357277965057
-324.040912668104,94.6623647814849
-290.505036190907,71.3105837315379
-278.55419569512,17.2572679393415
-164.980417224171,28.265142296179
-223.442180807196,27.7226031096361
-298.65136099243,56.269815400301
-262.854474532804,146.861018191456
-168.923196417163,84.3124598816794
-365.650992433148,144.201996894422
-649.911018268816,129.170231589364
-486.603551512511,83.0021992548427
-366.817489286681,151.599256706802
-1119.0122357005,105.300156770914
-75.1791535770753,136.346108492107
-144.218000581055,94.3511672670465
-500.648628532726,93.5662199075741
-131.822222578576,81.6274821592087
-257.846676406771,87.6290756829694
-109.648171457511,80.5876540814461
-170.451931211952,115.891831589208
-153.332889293779,115.254777443857
-379.367744082141,79.4114686617449
-372.768026401689,91.9023328917319
-203.638083019963,57.8306857890275
-214.286204180826,177.609107226766
-434.137551658845,212.530344384984
83.6961310679035,146.027285131917
-337.606827371281,113.569649070356
-863.484126864219,173.869412579617
-252.791597428542,111.540795387322
-877.069099087552,59.9042047147086
-248.9790777491,112.421193920236
63.9071554290713,63.9228082165646
-312.547805220398,38.4377872638324
-433.7078566665,58.0924086226369
-78.7909952720729,28.6571094714745
-119.654745044172,46.6615912158959
-109.163471174586,81.4047474452591
-102.387352288861,51.6238472176919
-91.2022576800009,45.0154857756861
-313.614027754222,58.9461236625684
-350.12150841425,74.7947305594753
-107.038949648439,115.298551719752
-214.298399617794,58.9459054861727
-261.153715800145,89.8066542060842
-155.765192245133,35.829294533582
-400.652761642574,43.8009217075014
-218.720441465237,96.1989835185559
-344.403112855172,120.406469791007
-374.240647984334,84.5459754320855
-195.174172360828,53.8807328481826
-140.767372095788,115.104649587669
-112.893714050384,87.607603593875
-169.400666413567,76.2878575157811
-540.890459064132,97.6040808539983
-468.337305791463,136.13031832382
-149.891841330827,110.950503886155
-252.592818908073,133.569807836175
-432.323257607757,150.417451629764
-553.050252920155,121.585592660733
-487.594463576039,104.804592164975
-406.407147960912,79.3922794923128
-333.695538282424,82.7337659325276
-293.151437095483,130.612230624218
144.109322662349,78.4442629135883
-172.178709004198,83.518045923076
-277.408270765416,71.7537833594834
-317.323666806187,98.6226287957979
-514.760248639039,46.4636698150862
-250.456196918691,93.0593723409511
-207.697878523148,162.480978427673
96.2621898833895,110.255045889848
-213.912164800597,93.9901787627318
-270.643539804936,92.1016193867836
-108.304241476246,22.6962013482989
-48.7844871702691,60.8286153478402
-64.223477999778,55.8616195123468
-317.476493778246,44.6384118402348
-159.120591135565,48.7694230459019
-134.355323832409,5.253750695294
-176.802680856472,37.9843617202569
-194.85031569688,47.4616316684405
-13.1275944136723,49.0611399713962
-292.879571140493,51.5959744356805
-203.349704865206,29.1090075629691
-94.5501452235549,56.8149380201321
-143.407892816482,41.3483834970684
-102.409467694262,25.7843773611821
-87.8382587416854,27.4722215440488
-111.145350755556,17.8885833544919
-71.5670077673203,21.172336183372
-70.0943137188624,31.0006477023999
-127.84594315807,39.2443104264676
-114.684154667833,21.7052699237538
-145.14811928655,35.316015016615
-260.385981623156,32.952977460649
-96.0431265219959,37.0182419107514
-54.6462539826207,22.2690577048925
-90.3638502300892,15.9840372991457
-155.549484493487,41.2083416454916
-118.055502233241,50.5884510500327
-268.743595612974,28.3289188293002
-328.695263430032,86.7198570902874
-317.097866799864,97.1251289806969
-177.910452786775,106.177581656579
38.6434628689603,65.7852217054715
-409.194728976101,75.5508465599996
-299.951075150733,67.3794476158509
-368.238712054968,97.7487620368775
-343.414794574928,74.7583325034648
-410.748186723271,86.2132561036851
-275.740991435654,76.2326632135519
-621.370309703445,93.497944990464
-253.636200868437,112.419990891503
-320.243367401496,63.9694702173074
-271.989453415816,109.901487720665
-117.955858263245,43.3209431983196
-246.308271149348,41.2611218574602
-163.145280145023,24.5005714000145
-260.327566794047,54.5427627581121
-181.204067654828,58.6059288252436
-185.672688755963,32.4410179343904
-64.2395891156193,30.0602046748609
-167.483658673547,58.9795689637103
-158.817512271009,44.4267632722476
-106.471007140499,47.2894354010896
-23.8266604978126,62.5099739443249
-256.283274578658,63.5158302719065
-83.9579126638164,96.7410512897768
-314.137371841236,27.2241428789275
-476.569408300405,78.2483965046013
-620.445870286028,71.9707771943868
-112.179807320732,55.2743090553704
-375.598493304366,97.7409306391492
-199.3904278259,137.423454935415
-577.747569722982,43.0846897092124
-467.208653526119,172.290826212615
-606.334342486138,193.310763230285
-186.832704118606,123.510224529338
-657.465522292754,31.3668516147482
-441.82913839395,143.835430821586
-507.039791653777,112.379741821191
-688.877013967853,113.378305280815
-229.467075389293,144.352899913327
-813.559781506876,114.046319511923
-422.139682523033,120.952975475939
-620.104206566757,232.488679507485
-302.567063139606,104.337015303943
-301.391142501503,128.38178915625
-246.235365851549,104.557326045391
-643.662340465169,40.4322613792101
-334.679265032246,96.0654670915101
-547.559984813051,147.921950108095
-343.305644811891,126.600375896393
-243.409211488251,75.8033454256074
-477.100390171181,55.2626090608246
-530.8226094071,187.726694700526
-690.307838200191,166.605184343542
-256.944253039583,150.31409915183
-506.210749949685,169.24584784334
-246.174327210734,220.402016529302
-569.262217820236,143.055272174795
-94.5696881491167,71.3380444723589
-542.508933878576,227.314951519074
-433.628252633214,75.1002386487089
-96.7008500415468,26.2383344626305
-247.333703824959,11.6214457924361
-133.085278378334,112.739037286636
-213.449993422051,87.8044494659989
-201.974020418871,94.3470627935603
-285.936289943458,66.9228024288022
-727.009568722468,132.893913581749
-608.887586587407,94.1676406310798
-441.808296643685,45.4832930434859
-96.0588729540414,93.6433426266012
264.077344502912,106.004295313549
-538.688147181456,73.9927715681406
-145.122713438665,52.0935849990929
-94.6408492662013,83.587508697703
-360.005550712929,71.7312403396936
-145.243216971821,36.6488920294069
-309.287469445087,68.3621710706793
-271.85650217365,75.0017885522684
-121.11540914396,66.5358949622605
-125.773587473726,53.2048280012095
-318.268941256014,54.1079358162242
-144.413088480171,65.1658979994827
-237.916306544284,-0.887616125852219
-150.70256607073,47.725132783813
-191.512996438323,49.3934173928487
-174.175994348207,57.1552626369885
-74.8920871561932,43.0247693329147
-8.11443482225513,86.5417876865249
-76.0691647825879,76.3237248159785
-431.938877986118,56.9371379598451
-477.873692422334,153.802781219434
-424.799344667437,84.1313399243938
-243.684594228704,140.767700215176
2.96190377749735,37.6874852166584
-577.63267130161,88.2641045972123
-495.064253253448,152.349064875067
-151.553404319395,128.867310782865
-427.454649033542,86.554789871283
-462.929884604753,69.7044932904828
-140.562489455711,94.0251773890741
-118.97774137494,93.2940071896883
-375.318169247737,42.7316204663657
-437.498019006605,111.403817851005
-166.590275701368,208.417912805089
-99.3197170299245,146.614333975333
-743.338210238169,121.573754011568
-454.201706060026,92.6624311593623
-25.0011949674226,46.0551804157149
-558.335118799889,64.7003589029482
-443.785720294894,41.5447639911727
-571.249488389924,129.861806709574
-118.467958406973,141.467288192347
-399.871408170904,93.9000592378434
-166.195082353766,76.7938429361711
-202.153932798792,89.7027872767576
-338.81328345972,120.94109671926
-945.890107880601,85.5282063850027
50.6494708298487,224.316626848056
-363.440897894849,43.9868847509497
-615.966281133402,106.927891290572
-293.021380233651,118.968506767109
-134.603508295113,164.633661012303
-642.08674567761,144.329269788388
-130.739086529822,91.3852887628018
-157.484841133846,90.2893767920468
-572.672215522172,119.72695003586
-549.964688696724,133.255712094266
-233.279195045356,135.541513468819
-281.92622591964,86.1665683477331
-43.8310466769908,125.773493073706
-830.395728987871,178.906601861752
-827.076828906502,61.9278224993577
-34.030742660223,114.189951423814
-473.269682008802,110.656142491018
-188.862321611785,77.3934020591478
-172.842476452606,69.0790061603111
-57.9534054185206,43.6026101641037
-263.388288320246,35.26412926169
-14.6749135312202,60.911092149021
-267.940786868608,57.3833325982559
-369.585021937179,111.639789943089
-471.880763358908,69.8588290471889
-108.695006162525,151.318297568727
-352.56724144633,78.4074523032468
-64.286852011297,87.4897778409215
-327.732282328347,86.2462529260447
-192.089836764557,73.636888699366
-37.7238304601997,76.3080701086437
-166.037235197866,100.436600283225
-144.269615197583,62.8529591154002
-445.9982129351,58.9997470525323
-238.55648671824,80.6189854512641
-209.920012948445,62.8891515714859
-145.464116977484,61.3826588313532
-380.267860115171,63.9495371717294
-358.871440487732,142.923440866813
-359.973107504498,136.616733113377
-220.084896546105,44.7230447400943
-185.013463335763,125.592817570272
-405.919063065056,85.5649080590811
-55.9420118210837,77.1962445592071
-77.906105325259,66.6568416755035
61.1606964181046,58.8728244969752
-175.11899466769,51.6388488243174
-608.086511588077,102.393302469347
-151.870014967397,50.301698771058
-332.947626050387,77.9210894215503
-334.611587973312,49.3573551296577
-341.400824978009,106.002422966994
-274.609398035449,132.098789465235
-143.110387114986,69.305052824202
-452.261190240461,43.8044213313769
-372.448187691341,78.6890789222962
-279.074901896776,53.4342435705621
-151.239476567062,58.1536883128183
-233.34471977684,42.4437394263805
-73.8698519730387,134.874628706675
-221.190509523537,59.2739912563266
-412.588558689262,277.687048309483
81.1434490113315,86.3624160534237
-135.119669933782,87.1319613583764
-277.082167550312,129.662959276102
-481.543934137057,63.0098835653407
-428.525999253266,96.4164064942452
-518.5414513914,133.673931838828
-129.409757596979,44.2282696145267
-269.533117517283,73.2130103180534
-252.829777428284,47.3671363200119
-67.4602600894432,59.1048110717675
-180.037623131589,35.2689281668863
-207.832040293639,29.8297758224362
-223.974948838673,46.9674140024872
-145.852607918572,28.8714159484225
-208.244806615374,42.6245166935769
-128.927797118697,9.32914731070196
-243.400569325859,58.5197836181142
-173.583472919767,60.707778938784
-146.413405244653,37.2015983903111
-249.923431632749,46.8031761122547
-93.209400935244,44.2365799278896
-237.687220600288,55.383956029058
-126.954312955553,52.4573063296593
-248.806118190143,59.25651056692
-165.780941339093,38.1821480885919
-85.127133298236,50.9375387777327
-222.769106756296,33.6876518891877
20.9927746720114,50.978745138822
-198.227567880142,41.3252020190412
-96.7488880250021,27.5741779488526
12.3503120176683,20.1425131253782
-54.6394568015676,24.801770813192
-118.924377581017,17.8371506515359
-96.6446483891777,16.5134715684908
-33.7291952928645,30.505376681278
-69.2642523161048,23.9150553519285
-152.367468787197,30.0627127908811
-69.9583889048554,28.2060512619792
-72.8322251854406,40.873589956871
-182.007626465842,37.7483227862685
-66.6346756277489,76.2534492891136
-152.893333862579,34.4710820886248
-356.779257542155,43.4716951408336
6.65385741132013,43.5874391854668
-91.4065778777585,53.8503743351321
-219.595148552471,31.654069174052
-405.599647411,89.1492535189609
-328.014189814814,110.450329471161
-181.814564190281,88.5406405403482
-197.701229545964,40.1389394240468
-243.081989219441,97.4181251752161
-274.661330498551,68.3858124449034
-177.440253277853,111.655937853153
-121.4265120653,86.193594242839
-463.121204520154,124.457530041836
-213.605066852819,66.4936887135045
-234.283855142479,79.0115978406102
-327.60053852979,86.6625844883529
-40.4101035561034,56.9049458799127
-178.838869347062,32.4109188868024
-90.5131957060657,82.1395254765775
-119.823328046943,38.7908152788732
-255.371071319387,69.4161792424275
-199.509083565659,33.2565739857273
-73.4164265220461,61.9520429804325
-117.771812741106,53.9130821919316
-106.211911697188,55.3337325925713
-79.5629766723723,38.0172841819949
-212.411437640374,-9.76427537831478
-103.855104329574,24.9337556015889
-21.993649079177,50.3589567862946
-230.949750557644,70.6063886815027
-33.9664143516275,59.8582990689538
-251.813851440558,191.693329956815
-447.371110024949,40.0847908377036
-502.475080268321,148.720315140934
-441.291910578046,134.884524479945
-259.049934547042,135.073172798096
-330.591885884554,107.226181250357
-164.17990285925,113.158502133476
-282.243896256856,83.89241427659
-625.795097771625,224.567166584457
-903.45531711051,207.778579908074
-203.386210252036,186.415236337532
-1031.86125420526,16.463277555958
-543.517678501754,89.6262736604986
-282.9185585409,105.138074777249
-605.705755004848,135.035079498601
-655.748125496772,170.939788937205
-683.608523564442,206.714823729228
-117.530891177114,162.145691685815
-97.7062155998428,94.6662308871455
-234.085685089362,91.6195477413858
-169.115719232643,89.6457087010349
-265.141237551914,74.4986687129131
-332.433191379896,100.231020735548
-183.061354207552,70.2546925209172
-57.6882721221118,66.1376352341467
-461.377452454108,57.5432550884102
102.901377741466,128.938912713049
-285.57790760549,74.2630531230898
35.0922897299024,103.742239689222
-256.066261364889,115.726141664214
-597.60205327642,49.6553198669426
-329.755174983227,104.410490049238
-406.393244472201,129.31617393576
-135.285123584486,62.0669764764752
-509.564244415444,90.7000319359286
-218.667557967288,204.482137382427
-286.30081741484,63.5095346750895
-209.105786153261,92.4245721956104
-319.013290425632,67.0120056559972
-180.459963623085,49.4579035537281
-35.4984766657144,7.57339059918741
-101.899994520194,87.2558727488213
-425.012690313742,114.316759315756
-147.162321815544,74.3099691148091
-621.492024086008,95.5417925421498
-132.591431392231,192.569755180535
-0.254562646612612,54.8982442818378
127.828814363631,146.067735924786
-236.431897840954,150.119875255361
-214.573260606667,78.8731093393144
-221.635347407931,94.1173484695682
-28.5640687641571,56.350907552056
-252.519127010848,53.9039594140049
-212.372681358978,52.2899248773901
-309.863953935419,87.0910468726743
-307.020416581479,64.0172759678826
-354.444123615234,84.022509020986
-486.4736372404,61.0851313041348
-63.0121737916706,46.4126390615129
-185.53001790477,108.45708565363
-683.041681652077,170.169465295388
-360.892407610143,118.492174956104
-444.580335316612,114.08447415891
-263.626300501714,180.129231088722
65.6068959994591,108.599101112093
-134.698372922983,92.942603026946
-194.39697663454,52.5623999872623
-95.1406495738338,122.954857332632
-175.300471217095,110.921856345565
-410.477274821867,114.281838441788
-389.864332814323,140.052543956501
-217.242692257736,187.998722613091
-716.546620074172,177.402714105876
-178.250565173221,103.946110382756
-610.64171582499,171.299847825445
-154.209578951675,87.1649092981606
-230.270506672881,78.7190462877916
-353.188624267077,28.6853732663803
-236.769909545244,120.351874816435
-300.727759244517,90.9159203350428
-1.80044239849667,103.813449936046
-268.656983255845,59.7953371760668
-195.423713357708,56.8128434781684
20.8714875780679,112.560254225755
-273.248139126357,106.928172814849
-155.648422952887,92.4290074236487
-288.901912446192,54.5475767396856
-97.1223347294435,108.540042255241
-92.1964011234086,88.2707290955732
-228.050879268463,45.7113198808038
-455.47247070328,104.935553403935
-468.486901946726,115.982262286994
-329.682875603001,186.309915902275
-486.751383454437,181.757299105528
-687.005600556469,115.636100129417
-443.962473648553,135.0636926109
-307.574225251272,175.420841312516
-88.3400800117743,76.0185717981658
-223.834626886746,170.449927846581
-221.018012248984,141.210197086853
-397.978615494852,163.131699079371
-355.369842639397,125.080315733239
-891.890214977946,69.7646599589207
-547.201508043159,106.797457980341
-450.983419350101,118.460378161164
-330.922125013654,108.565286067838
-261.806400707312,64.7850798441068
-5.66684912383789,145.034365231142
-202.8118562373,70.2010442496176
-97.1041168051161,60.5820839547378
-334.626185037749,61.2181867019099
-99.455938127765,71.7832288812133
-139.314871597613,25.9483241661364
-272.462490661797,28.7235047941213
-310.204260513157,65.9734027474915
-149.223870014248,46.5605864694298
-172.089336146521,70.569089371289
-259.740045825623,34.9525816891837
-196.062284286902,26.3342852103669
-146.802557385003,42.654129254086
-341.353548333806,44.6053964772873
-389.300838071147,110.942870954052
-294.070561519598,81.3186355261032
-250.085262076245,80.2035597070644
-197.317278994567,60.0863279209298
50.6270065166173,96.2446654151718
-69.6518801562197,44.6893627256504
-144.678730319807,9.91123012561729
-399.972102048006,145.65048392248
-198.39529010457,122.350491900012
-683.926001688538,126.107921103288
-84.3531367370142,88.058445205957
-274.317180693382,43.4410876137626
-459.882072525681,72.8901087607155
-479.778213696525,101.590165160931
-380.329550691633,147.692651199992
-287.513086632694,89.1708418465714
-322.620712251592,85.4975459026755
-324.049917757831,53.262394795107
-464.434098853169,121.983796552522
-334.694835010072,74.9024373358225
-223.644359566641,79.477211945923
-236.341606295609,62.041950362458
-193.437848730347,125.126534410777
-422.348340246466,44.6100433284955
-220.274880636527,46.0776042617872
-538.036974185554,101.321530850953
-383.58830862568,124.152718243204
-420.809712155802,219.171432789655
154.329176948639,82.6243938249245
-246.41386365849,126.615986482386
-293.029845431058,45.3664506553032
-419.693926032105,126.599299273064
-403.630181883695,145.972563292645
-203.869907045038,141.119035016774
-443.246056602424,115.654109628372
-247.038923363507,67.8712957130592
-354.176745675693,95.4845988382158
-190.407888166214,54.2455058430205
-266.472443382498,141.395342369411
-372.118936630572,157.678176566027
-371.430154420661,65.7019810765632
-635.134816856844,154.243440054393
0.283037107808923,69.7300759942154
-392.028137859847,99.9942481759063
-608.517183547316,123.414445448379
-80.411982731719,74.4582846188787
-402.156406446506,52.1674788472556
-222.290976789394,91.7963465455396
-219.683991746395,157.593203760785
-272.773899918,60.0540196877264
-243.478765925989,67.9308301038764
-480.995841062784,54.231417187606
-270.70783820255,109.949103221588
-370.636812256707,78.3583175926469
-470.504049283976,109.475826130802
-412.553306327609,202.712757070389
-599.931700275221,188.566659990378
-344.691591938405,141.461073577295
-538.580374268371,211.352454411295
-593.757520285668,113.469107318
-417.322727049293,185.736673520645
-398.412810478272,151.754597000727
-319.511314798889,132.30439468148
-424.893339869217,170.753111697559
-529.155495134706,75.8304291345353
-550.596951869578,139.115418757006
-758.662363827927,101.301338416275
37.6868011014813,158.770919999643
-594.619003573578,149.016419287031
-458.438377851038,153.345194570029
-71.407298502585,162.479774911189
-530.272442320998,62.1050712132819
-800.299205900872,118.66481267885
-156.178647155692,76.3751146872455
-315.072712243957,74.4399405537988
-150.594927785143,82.7951641197869
-128.493665440858,60.4849261034287
-306.343976467328,52.0055376946984
-181.878074494394,83.762094950187
13.4916321754426,49.3694563787722
-277.064340852692,111.112699230453
-80.3214580784843,80.372119487758
-601.552128105614,123.73106255765
-430.754764203069,146.126603265737
-328.584023683281,194.89317551842
-257.145632620683,75.2827193262492
-623.460939335477,151.081461882306
-288.550017442998,231.704569544756
-644.428781311181,170.20575063996
-535.337200681097,170.226382906098
-371.765908322908,145.697296394468
-736.544840818737,128.042130209302
-410.725320865895,189.584189239579
-372.807541855029,168.533691425589
-349.363241647316,84.8480397697167
-254.404875240099,106.264471437022
-398.826122376617,118.493790739241
-634.589999230178,170.777684165882
-970.498321234874,267.473567423323
-53.7245450991031,-32.0359486295056
-1012.74200336683,217.738667377911
-507.085286596171,37.4124689178861
-513.849357762811,79.8072280419583
-691.145402327558,58.0476319576992
-468.549049644658,130.318592587457
-164.782143981494,112.986164605376
-354.772131842205,106.216448051797
-49.2504821691109,106.345132404138
-307.934507287868,133.051460063929
-168.705157727352,47.8145821670623
-188.796714302996,16.8460202788046
-279.528640386357,95.5358986150386
-198.570911200981,29.9202797936887
-194.756616282211,49.1601447612338
-240.740500663233,46.4534434551606
-292.432053593104,107.664709791294
-163.500247509321,62.2053093701106
-262.454672713397,125.769373324743
-76.467852490372,89.1529279965325
-128.149731653088,80.3301981614204
100.054428062285,74.5518005189151
-166.298190715468,82.2758739862184
-155.92048609881,89.9896240404196
-340.145680746456,36.9064816739847
-223.257953607338,34.5446064047119
-178.449373772739,105.582460536483
175.685215182912,121.085207756667
-90.5268953527848,91.940571770916
-360.719466863979,173.144753082433
-492.262720429673,91.6250643933454
-112.898007090887,227.850675143767
-480.37141696451,104.906028398051
-561.205898056785,181.037093795578
-784.749363123643,162.848527499678
-637.209732057046,256.426159670111
-620.460237644802,126.381662008222
-276.583533600184,163.224047151547
-278.884008624307,85.912792899202
-220.620066296884,43.2365141953051
-94.0432909616939,90.7180469537852
-210.348403327313,60.8984394893232
-372.614409090005,115.129146886102
-164.933006416904,102.135723569801
-211.650238608345,68.0686857045184
-139.432799849645,38.5010592660692
-71.46536511671,48.3720668730821
-301.339955636256,49.9202858726494
-158.321537329175,73.9739168411616
-156.449572502352,48.3167679597682
-995.847430526941,153.818853882172
-387.051104893417,119.039710136276
-616.297266021713,208.646148813496
-112.397940388189,114.077299506316
-1092.71886536614,179.718615480058
-239.26598710179,192.743828026489
-368.627466651997,146.21818929843
-460.869385436505,139.866693132823
-598.772003779311,103.603715058431
-460.980721410845,132.735269879457
-424.966468621298,136.932223118725
-560.49527034349,65.4335489449149
-224.032275918649,129.542292395461
-198.89506961951,99.5697484651319
-424.269417438081,145.423267028207
-282.752452362532,29.2156592636456
-0.675688641757006,160.845433472539
-125.082380265783,19.4908326053555
-471.736339233961,98.8424348962399
-354.333896035503,94.0793858373363
-250.646114139679,33.1581703749325
-166.385311933729,64.7201458856252
-357.198799366175,40.0231890453142
-254.527783937694,115.433593909145
-582.050736145669,138.548383800733
-566.081502604923,106.104464833188
-638.382036552892,83.2255054593552
-334.282807937947,128.060042353172
-315.877550029225,83.3236556560005
-197.405540436288,99.4008830035527
-219.729051497894,76.7118014944681
-314.473264442349,99.0181575429779
-224.27452455349,75.5347891102901
-25.8119736685985,128.597168812925
-129.154037831773,162.972077623399
-342.11164736787,103.176372016358
-58.1319709409654,81.0603465592576
-319.454009101901,90.4934218670078
-203.73979176017,77.6064760909067
-382.177847092753,69.4374591284432
-445.133231592845,51.1117448043515
-324.911817389861,58.8770057308247
-221.210221505491,67.8264376796651
-296.713868172312,91.3183847729233
-487.125401295121,147.355592220716
-655.356173066772,72.674653724418
-88.9440384028567,111.112690124442
-360.516305687911,157.634126214143
-355.937883785344,142.21986243804
276.588399135719,121.193537785191
-136.633766935294,179.087772624131
-889.944884022894,103.224044294562
-445.240576438082,147.012170319838
-557.004329080111,145.021264604846
-434.954582145816,230.273418228898
-584.655606138847,65.1821048288475
-597.291299539356,113.997213636139
-254.292952700634,197.937987940611
-764.352801724832,88.3544369079827
-503.466414584924,148.014555280999
-331.010141766485,52.2093447201405
-621.276041593519,65.6271334750636
-324.606127270246,87.6021663881256
-195.870319470301,92.5385225573991
-220.190169571131,55.0045445707365
-300.839010832569,64.459786943793
-393.120260295473,98.6743946967254
-492.32112761739,93.4684305769042
-232.038750572795,39.2977267884326
-315.61565639812,81.0515535938466
-283.677119399566,93.8523246925615
-179.909357864773,56.7531830787448
49.2905505789968,75.8956071656867
-307.847985598462,8.03936359219369
-543.705882710768,63.260370779255
-407.234677502842,82.6376460264437
-192.894517963592,92.7649298275574
-84.0451291126374,92.8251861849712
-364.295325836676,70.7717476374819
-148.259415550718,62.8215919080831
-480.829042458143,148.86459465776
-242.042915233727,156.580566533128
-596.892337762765,114.526545398607
-489.919184495433,105.787797981189
-432.724933148857,138.258637400984
-402.198826242005,126.449446010989
-158.882863699902,192.532078031494
-741.988262816594,57.3547174871201
-378.548836369681,79.30588682905
-386.054450880853,126.704165459028
-119.84679109187,54.179293075169
-435.988191868804,57.7136091718057
-489.43798461702,129.592693440645
-607.555135941773,156.437005174783
-242.349288314017,46.0519198395923
-190.52095163153,114.944396322011
-602.508091793003,92.7124030294217
-348.562773001759,106.843873036734
-248.325937852656,158.449165743979
-164.605881422744,66.0462404601276
-105.480697730578,144.942190036913
-267.459651428377,78.4979739652335
-142.099128115078,115.214185282792
-486.055398096389,121.637143244618
-469.639005396806,83.3339032595286
-190.32979752449,82.9916051269829
-144.614885159142,92.9125156786467
-316.811616146922,53.0052027057391
-195.69031312163,98.7726142895626
-100.938053090707,48.560878998469
-182.686622501482,75.0363007902342
-277.28831143654,40.1931648277823
-150.252730266555,91.8880530748647
-96.6300607044104,20.0567896981865
-381.389382580783,110.505922311262
-206.100683027017,67.6924741562834
-105.01320038343,88.853876147652
-106.807988136876,74.826226780624
-319.228071161069,24.9184579467401
-176.286664467465,44.2185505598609
-172.984943380892,56.8899472784251
-197.951830485807,41.2847737511111
-439.870539913652,75.9450097836161
-250.820144465048,95.9220975461067
-257.132039010321,191.966852245554
-333.25718117191,47.8139938706445
-99.2545658094605,100.192719809624
-171.176574273302,116.495878427235
-553.212282626249,152.989402558189
-1196.53333237337,127.908149596798
-505.117652459634,185.193915248063
-1078.67889601449,220.587083122591
-257.973674713772,118.765696523624
-590.732473342126,123.092402456794
-307.386432679989,71.4493516304356
-72.9822284384427,30.8227977453062
-219.781245115006,59.1314446993929
-52.3046394875055,40.1985152963025
29.4160957801505,67.5096072799352
-98.7677559170479,35.5011272384145
-58.0586275832757,31.3371460353665
-66.7185668121092,42.1924431457956
-113.251615464649,36.6072681250225
-207.301943559862,89.8887665310758
-355.120227325635,57.9365219831816
-180.242848456051,72.3005151912803
-218.666633152607,78.5519837121738
-460.353264675214,61.3983970397094
-535.389195049327,96.9199518862006
-173.699882997655,63.7351113677432
-421.225048463297,91.1873468078556
-609.501437328741,35.559056378188
-133.991626750096,79.5403653856629
-82.5783455393976,24.1112450347355
-274.769063856322,95.0578782000812
-172.054077926499,76.136433944208
-398.571735550948,76.8279345117335
-124.728054474341,100.859312526227
-444.747958663203,86.7016009715662
-198.162591984197,99.7527473763475
-181.944200076105,88.724678990664
-182.863747519983,95.9919219700132
-154.550954773175,21.7755517131045
-310.342860100267,61.0842038899937
-280.779852472639,58.6140001631939
-172.652890866928,71.5752046090638
-96.5883142009261,63.474064013084
-123.721912724024,84.8008872401842
-417.139172627038,76.5255673578013
-92.2549154373337,140.482794449403
-414.527072434954,104.501859978322
-194.009911475179,123.353338551253
-269.979330301714,123.786694338443
-266.217934410837,47.0305465659949
-397.052921398456,130.103914397989
-282.723294625277,65.0162011766224
-98.8916247831658,115.530613702984
-164.082806768412,127.352839156712
-589.471698750451,122.945377433382
-62.2087165017583,56.2987683441315
-195.117052771158,123.070763622411
-254.272484114312,75.2716410310168
-235.524486211172,46.4250489393016
-408.117897382937,97.554879250034
-293.406090952732,60.6459230987284
-641.848773549158,42.0744426363726
-132.939527567796,179.049493580125
-523.663287805786,107.521849421406
-168.480018807789,140.561937659193
51.0768498598773,112.80799719115
-397.638940095509,76.4689099868265
-39.1980402835165,129.04629218264
-419.404020241727,186.303900439019
-1.94264845341968,83.4586060409856
-305.93154833388,175.96787999307
111.468657582696,73.69438103844
-444.399592640024,110.450900213007
-10.239903300142,49.291522374755
-137.875837596337,43.6405112479515
-473.479498884291,121.828480555138
-162.19449498557,167.210695143549
-147.275892600837,147.620377466337
-853.215881317941,151.851168166497
1.19425269863859,127.197189809467
-75.7404687116505,141.93027403885
-543.339222361268,130.472294865438
-479.860435397146,164.802729624062
-470.18237239295,54.3024872665355
-216.216149845732,220.555035954676
-730.326548287994,213.358219745307
-823.705863704541,157.894915379671
-354.557564124203,107.271507789032
-52.2538001411594,101.272643468859
-482.529080227047,104.051155292016
-199.075923562123,101.670956384864
-310.961791520909,67.5864451240632
-154.252719618078,66.298239191623
-402.337390102817,95.9755482981163
-527.867425411794,55.0350692005959
-248.013353588365,67.3751900000461
-406.067725379136,149.152896242595
-328.265854701503,96.7903451531893
-221.569164506829,74.3447946197703
-254.889823496429,83.0686498359315
-124.619567690002,123.804774493005
-222.039357488975,82.0987949796254
-469.29412389901,64.787380883412
-433.530609471694,15.6856065603206
-316.11681676795,180.29895888755
-441.13085229593,104.368687842769
-366.767141583594,123.232776260353
-154.101636123669,228.315873041793
-395.23916115256,179.238188947609
-11.2041885203071,123.008080578744
-314.714143621241,14.0417556716275
-329.07666233601,52.7263950010674
-105.361254105519,70.4243332933984
-247.863690716709,121.08341542628
-723.790340582185,120.387099200212
-130.215899400533,121.293148077879
-611.30488192202,179.303862556466
-370.068754866545,105.105671916011
39.9067219532299,67.0701925028552
-558.810473390517,162.541749194839
-365.769842159607,86.943674834125
-353.619717822334,89.8731498646375
-162.951623819128,194.653937850991
-238.082816692331,97.3514545051876
-523.228042626288,83.8418769606869
-246.505005911633,121.298106914692
-74.6115885579093,81.9443646208529
-67.6932899742678,69.4396988191584
-354.766971238292,88.4128669599886
-159.857539897326,74.5271929241163
-274.594902626734,161.408202062594
-558.480491002774,57.0175407641364
-328.182329950301,72.6947475718916
-314.147394412037,150.192697972379
-253.397536876699,84.6005670612067
-337.479031825802,169.317390001495
-368.471054565038,113.339336137316
-163.044037242682,60.972549485683
-418.712860730666,62.2797784350405
-258.021210954757,12.2444826367573
-163.637490496389,74.0535188935319
-670.294185222352,58.0572727819235
-356.448401283247,89.7488049668318
-135.609850425215,23.6168207105802
-220.95384703856,99.6090632002306
-80.2854036584613,107.253510218419
-155.638250968594,68.7292476169521
-112.769240192145,101.223316595852
-170.895206450325,57.5152125960158
-246.215984059123,27.4719560639642
-87.4735920093954,38.1635216324357
-51.0108088472334,30.2705856817229
-253.035814598377,39.4853674033238
-142.297736618086,59.8730826003739
1.33413395711978,16.7101054575032
-39.002518915484,33.5181168435956
-63.9959964711525,39.3544263127842
-137.057845492716,60.9093367077876
-54.9476246094855,42.8244054803799
-113.420019621117,21.9755927004007
-54.1574495123205,31.447757064976
-57.5387012709107,17.2612130766211
-134.940411660835,36.3480762852705
-102.082923410489,43.1031226424238
-104.71733448979,34.3723712920037
-134.761966023485,61.5410713394376
-9.35752434252936,32.6637105020345
-115.245279794966,22.5060649912921
-77.1591374617055,17.5787230861315
-70.4849564460164,38.1644315850863
-117.283569965522,42.6744627945009
-30.4901964316086,20.0081203632944
-93.3962562186643,15.5428273764592
-46.815996956313,24.4155946067622
-134.389974009071,20.1786545547366
-39.1566813205027,27.9165671528463
-45.5836674610982,15.7769659011246
-59.6103233682443,32.6970862397211
-36.046197621039,15.051241868583
-112.009373327019,30.8843996594114
-85.5613400168659,21.6160658589797
-55.9107361974311,25.725899726589
-49.5663785609795,13.6691206680298
9.53190750669455,18.8251920343318
-57.7330490771055,17.3257260772298
-63.1898919271698,13.837197467481
-76.3282648362656,28.1723092026514
-32.946413077334,30.4927434632227
-37.4756980520033,20.468833920575
-85.1994945329643,31.2544165722356
-107.89561115679,26.2590143709385
-123.229818203639,33.1024610233435
-31.5789549282927,29.6635413485055
-89.2316421491269,39.4332499958236
-236.822638112644,37.4797155994802
-17.9890088223037,30.7117954207788
-99.7572777176392,29.5147097822046
-125.496846999537,41.6332494802555
-82.12257916003,28.4084380266722
-175.636421010973,28.4173906282467
-113.50380618393,39.4536077454577
-60.640544176722,27.5725232031764
-2.48710776057851,27.2838086803386
7.53268129183562,20.9814336293493
-53.6749795600917,51.1700347015867
-33.0702939826879,27.9593523626681
-74.3485208130733,7.27417609177792
-52.1063402125001,32.2154585684439
-97.7109912280721,46.2058531112707
-84.83298802442,14.1656488566077
-29.8043037011521,45.6349216702802
-47.8481993682071,34.9825210445388
-195.654215499855,43.4534003561348
-222.25559189156,26.3070805072839
-261.491564779106,36.2389282074691
-288.789967824734,54.8517379315163
-178.973637461982,44.4674120906275
-224.142747817961,56.0328599368659
-184.187294682051,43.5672127436264
-204.52364075595,66.9703285783107
-54.5945095840143,50.6411604361929
-137.817928734919,74.2878922155523
-253.113652993226,111.815948032927
-339.453796205366,71.9451162048499
-27.2978622816572,55.4982189817383
-225.013440835613,82.8137476481497
-473.646037762871,58.8960906669381
-207.42144522391,81.7488854997791
-154.348752631166,77.5684068957053
-192.211671161989,106.989943376759
-113.556042226672,80.6548800845703
-118.419816231179,47.7024526180976
-198.151921936995,54.4632208491385
-243.346239222396,95.8127836014428
-58.8860999386889,87.2888336571814
-827.700044190191,107.16401526038
-386.97638299859,93.8629116534576
-107.113201857337,96.9070463896614
-408.153618487766,127.107377012115
-244.08018584604,52.3105367472399
-288.39206883213,122.575109684833
-240.24988510189,164.004463127625
-788.139644871757,93.8503691011283
-243.484362809046,112.659252935206
-862.858416315459,222.640153734319
-421.278738212794,102.924691747525
-227.572572113035,49.8933828799054
-228.855413670506,70.3804329798149
-666.128181220585,207.555341048428
-431.059438156255,102.357715204416
-357.170537834929,176.087273224657
-572.170742986626,90.1308766170405
-217.32544170379,143.246277563187
-1035.34043253288,197.232924465046
-428.97240220831,127.545613771203
-441.045745956653,61.7246463478368
-714.861543998944,69.1239599384135
-421.787197406971,177.033477510171
-1155.51509807599,124.280189335317
-864.383885808697,135.626676712112
-576.667172933929,116.284067879606
-170.616832970332,113.953230860265
-454.453859135152,82.4419249137281
-71.3325032343491,179.295780165154
-377.401231600983,230.158349921881
-38.1277552107986,54.6572488584971
-233.150871447549,99.1761686267891
-375.538918409147,185.775002045601
-333.327694704814,47.572297057719
-213.20266737973,100.805059381295
-117.302834738774,94.6802274780202
-377.191909749585,92.5001570998866
-202.605286696562,103.418605407482
-56.0251940458111,14.1421195691146
-197.056902425771,42.4370818384923
-42.816888902822,33.9896193951718
-119.778154965548,25.797305501852
-34.0176275605918,29.2210785875213
-40.6789504733169,21.8914595035603
-95.3473992654617,18.1226161657687
-77.208210046927,23.5479658561817
-42.7532001668806,13.3122241767414
-141.577973314823,22.3829051444482
-111.167681452462,24.9277594189334
-58.5618241847114,23.4429412370082
-87.7521600961336,12.9101805935643
-55.0798596683599,21.519997513562
-86.1482921621937,26.9476737042132
-107.053417653675,25.7962814163097
-49.6210681377124,12.0916530125105
16.5839990982749,31.806710199744
-97.4636935248309,19.2110005479335
-175.708828597777,16.3584040367787
-185.198848479369,21.5193886963643
-125.493650215922,14.3896179999865
-74.6131745921193,25.3129313453683
-71.8692434576751,18.5831039971963
-64.350686957041,24.75465095853
-64.9427492602772,9.02915607750765
-57.1986077689653,17.504285917239
-91.6233083544139,23.5737872925674
8.27361636389105,12.0056389902893
-53.7959513005335,31.8994162159206
-148.886247513699,39.2031321658142
-70.5020977505919,49.5738951588573
-65.5150459882279,18.5436381822174
-119.077055428825,-0.124772335294892
-76.2371484305113,22.8633441315615
-110.530458989324,29.9055874677097
-24.8877562666021,28.5580879706977
-63.6106071099421,18.2374992860641
-109.788908823568,23.9159228080534
-32.498213597195,51.2244174099833
-112.587652311544,31.1020435296814
-83.8376219231504,47.1878738154628
-161.547902072838,61.1492733923078
-256.864081130298,34.9116528216982
-87.7015528098273,36.4307993087423
-42.1468562658556,52.7387492415146
-141.732412938592,57.0262884196418
-218.505021176193,56.4655161644914
-132.186478155141,39.0019650758113
-121.096837973018,70.5027741493832
-42.4127396888871,50.9397350577565
-162.91839578854,31.1024485124799
-102.064111148022,31.1813764832914
-199.921314198364,85.5644202162512
-87.6640296924597,60.7620505389968
-208.036418324846,99.713758700138
-129.096977187088,112.10666565765
-124.842292638263,175.622384458475
-189.140775116597,107.510093713601
-300.051566532828,185.306760243094
-993.115718004636,46.2032692672283
-833.333611770719,146.040387153043
-618.44960668499,170.546565297536
-396.501430907763,127.740955053829
-528.309618054394,107.65918441223
-806.506212282809,138.091291233417
-572.459627865494,193.991135626879
-503.624182493062,109.848069747895
-286.458288545298,89.4751742790977
-667.188256279478,128.014941184549
-321.46336617152,154.923947333158
-570.480197910452,225.544241392799
-376.080243674893,205.421485599363
-790.239997088909,152.86234863778
-157.852596682467,160.367652891611
-581.421338063417,71.8481582785316
-426.615392623313,134.077673392185
-415.825669697486,225.346883068221
-332.90182597877,125.302859816205
-789.825108812016,67.3693019309626
-18.0959374754166,277.365012583861
-395.678875239617,103.84402837877
-439.474267635604,163.385697580146
-252.4723658164,43.6776191187237
55.1170053102105,51.7091927740857
-229.819363134346,45.6767937885888
-221.094951966748,112.226124253793
-768.436603402966,150.344558386278
-479.409130406981,103.65173638158
-792.083260413779,71.3530847744405
-466.268535796757,199.919415931996
-265.826266015312,36.335219628716
-463.928705579077,203.26657646682
-290.15001872072,59.2873915300588
-212.868510836008,74.7901412464562
-216.205750372348,103.764140114123
-317.060441560217,114.11897114398
-100.654454073021,110.954957751732
-547.302069763922,114.689581388027
-409.653019671332,162.28295845817
129.799530798162,87.2929038494985
-180.588940083278,120.06573795785
-401.257292791975,71.6416131758515
-108.231379972953,67.5896936930221
-332.508307247372,73.8583958145609
-1001.0413419527,77.5939463518662
-12.5541741852903,37.3513868468312
-424.712891157411,86.1185682173818
-581.592347680911,140.988014373739
-44.3156377366395,133.24819849648
-256.159692057554,134.430599419225
-480.179122211499,56.3341954822827
-194.017938016346,94.9204596608251
113.03035085657,130.66721720669
-342.647219848268,57.9301651004062
-161.412773246235,103.826723523292
-181.635923421214,44.8167581786111
-395.307424952451,54.1594808522059
36.5868658692343,149.922793003629
-276.557639202976,205.404082879972
-257.01933591114,168.150557697671
-750.413526150878,77.6897561181577
-179.389289453946,77.7523831501858
-191.697951748807,70.6457453882831
-453.254655593963,125.882651986605
-385.044451899535,57.7154781477002
-241.198206172747,108.316344572188
-258.28344481111,117.423785002786
-230.146660868715,74.4933880484678
-248.816686786377,102.969013542934
-127.05126933533,96.2858389788307
-319.870166450215,135.470232747475
-187.815030643564,72.9215601147116
-130.258273025793,83.7382923403129
-93.5525710606307,26.3086138200815
-237.619825544738,41.6264432758908
-113.435791616575,34.606180908333
-111.941921321326,44.4932790598978
-112.844101211958,30.832979767838
-3.93277050910274,64.1327567878034
-293.734502098945,32.0139750701055
105.439985945166,72.2101839993375
-120.025781847144,76.812115356006
-186.742354140937,60.2265213047067
-413.653412463202,104.008605071955
-173.691075744624,49.7309997447373
-145.414471472221,88.7846255073382
-156.988365466197,54.6663510708458
-220.090185293418,71.0620036000764
-117.900765818427,49.6878476526181
-202.781007334328,52.1789278025699
-21.9660744663461,27.0380948758684
-375.895735442988,82.992866899127
-105.548511080575,108.625725968741
-92.8565192995541,60.8510301762581
-101.409287831822,55.8683329803443
-93.4599246039361,43.1527777428855
-159.898274183783,22.5645658781286
-279.086958438813,69.1551147227201
-250.808900056174,19.4291378167691
-377.490150264668,60.0788584397815
-304.366746990476,53.8992242732784
-446.823005114595,100.902290541191
-382.429726765422,105.942784336497
-407.008946954506,136.094016240968
-496.036422813297,94.9278968530125
89.4092781570362,87.0446334821681
-186.336754534626,106.963141026441
-259.521633340836,46.1510511078013
-136.995334732623,76.726673730951
-41.5749002178491,15.7020877019677
-264.024625919323,85.3947744985489
-126.846309486427,56.3369644276027
-231.183178405932,72.3982268219988
-228.526027285465,67.9418315856819
-195.059752858044,68.4107724977439
-228.463810896428,72.3067177741323
-122.489402957744,81.4798833351306
-153.16143591129,53.4858617707505
-279.386225506416,54.1666000319965
-428.042939355488,94.7095206886006
-287.332039293986,158.091465048677
-657.321804620507,111.683455139137
-294.637365234162,180.767042287585
14.6446236875781,115.741064322123
-321.071257782678,86.4561110328068
-404.657405800899,151.932767391016
-822.445251165482,73.0004060253268
-622.429608327817,132.388535802456
-215.00147829263,81.2127446361192
-709.172448004851,126.060589196713
-1135.87326253949,204.957433481817
-734.699379599508,116.931153238373
-339.689325716681,121.473580657359
-185.554962243637,20.5575272269489
-307.486558381807,57.2399411263032
-196.88962028164,119.677583602343
-360.689971161628,91.7790147928172
-50.4106430976099,103.01376728739
-528.769674601732,114.487541527586
-114.060312783367,143.56786382799
-261.243063220903,120.022971574188
-299.314310886184,72.0130957783258
-449.784180416231,103.614286499651
-518.430141320539,27.3170591430098
-991.997995280763,85.8363692770363
-424.611279618532,58.2990169299155
-260.65081034282,144.611108580822
-318.111160916644,95.7939790389501
-382.861470066688,107.567984688925
-128.779385307531,131.273239557948
-676.811583511611,139.974703021791
-336.746917113007,172.93290296496
-187.254095615674,122.796702955908
-432.432229626087,92.9941672387504
0.979919594916282,-3.4634869718866
-464.438575565251,69.0323613626751
-353.106769148275,69.399569521418
-257.309637505503,50.6275931606942
-3.12977657088777,109.931729911334
-273.436710314463,107.748048660724
-414.050698835112,140.078463216334
-316.095120829996,156.929007431569
-107.452254196291,33.0242685480916
-0.35515755423512,15.432686256725
-271.430650834372,72.9844463602858
-284.18989676096,60.0837981888035
-291.355951323443,102.878541121972
-91.5850473083701,73.1053304644302
-291.607313959283,55.3305743996025
-162.922880994833,68.1731308965609
-239.191203987608,39.276396704372
-189.006580019872,38.2226997173857
-59.1507094312692,32.1908863723875
-83.1847939726722,83.4306781560881
-99.5140406045321,25.2750112274152
-224.327742529509,53.1145481260901
-165.254465881764,56.1469031171146
-443.319412631245,37.0159735416164
-164.834668119656,46.8612258282665
-263.502616397011,60.2795190237521
-641.39050338947,63.5728201505117
-636.036064981716,139.610585587623
-430.18217985981,138.688969927347
-460.641093783848,49.6138176902896
-25.3991505843733,57.8770948582678
-802.733000035565,218.596774915699
62.2406666241877,221.430066189306
-1056.71859687135,71.9331385786354
-543.761595038503,177.166566841406
-466.127305121037,76.4435616730188
-148.777286902725,199.504437809839
-1134.80428565378,158.367009808455
-385.271379415382,62.2835524148541
-429.537271481597,241.820992547888
-294.623857254664,153.793839088488
-407.056902742537,142.974165519772
-378.80042432429,189.025067891056
-286.165126400825,150.796688204253
-640.830140043445,113.616875746859
-596.090066217177,105.581267491041
12.8774785716087,160.450245373882
-308.857491850911,126.37311802118
-442.584652754565,95.0421649032505
-15.1868429734823,93.0392409866763
-529.837209169447,65.2600970107596
-507.490313393815,76.7495401495689
-384.599734842428,105.674898062502
-418.591577381376,111.526242026477
-557.632923567362,88.9546730295988
-684.109194741796,121.429000233554
-357.296124760771,34.1388952958514
-179.670199645818,136.131028515327
-191.645036847316,66.2068099228345
-596.261334103212,226.46235441984
-502.511502432819,64.3978590745537
-487.96160032216,91.3786606551002
3.10075216653695,58.3317715592348
-303.173121266191,147.121074877601
-584.25728315278,108.717627833488
-263.793099798789,75.3226860773866
-67.0080296261294,122.603986741979
-201.388534742655,60.3710890181828
-148.366820407988,52.5263281523657
-189.774500822648,52.2145795352262
-250.084599096517,45.1683458238986
-178.836784226014,57.8222079636762
21.3417662487482,60.0524161756839
-243.468050935364,83.7630779793963
-476.612069273731,73.1036451832333
-330.502610926007,44.0924731120031
-122.984749288822,49.088242456186
-258.067828541331,43.7401779478387
-24.4154172640119,64.5957007341494
-211.346093106666,95.8578278430214
-171.787935975262,24.0563893357321
-214.856933924049,51.9323483337648
-184.11911750499,75.7010618116183
-222.792526914098,73.0614674917788
-43.2063513340418,31.9459303592266
-125.62159108024,54.8743278505499
-184.408527765307,49.3498633729178
-238.04345005739,95.7774058661016
-111.299754675478,120.040774035704
-272.428070352038,32.7312461529073
-150.333801461384,75.8048604800424
-138.966109792117,67.7772185927606
-102.908704960006,39.0058656404581
-60.7203020448214,40.0546439417667
-312.324950987662,92.8088660420326
61.0348589740461,106.711148728896
-107.870134285382,88.4482178591425
-220.213081349721,64.525854618616
-163.876516103803,56.9819189960836
-153.089566565075,75.3644583734858
-105.945442658936,34.2584207482214
-221.342013951391,25.9202325377173
-72.7771480090742,68.4595275726715
-91.5488233545911,40.3503727386887
-48.31182354661,100.632044352998
-393.492892831811,78.5170511503889
-329.718695124597,119.222260972718
-82.0144190217106,131.213859501069
-102.791075262125,98.1644102094506
-290.736423688737,155.975593202333
-314.840078618872,128.583672052686
-439.170609100547,149.461881588402
-230.273052713193,111.059650568161
-137.123134306457,68.5377918099402
-181.617167631499,36.4681489145005
-156.633212844783,83.1211704765374
-270.790754277434,49.2240104534721
-252.459032598563,67.7946433834877
-389.537871107052,87.375494015665
-630.190645090101,62.0714522188628
-224.377641983694,112.820506903518
-317.639940863402,117.265537186118
-0.009436054417165,60.7330643149035
-75.4636069666885,121.171452198636
-170.957280726623,122.616611146262
-35.3449675937882,139.826245846518
-665.981461983487,110.560613480338
-222.386698900751,64.1700224439701
-203.464890526753,89.6207259688235
-246.101756451011,101.028521011438
-20.4232353410334,166.931422457381
104.141593625456,158.898849185032
-561.020000282606,63.5050483301457
-368.270666685206,146.728960556615
-372.759445219446,188.314285954082
-204.095213200169,99.5955159339501
-293.748118517644,63.6002343991422
-247.884853271564,44.6854078775941
-151.736009056091,61.9676133269095
-140.47306575004,60.8798370756831
-101.111781970591,70.7512921484886
25.5332731658273,75.6424217629774
-206.153815785179,96.0026396137837
-64.2566048912647,56.8980161476175
29.7060628983891,33.5696019171155
-337.234069990562,52.482199876089
-132.840784804419,40.0563694204102
-235.28110596976,60.4233667993612
-69.098838528007,30.8614667293587
-199.037120006964,38.8264907567354
-96.7880213271128,24.2250418271942
-127.0889048299,36.5820259943794
-79.0327703675866,27.2607901538722
-100.034990142136,31.4258674042649
-103.698510748782,24.5563275265595
-111.072813663355,19.440361520672
-113.973839514174,31.5694479520971
-183.236744369373,40.2184287704731
-205.174146688092,63.9760263479402
-203.705858234724,59.4369906407592
-291.194875054978,55.0880740527937
34.9190316390959,18.5270242067345
-157.64882053202,4.87453004898998
-269.210496983578,52.354912262148
-206.105415213766,102.23287066241
-176.549353510571,41.9286559453321
-432.578909274554,98.2624207400513
-238.162351738371,99.5883310653735
-282.735885721826,159.060866633685
-205.883540995677,103.914248686619
-270.287592799796,37.2151211335804
-450.491153954317,114.537688020137
-351.594286197549,26.4595449026383
-149.918096791371,39.4207834982371
-125.531447904565,58.58739746832
-396.228041926443,71.7458904312316
-96.4946324496541,27.162652070896
-451.973662070814,97.0121868274146
-404.693532407502,154.567244285321
-442.852506269519,76.7844923800294
-604.975334238141,105.426055031334
-338.009911916626,135.867754885832
-108.941265784459,78.7324936331843
-305.224746672204,60.4523026794504
-414.7094064294,54.4185251042363
-548.422541809385,75.2300591720596
-320.57095397111,104.334636020372
-346.664116168065,106.30539218062
-362.848130246755,100.094947286481
-265.517213959698,59.6934465317337
-391.20423879852,45.2514916194777
-507.005646831632,113.757700147173
-452.886115468889,160.601972068733
-22.3886478010463,103.148199488865
-165.431411159327,127.137189564994
-304.702004600695,164.691402908968
-224.092799357095,54.8670164762007
-280.408723455223,75.323255868323
-151.531482882136,62.5299273980199
-310.24349097097,72.3267762178548
-120.512666591854,35.7268327897327
-364.93170407875,55.9566827090457
-63.2129090081653,84.2467609340092
-352.087814652536,109.332871794642
-287.222063705431,77.8477027091139
-61.2044952040615,88.4727395004302
-226.702404280251,89.1919968961738
-148.446317473259,53.6905214197031
-188.005810852559,75.4234333647764
-410.609592830442,76.0998162945325
-300.616863597366,109.000348646579
-130.426337455719,53.1390177471476
-111.970700287326,68.3650648482726
-44.5095364125955,56.5740115689405
-342.994302975683,83.5210911201939
-77.8052513461807,77.3330107107536
-317.316364066151,70.5279807414045
-136.582316732281,35.0640462491256
-220.035851094697,75.8272365180455
-561.554631105282,57.6332692967499
-163.846618770156,49.2034203778749
-254.476939005704,30.9789308748295
39.6001499161503,12.5440400497173
-213.120976306134,53.9921203923586
51.9522770327603,23.0720784394798
-102.651552301999,24.8957530821572
-383.930414148403,82.2733981869263
-160.9902494954,62.9760942221064
-265.468101853214,16.6671239158625
-108.214403906401,42.4124305832374
-223.45883119005,48.8736125980067
-221.476541994241,58.5833459963324
-125.354352981198,37.2315294828113
-127.861406301789,24.5897071320251
-129.64423534993,34.1131468565909
-81.1122959418681,35.8494003083906
-69.8043257295576,24.9109856503856
41.513950718363,29.4400160483783
-119.543794543992,54.2410457907536
-237.023160813973,35.7299440987554
-86.8696251653023,31.7328916382539
-198.863098029227,9.7314764063558
-4.81004144526787,38.497484183099
-7.49236030878819,34.3556160769185
-80.8367505116621,9.50955237510789
-270.45481070102,57.4210008501032
-664.807344457993,139.350926075917
-560.80053377956,70.3951534815715
-683.64732597078,127.390153492721
-907.287430751534,211.765187326375
-166.394207589088,119.219816238983
-1287.82004964825,179.791293688057
-263.89366992857,196.801714388072
-418.229155034904,144.88198337197
-411.185918161122,143.493743551226
-773.023661976185,125.54125208832
-389.362224561512,72.5482268226551
-616.483965062333,165.551439599692
-595.575626187318,104.865896937714
-475.154501667868,115.979729337399
-206.842761699925,184.088690794597
-747.817654157217,155.512759534075
-179.150524900499,48.9938194532006
-259.248884927161,112.532779876135
-307.650384509077,92.8019628591719
-172.057678847632,61.1342723094276
-182.045248643204,135.07984100648
-151.588098255626,45.3858848340606
-226.367163099916,103.029003374371
-161.381303468646,41.1204759881293
-177.601358082142,97.4953282896058
-231.03331231736,83.9423670597753
-353.009493446516,85.1914669278194
-19.4863960675066,116.170677777147
-408.447991066307,167.300353764665
-450.065829142768,221.172756137817
-165.404569376085,118.225315684467
-369.072392238661,191.724703728949
-287.118327922741,126.88117065953
-318.189023813757,108.124581763579
164.146028083094,32.9561237034613
-332.734929627244,100.259650365864
-320.494532078068,61.0320148334022
-55.9759587981534,106.18193189989
-392.99148641777,20.7696219175414
-171.109636752517,131.332056057956
-722.622280745592,197.638950661407
-220.822178005066,115.817358000376
-318.052214325624,88.8619620299723
-428.914685094409,172.188653818157
-334.061259093103,109.973573084368
-362.148270921811,76.459471413662
-526.869166045497,153.44444748672
-157.720195526083,39.3074217428657
-716.50146891101,148.305884105939
-258.521975361618,128.406638003129
-473.993271365616,96.0644887800881
-580.797377358482,156.917207919396
-531.34533246918,155.047982221891
-349.837099408032,61.8799415699687
-521.552347927121,152.477913745053
-363.589831889054,205.767577459206
-33.9093642468652,38.1425689168773
-214.690741715393,121.193842782348
-687.006578233995,71.4112568627606
-415.675556649978,142.16388664316
-378.857594406254,141.58443766048
-164.987093313393,123.27111460474
-27.6420067659419,133.414929684848
-792.101188513188,96.494510720695
-434.089982654768,153.770883574834
-412.294067763971,94.1607626075111
-273.833014712072,132.11143561895
-245.022730158569,119.07647358211
-6.87586639959773,107.425548440631
-636.52741060355,130.685776405226
-244.64594370898,65.2416861527017
-155.644200346949,112.564321433822
-638.95397168331,64.5147895205737
-593.991453182083,83.1152323819097
-419.833078080614,94.3954951619671
-716.507322570447,153.27672571376
-520.178140879696,135.778794300131
-351.081106176993,168.105382971647
-193.866073105368,177.644634153607
-587.257794548095,105.116306682452
-369.429006641287,109.159667650922
-324.667591594211,99.299699728952
-400.398325274145,116.594580174677
-233.72842790711,73.3693014107557
-564.816631608017,100.062994907339
-428.143977617998,93.1030463114002
-350.926950193301,44.8786381462014
-212.68679963547,116.931777466467
-127.754041207692,62.3520244694846
-268.922101820295,89.5947650369999
-522.587503666786,112.646974519681
-31.3393466682537,121.530471199891
-116.586107332318,224.461884186429
-438.109250392808,97.9210759109465
-444.358225085743,13.4661498554233
-240.3243153461,96.046152056253
-247.81852853598,68.8708145143901
-474.416581735604,103.013822767258
-425.228864040662,65.1037893698085
-306.92216847997,131.689235850266
-195.717924014345,70.6995720556588
-289.60357979338,81.7953950302908
-343.971660715528,69.8588932348648
-140.613352616201,70.9347666611429
-133.226216759918,112.84863313727
-568.780225338487,46.0545637313335
-103.599344532355,148.631887079886
-133.255199272084,110.729155262103
-334.934466093313,122.628597522271
-243.410935411983,92.877267025091
-596.429278554919,156.955198542167
-322.535621453571,205.003210533352
-605.361678555219,165.671202496842
-372.822771476458,143.786297278661
-494.803741972646,135.946902200871
67.1309275931999,170.675608279082
-429.674431167492,162.111154087499
-561.818322352883,59.819634770276
-601.748199502297,199.08843412745
-265.841190174659,94.0121270228701
-592.862574983581,49.9047916810378
-577.833498196123,191.559378986814
-274.506458080345,105.717261138409
-1192.91215086014,153.091147325089
-31.1115949954183,137.455328882323
-411.56563420672,161.549870338844
-615.962502630195,126.152390950112
-837.658791993803,170.496957235067
-628.393237189794,62.9151685056786
-358.416145114808,132.281145768983
-108.573660869944,97.3057011459605
-250.214992259345,58.1787272539077
-187.876378329063,89.3847394315017
-218.581854276257,81.4606398148389
-135.429646307763,88.0429906649224
-242.929606603691,67.9430989536868
-282.615942170756,69.9079939671301
10.6781276792462,52.1664709153847
-96.429998672902,82.2267153281791
-315.850895924188,78.6467387649609
-347.827071429783,29.992780560191
-121.811171902164,48.9563971117896
-296.475396584516,38.8814409617698
-164.780747581341,35.4385683146247
-300.528329987428,43.7273984944741
-360.109957269655,26.9698686785414
-197.70033759577,79.3582300339331
-152.342857182695,58.6254156702853
-271.348523549299,38.7504493454544
-177.742470662051,33.5837438287053
-564.603984634014,121.006252511586
-376.150484099664,97.8567431402926
-308.854824366048,122.8036177842
-298.609846069507,82.3022691753577
-566.052477771898,73.7256536477798
-659.279489217937,124.826497475238
-434.904827636878,234.806399031993
-681.563685358207,133.201833382604
151.282663311053,247.395855282266
-198.999331993749,163.335941107187
-510.916622380617,135.350791763731
-244.461731914113,140.376362157578
-656.873766672783,134.030779408393
-416.965759731418,194.801630743896
-271.725534638914,93.6773489597326
-397.953143608673,39.9657951452609
-505.849800981057,151.039471780561
-235.840806374443,89.491353092686
-252.728594085551,133.209339204113
-464.974799603593,135.930496950736
-240.177662451024,89.7618318176683
-361.376071706822,56.7375642644074
-488.43871524617,125.586853552129
-629.259131438299,94.0552174503973
-847.301012330397,155.380292609276
-504.221820895706,91.8323304300939
-350.828249485821,117.032480413152
-861.382385968929,100.200570747576
-26.1909200372902,121.2921637369
-729.117838871822,84.0291201639193
-329.264082368252,67.0953205207043
-560.865936786613,41.9134825415094
-404.204491180193,87.730211592323
-270.74566531866,71.0131126480046
-182.162574918533,47.1395533184696
-338.103596108791,56.8081472296831
-15.3313017044275,107.747544999285
-210.273599553155,123.556544965417
-216.393951663078,70.8569287309947
-397.028667029037,146.963929528512
-584.652246172976,112.84563031104
-206.186083744338,67.230641136237
-75.9643450101285,90.2308648051667
-379.059722685764,109.93292048767
-385.05169714072,124.646377759927
-230.302036283334,64.0694393188023
-326.599394308756,128.200528260601
-214.579289427509,159.339254046761
-483.156029749338,156.277001724171
25.3980870402956,85.8316206103482
-344.889896565182,95.274600093413
-311.401235408062,109.135005102024
-370.618328768684,107.940820180345
-139.811009081095,74.0117403988697
-426.240224128895,64.3891840002616
-180.708706273683,71.7242123978067
-856.243336665917,144.737651086429
-486.672065447186,132.891240695961
-244.241067411958,61.4349913794722
-328.936677825928,83.6650951558186
-509.331306690059,204.271680679842
-290.071646450466,64.5861246919449
-430.363635406782,149.185901879981
-396.636506732728,165.801820912748
-515.294697155943,161.596344537858
-183.201660091228,31.3387296237051
-406.555158132047,117.316014686425
-405.575601892662,70.7120554952271
-535.743534726265,75.3609986666415
-303.961819249584,74.7921032901588
-5.15573646423218,88.6065634759798
-101.589985718063,105.178819736058
-199.217673849511,65.3816401729214
-188.11723832121,127.605430352101
-309.663302956033,79.2833836262798
-231.344539932106,166.4818999251
-226.55778763118,79.0188248751656
-158.308131692422,47.8425961047469
-243.090852355017,86.8942802150559
-648.221926872051,80.9940331484831
-389.085922582582,47.0557096569974
-81.8341927225993,0.316590113550774
-235.68988849275,132.555340923762
-141.231991416862,80.7498146552516
-422.761628538838,135.362250841717
-172.097801172626,70.5729649281893
-388.967951610401,88.0807663074083
-205.575353814464,103.767224772118
-70.9076380917832,49.336395808903
-182.205598553295,61.0825453025172
-94.1809382021092,56.7648998051736
-66.5345037479083,87.8789664969081
-401.322488863429,79.7777778637828
-202.046683833112,80.4044484291953
-275.624754179706,17.1076419848469
-146.773232204105,43.3595509594306
-527.337653450217,109.076549872908
-225.442481307371,23.2127722879741
-219.560854392825,70.3659588864539
-285.140732991611,95.3221378352464
-230.371884427877,118.131085484551
-385.181693467326,33.7665499563445
-189.86104843847,93.185612847039
-307.835806528776,130.963007221668
-648.027527403581,112.659112880894
-156.230046302229,63.4907514178849
-201.127666616383,48.0882120808819
-120.841256535459,37.3759153485698
-92.1798659756314,98.1140911925468
-220.63927327258,46.1212287054368
-202.470475817143,39.2798389003437
-205.253269330962,55.8188649203075
-276.253588220163,15.5750729033862
-211.789620169235,50.6615930402913
-205.380656897207,71.0084486371925
-538.564703943515,58.3972422263905
-178.100054180526,62.759728125613
-276.861747840307,93.5911394643626
-233.615893817114,67.5630596609408
-519.895512314019,92.4369161178483
-937.877445385529,123.36335044817
-336.896946282024,87.0714166266116
-494.707180073514,61.3400895350496
-95.8907305063476,173.271124710562
-588.436739311779,97.8752561082947
-374.857210734626,191.773452807029
-264.989121095397,177.754859528824
-649.161507659795,154.466822012364
-160.913561616035,166.462036880868
-425.434107038614,126.017726582591
-376.061598132062,140.642128771637
-346.9426848329,119.304242335653
-237.242651207955,118.604943788554
-486.8645526764,83.694462333493
-730.00325487489,96.7652065453003
-243.530126599893,117.755784688837
32.1417026683484,173.999065386415
-3.1760818077455,66.3916022594749
71.0154757141427,100.88036319919
-598.809526727688,70.0737607576593
-13.6719317761308,83.443940177247
-224.066295701326,33.3258765955616
-191.992946028317,15.781809726439
-221.52305694246,71.6507260858343
-130.831888713859,5.53459351812489
-106.945751950363,51.8008210516782
-256.312201099856,64.1759835838893
-161.347554851491,88.8622643775307
-132.301451906533,60.5550354015868
-229.94825530189,104.226383563393
-214.574635359633,141.25273245381
-204.992228023406,143.232668843873
-151.171573869557,97.775789795327
-490.770814587066,86.1176043753949
-186.27655733678,96.5464771738189
-188.241441177302,75.3235817468667
-301.557077648249,214.344740384549
-703.856286525518,144.829194901133
-54.328906689072,95.8598083700199
-440.810301880278,180.621167244126
-729.794449081324,221.853293765667
-275.374933768209,120.539013589325
-381.792970683367,57.9769801141229
-239.903637242285,72.9518980663725
-171.449943513173,63.1892550468765
-166.429318193652,44.380231667019
-96.6768571844007,52.7967316167524
-185.698666336641,40.9672736001376
-181.1666247998,39.0506859473207
-371.136455315122,40.6361728124321
-196.954331199113,27.8086296360852
-35.5320538816013,53.7202421268148
-228.861832818391,44.0593314709258
-105.062615362593,36.1846104745491
-203.476241594857,80.5120577496273
-169.667486905877,102.620544776702
-98.0022048635001,58.9069729847542
-110.043691069666,58.7186081541586
-97.7471615026152,73.0110864337985
-247.602551344346,69.8238345636782
-7.86287164626447,68.208525898779
-75.7191391994857,113.584655177401
-448.883961282103,130.328766629871
-286.445835728402,113.306715216255
-251.96920850686,53.6232648233708
-17.8809722919832,15.9338493594296
-196.777886895026,74.165101331193
-323.240428512712,14.5466285826406
-123.188315894738,78.5703568260942
-409.721990405145,78.0707916920655
-312.035761737327,8.9017175827903
-368.120537516006,136.991258303853
-561.90462839208,107.751391690266
-304.726521229139,138.187761814937
-226.305704177223,56.7095149243542
-426.285153669406,130.453194167887
-268.789054973477,93.7618626764161
-146.964521900605,45.3359793147029
-350.173360814496,61.3848235469486
-406.844210834814,65.5928957410592
-306.373639647962,107.721079011215
-148.696774621145,35.7283760707505
-214.433011947462,112.62924640452
-68.5720144876686,80.3342053005035
-209.227794405422,116.555264158727
-127.721783990433,74.7138885270397
-117.596716982735,40.887124716246
32.2098066118342,87.7120183110055
-320.872218944656,53.8946302900295
-299.898606382087,184.252656181394
-319.624561831107,159.135082675661
-60.2757794283825,99.8319646511009
-74.9219130763959,52.7185044033104
-537.245093359699,95.6424499533896
-236.359635092307,55.4145422820675
11.1417103946587,53.1622038663936
-122.981884369518,85.6128294970175
-227.474321412912,16.1623792303435
-94.5538288525277,58.3396480572628
-194.959237414208,74.9477069922868
-336.674841331173,37.6616460407968
-348.545365357597,19.5904164543863
-252.012216191448,90.3765036834957
-102.111025447564,42.4192292710868
-505.122536624607,102.533758298465
-60.8105632728148,76.835887038731
-240.665232313768,119.422345631217
-229.237928470015,85.2434474121728
-270.821437800812,84.2193636965676
-257.51787145366,82.039353215252
-493.488085674406,104.860144168866
-215.668610295743,66.2353797303658
94.9062556013669,77.1817746623565
-340.49755863742,87.1626840146419
-201.651326974476,128.849281892122
-109.523282863287,82.1000300232336
-272.669209851752,30.1556444932648
-317.157916638518,82.7436921600602
-204.76152717862,82.6141061906383
-594.365968163955,58.4823393393017
-196.809410912525,101.708167622142
-444.272369260262,110.392411855166
-319.57964788533,75.4092378603673
-78.5186978120546,23.3656930312573
-107.920719613467,173.386721024697
-297.198373792577,86.7685545276327
-100.41440978607,131.487512060296
-415.122936772539,113.75085770127
-149.339334093791,68.1794315125316
-129.342246525259,91.7190471710201
-371.929117941385,138.220296747442
-134.831078714284,91.5398021567089
-606.804330351697,69.7574860544119
-595.414389227968,60.2570437883987
-394.658116558829,42.3309807092446
-169.613974458785,40.6154369874275
-615.913401512007,98.7139804965118
-209.104425878075,63.4756914164755
-380.774249408001,31.8885662589819
-242.59172166729,77.7509700194933
-382.946895160312,81.7703179906821
-352.683514109012,67.2263529462653
51.1850416584639,68.0588294938279
-328.959671927209,81.4111573114787
-345.456574613243,103.208352310925
23.1533351974722,30.8703998317455
-646.239179340497,145.503510176837
-606.57878085656,134.236429360048
-14.2332216363866,138.935610269866
-409.466986457963,133.361273422604
-677.140788016113,80.8955003962765
-102.048293755681,96.3102530601027
-267.847870289552,82.0897519695573
-193.971455095503,108.349306355673
114.640267827471,171.717051383384
-293.651372358392,120.298453530773
-106.925173496689,101.482947952521
-229.701548429381,36.0686644511297
-267.984930730363,33.8134896458796
-434.760141632614,103.921075597202
-243.101692020384,41.6159094066534
-114.47355618903,104.751904358807
-406.212108288863,53.877477144204
-98.2037619342154,84.240569798596
-198.861332410546,127.034970029112
-438.830016428976,172.429147878371
-284.868446100227,147.30012725987
-530.308265798521,132.087275131649
-178.652514732035,157.320873267337
-281.441657099582,87.4104257286672
-575.525617651001,72.0335687683364
-484.536269424512,150.281434837314
-272.079642695541,129.500972034119
-140.780151138155,155.586892959458
-885.300665736475,68.5809089493123
-179.570569281001,67.3281236580874
-286.763308929309,143.988814804499
-314.563215034463,135.429824333344
-355.485079712671,130.219275829673
-599.064979980019,164.169096467733
314.46128484548,123.874596110842
-177.169225142075,159.496608522877
-805.452007260747,174.065483964645
-499.001421594635,165.692289570667
-103.978081373012,125.050175588331
-334.449599871623,142.182054622677
-303.542215199006,59.8313881828508
-237.280741941038,107.425679949625
-654.885763869891,66.4833309091919
-280.305171424588,53.1579204977897
-129.021580407221,94.9614242356256
-245.782664758244,30.9385011087725
-99.100504035363,50.3696598690585
-170.83781933986,191.349051712522
78.0017286873226,149.2160907996
-340.298159710976,110.923498625445
-570.146870915824,151.922122693875
-304.560763816058,120.354210654143
-248.939753585393,122.649496815095
-450.827271154441,93.411820720954
-262.754307145791,67.8402885991673
-51.5147810651433,118.317323141586
-229.117097825318,202.677715865859
-414.374531940208,30.9714518511173
-690.006818071029,156.424834392965
-244.606759814218,39.2322259294888
-590.45323243388,88.8231731020933
-227.244840325286,24.5063060602697
-758.058789507522,58.7680414440329
-479.231660854974,50.3496586150868
-237.766648120087,55.769786344521
-249.318773634528,114.533732178475
-454.336039579313,68.8796885318025
-431.19919449976,81.3531249546504
-473.284817349486,123.490028297791
-85.8866098391009,75.2112903701491
-320.049531201723,48.0966390432586
-279.64390694101,98.4476261644595
-358.824777826681,88.7950696444459
-249.383549755788,107.575316166258
4.72353982215282,91.2549168334372
-403.186073426696,47.6810980444425
-208.570037020138,116.827038888383
-350.573642106028,56.1412269516259
-380.185149794925,155.038394575982
-649.095785847385,140.039568188498
-814.681219918493,109.370346097247
-363.283462564446,166.682558875429
-596.913652940013,155.405484838104
-319.007951789819,211.707386417373
-407.656362098933,46.9768976706691
-250.339586547139,140.475952882822
-420.807386547196,139.076355426543
-353.941642432219,114.581179055014
-498.029188896369,134.404929096141
-117.925407630799,201.419828296603
-278.713856181595,118.700690119731
-188.485763447126,97.0896066594541
-226.503802398962,24.3810432955288
-401.856918245147,59.5570075141659
225.746268514282,137.786162409917
-783.647221259089,72.5695423156794
-469.074941036903,81.9225222478417
-382.004278571199,86.8687937678478
-509.996374727198,64.5320918333828
-494.90876219776,134.916793517787
-184.954084579338,97.2653506918286
-356.841253461942,63.4598357160139
-756.034809769088,61.2557439645752
-57.2640896002013,68.7369392659148
-333.538611828331,211.469018943018
-385.044613339065,168.034139598305
-411.252155802737,64.375927755158
-125.492522785062,147.362157095136
-441.285722885434,155.088906731238
-564.448085911339,95.4979544647795
-541.545253719996,141.656403005058
-447.880671719002,102.211991126263
-208.816958211544,63.5390916088363
-218.550450730567,145.643811059039
-522.548718895865,90.285437022234
-86.8978182439167,96.1636578916805
-139.16201157996,135.13212076723
-33.9309359931358,79.8665802484902
-269.766773211799,69.0235809102305
-103.104016118814,63.2104956125404
-83.4932813950882,20.4281010526174
14.7164107162971,50.3581465556999
-176.84246234093,85.1054928419471
-185.07809952362,56.459710212046
-201.031078017706,101.059032646386
-411.774493668876,124.665911844088
-202.875090840418,89.1086850981549
-128.430263230344,-16.7377802718001
-372.689506834104,91.5059134890907
-267.292439115379,78.6659640403232
-270.993723291453,76.8076541195769
83.1128253426141,85.8326807945414
-210.720858656771,88.2947247048724
-428.374388621422,81.8266248258715
-39.2605547505955,72.434218359791
-259.91705326541,40.697066484172
171.303402188874,69.4390595696168
-220.478673791484,72.6850879389676
-553.228281207135,84.9246539572487
13.5495039967791,97.168497848681
-471.177167937313,152.032681756551
-185.767212321793,63.2907594715216
-62.6343145496503,49.6272154711696
55.4543972936954,22.4979572363663
50.2253113466539,46.2765939675592
-298.212536103732,42.6819584336263
14.0690261252166,60.8195982813195
-125.413079544262,31.8157657441479
10.1520017685834,35.3855989379081
-60.7162410100136,29.2951584253387
-237.33565981852,67.7751749337622
-201.548466876411,40.6614979096703
-120.083818288491,30.4509298193261
-176.967749645737,51.8609118713939
-243.249242488353,48.3551288739764
-102.397818100872,41.827714981875
-46.4449675188516,44.2143929459489
-81.0950703081908,18.3960062228361
-127.914989774901,31.6669881782436
-124.742708797348,27.7675348496705
-117.047864374297,28.5112405267428
-104.379460897064,41.725300630671
-113.580649271862,63.1742972586071
-123.811322886148,62.2362444136634
-28.9291506307745,32.3365261386207
-142.984553878377,47.7466214379965
-116.927341408686,25.7136696386005
1.3013766228396,41.908302369623
-63.7609341124553,28.2337483544106
-52.9162334281864,14.0659680048557
-43.3336477865305,11.6558023855614
-10.7709086276445,19.8979397939402
-109.330324475333,30.4768044371594
-15.0469818792189,34.1888793874823
-78.6304911866027,22.7769920593855
-25.0204101161053,21.6465032802371
-115.374480658124,13.9321062644049
-90.9046601949813,33.2083004598026
-212.094295644449,19.6007999889698
-273.531935483872,26.9335625275125
-154.168115237855,34.5100105425809
-174.953679060665,7.41283961833687
-63.2161485542347,10.9357901498079
-121.178070622576,38.3154407054535
-167.653782350826,30.4966476526897
-173.705279608097,37.4775671713578
-91.1989328402924,17.2840407208387
-73.0580844246433,50.2516425130743
-114.350026091066,29.376266442443
-111.669017299053,7.96497761447881
-78.2107890790139,17.8300087539756
-54.8203891620433,46.9723308296016
-102.130778799314,49.2009183056507
-111.756265449552,42.3443228219985
-144.244430961684,12.760071227025
-292.70523020453,83.6022455254861
-268.561787275532,43.6646601164125
-238.542646651491,76.2123861913715
-242.656721474676,109.33957532605
58.9173194270115,58.6079353045061
-91.5942639469722,69.3283734664437
-457.20328868815,123.328178559052
-674.03064365311,105.59992434497
-224.664852240967,86.3011966374397
43.4226359513705,92.9530154868917
-588.361860247525,134.440045312374
-220.956125573925,117.807389345428
-709.508784578233,74.5553665466639
-627.812007005552,143.827888051211
-417.033690571813,130.462758863239
-277.679760796294,160.882253976917
-738.652668587471,98.4936446477514
-725.534231627877,52.4026398345545
-54.8772618684161,68.084081364228
-341.849197862117,109.056820177793
-1.6618033892446,51.8444220868769
-477.694318092632,131.645543888358
-571.599424595843,46.3113485453759
-110.278520146276,108.725986974147
-86.0225374997681,37.6482140635344
-419.445235634863,119.3479394272
-53.1001836863434,155.612426180174
-86.4552377663222,90.8364955434809
-209.538297171783,26.4091045418754
-81.2957301679999,83.3304370902879
-50.5900492847722,40.9072014644626
-372.503341747399,126.355637567336
-310.554560185066,75.1821056102563
-305.274510936826,69.3520476902486
-180.255276032374,111.695396291834
-532.265780428366,126.678431421518
-372.716062764826,75.2360524224059
-438.130264217034,134.13727296998
-525.037574625661,122.605148899936
-217.882303515158,52.1419705995431
75.2177239563772,97.3981581129337
-290.743570895898,59.2681638890276
-345.608300077121,89.8635244975885
-535.173457314595,71.6302289432952
-197.519861757202,59.167920661399
-126.009073509813,66.3174546188793
-224.652395031269,55.8359307887986
-75.5158223023172,80.2114590762535
-242.336297565416,82.4159553259151
-152.554208383241,129.236835882844
-175.355329084734,23.977000415849
-132.40845069752,112.43870501009
-195.969162274821,75.0767643404797
-257.73984506799,125.243288809157
-82.1882993994514,28.9841285592411
-189.191518249154,123.824262554626
-327.519675608273,124.530047835127
-62.0436961337073,79.6303615273791
-524.454188867589,151.968785493547
-409.309397590725,83.2848624118051
-173.014196251548,152.296643982831
-538.403742298426,164.600699988884
-331.218181256947,47.4757519231716
-352.608669778936,159.694020479976
-358.664311031258,208.581828770039
-488.331787833973,104.707711870213
-566.680227657707,99.3632389009326
-218.040620991043,139.876093809929
-451.684776813152,91.7311648969771
-371.109225686523,98.5518835923867
-268.9899626099,233.709737810816
-408.371325347616,136.366363755966
-219.203539562091,242.822917526122
-638.160209694761,183.879824107258
-976.669227591425,257.921888470853
-344.511434102373,92.5182945787965
-618.670056516363,90.8016030020663
-689.035182241161,161.543913891743
-182.693480530113,119.079613759648
-228.734575150718,72.7763691551227
-98.3016336334404,82.8899915872025
-393.810354907677,235.484037556424
-570.067716079269,77.4195271124918
-272.858547879201,74.6226755454554
-113.431354970009,84.5219695777268
-101.14867223323,101.024651218097
-287.531872038206,141.9591285149
-322.626557848474,65.1536873273508
-350.438150386472,79.6640408111853
-292.284144156976,75.798009188934
-211.245267486593,125.357919386879
-11.2710401705262,17.9574520245369
-287.446884661826,32.4320393271009
-598.641744471613,64.0282553378238
-95.290000165689,37.0105076805012
-475.800712261145,117.393222022161
-146.908313286345,107.897873416703
-284.001663713556,81.7292335428647
23.8135760220175,161.002270584941
-7.29234075106797,61.2383002144788
-580.506632712644,173.826184297111
-98.1431015907001,75.7733871398668
-394.758120588638,90.4010607665896
-433.833955598995,148.073295109083
-155.687073530076,143.205651842187
-22.108872010881,75.6067505409374
-229.449978428805,122.825399356152
-115.988453770871,105.35710463312
-827.51062985685,113.785161676351
-235.863588716456,65.5429662801325
-637.970678238235,115.427415354075
-210.71721661929,59.7248977356649
-181.331303916028,116.054842372752
-491.60149939236,78.3100416286179
-322.661400884856,110.34252023468
-499.969190056436,116.950745497961
-38.5165177080349,66.1498535110586
-285.417963388445,59.2350927454681
-537.764784522529,77.5042753143207
-239.43003269982,126.152867982571
-356.434124270527,49.4541995995241
-335.015789481302,86.6119096773036
-24.678295821941,-3.08148802561482
-301.558137353364,41.5710947926855
-239.756686615088,111.400123437343
-314.375634826807,181.001979580527
-283.700432555939,159.686773365465
-187.604145166273,135.520243854211
-483.441528319381,151.272021973466
-364.733409684697,98.699403419545
-208.244875401957,147.12109174686
-222.100456050459,131.32234650918
-370.497155209232,100.236345404212
-25.4391878739407,98.284931829352
81.4062867156317,85.5673386270428
-151.967051966265,60.8153008827649
-70.9678521029855,68.8474336711806
-134.182535533851,119.298057710985
-139.85566026115,109.279705035577
-56.2808820008358,115.889969316893
-211.529102455566,34.2372323805721
-190.768082999406,123.780108897045
-704.568586769482,70.4418459545923
-430.3241821798,69.8264332320305
-503.926376956428,191.057428238055
-187.195931484632,62.7396442020763
-353.561892626574,89.1852324945503
-437.377456527931,100.021359820095
-434.34912044699,143.35976633156
-482.596199829241,135.232945525087
-144.19820216711,135.238838391277
-682.422634061804,145.178466194573
-280.483503077427,142.51217170684
-401.740725576572,116.095910707256
48.9713819325116,121.168757693456
-443.121029938717,62.4010342405527
-39.1532556622697,144.58714729856
-668.754467715327,186.773095344281
-1046.4275932348,190.366067781404
-496.126088671426,218.790361553081
-251.669009271776,212.603163009748
-687.173502499285,101.083923894228
-415.259529422154,151.775223557008
-738.346010949084,91.4577618718176
-776.136915702118,126.337718145331
70.1273486095306,95.462298705268
89.0138430733532,90.6728338659796
-1059.96587912482,106.535855427122
-164.010897225715,147.539053830566
-340.794772820147,123.932775185887
-674.98427810974,145.744504466526
-681.749450824616,252.994443132118
-425.426311530697,220.742614239251
-702.228896489614,191.777084159168
-76.7239297401975,102.437350802822
-268.686061733111,126.127574655293
-262.958290362014,178.898542978946
-812.474252134889,161.503187373564
-389.770009321917,178.244787917785
-209.431844841601,44.0567253383197
-39.6066338391392,43.8718586841569
-195.443336936532,43.743305692391
-122.022909698175,82.5479673055088
-128.216626002992,45.5154276646645
-132.543285836786,20.1313806803264
-348.087032091975,65.7634983415373
-85.8764353084916,59.2237656957732
-83.5835714148416,11.6192099983164
-58.1252321519023,19.6999149959156
-63.3489864827425,37.5214970888137
-106.214793289735,20.9615323983198
19.6124646860117,50.2934986508699
41.1771349973278,38.5860017986852
1.20718708644563,2.58960955101065
-49.1552321788913,19.324720392513
-34.2605759623566,25.2348996774781
-261.115799160063,29.0288213849417
-99.8833420932933,46.6251037778275
-225.989940736501,40.7415101434235
-44.325080796174,51.5992930872162
-56.8441525303642,36.4125571595505
-101.683208048111,45.884113119886
-191.387996189776,86.0823881216929
-406.148598253727,77.439117594085
79.6477878190199,62.0290191140521
-161.932096958277,19.7941849565541
-361.158911590173,80.9257879829966
-619.49922314319,55.3597769340267
-183.083415468907,76.2871526974304
-541.139597051606,112.074004541355
-191.089903955385,43.9846142979222
-475.007932539505,66.9847473150367
-542.118349219244,148.783307095532
-849.58520525811,105.118054278224
-490.143399875451,136.560618510266
-408.528543566499,142.334561678465
-175.963146595546,110.33080574889
-689.799906636355,58.3189396948583
-256.273295604158,99.8825889232685
-297.893113784492,106.952565304717
-92.7199565314204,83.8093540197824
-287.831154826807,115.940191567686
-493.724801745921,100.693551498567
-236.686299611029,65.2930027612456
-1041.4954914051,108.519950694666
-488.170078830022,155.727731454142
-409.524806803689,120.057556088796
-144.396460677661,110.834472659282
-439.969135662279,56.8418975695095
-501.20214080036,161.47988092569
-164.741517226939,-8.44172924360464
-93.7560146605683,188.166685310163
-173.914264488849,36.2250033267883
-74.7333005850087,69.8822798841156
-148.27574613001,64.2654059593588
-407.680443195801,78.9074194971472
-391.340103611961,60.549211924561
-285.776119810092,39.4746413039611
-211.547546325986,84.8002257849221
-111.974725942942,119.139403005422
-126.104599590646,67.7520160055719
-209.407076628682,121.281467970373
-362.984635143468,67.2385119196988
-37.3286993125512,51.6448003534824
-458.863748980504,113.905257362247
-515.952859357523,99.0351745104635
-407.57488467771,151.22852844459
-433.149443547125,44.9268233919429
-27.6894028114912,89.4916709526915
-216.441561069732,73.2254523788361
-15.3841244309224,63.7641801236896
-250.143622529071,110.477676360853
-411.15229928444,110.482123250069
-626.315578414535,125.324551846745
-404.579203373527,73.3304642864387
-269.681346748943,62.7392228973918
-131.104969739681,53.7727955443115
-380.560557957288,59.7374276451192
-129.921317433727,7.61905838095481
-247.073897815208,37.3591023021054
-59.5251218436388,41.7294517721457
-181.322938854166,52.6072903047461
-136.159061351245,36.1724153292162
-127.643983009729,63.290340379026
-344.214059954171,67.304504540698
-334.478327483608,101.759226227201
34.1979103197809,81.8000501335337
-206.207720805527,5.77382051185123
-138.296462456943,134.227534945952
-776.109373817468,93.3046935711463
-211.863795795027,45.096264517997
-515.272964377073,137.70422521924
-598.222570953896,101.282478015317
46.9414042141725,132.302615434353
-474.92747500191,167.328932979406
-1010.64800035897,105.302580371266
-186.511133010339,104.059236860354
-214.044666645379,108.964739067856
-35.0064522308676,167.466197896982
-415.643595936272,61.8872434573714
52.739251050225,73.5731979313714
-107.875501553324,51.1369953359317
-186.667719738318,116.066435140579
-384.529378627277,79.4908574863948
-577.194834695125,158.795431528612
-430.256245939825,134.751103682007
-822.046601548893,315.850440764221
-154.87305035381,111.383225903635
-157.859544001782,39.3358312728233
-313.274572765818,147.271544923569
-445.293889758672,63.0503136877815
-143.554775717428,49.8120991165551
-242.535857697061,80.2687995747401
-243.405786495488,3.52319126325892
-195.04174064727,73.232116833824
-180.992988160491,85.9242361698043
-413.225133180094,75.0915268228273
-211.662175996644,133.660519628
-118.770930009385,97.1524766508373
-178.671316639447,141.204896261763
-752.271803313532,144.829408663907
-540.71452987198,114.632012843158
-284.972676102363,57.2263446831021
-509.024919574164,215.676703894744
-203.180924633205,50.5634500346605
-855.545133779495,95.2361932619533
-318.613789419251,133.335036995602
-33.6005966241119,186.228831686029
-509.8395612757,135.539770554416
-247.335676347437,114.941460578062
-215.932161584875,177.096590999507
-598.108956468554,230.64042549013
-474.613113394036,169.160361394665
-648.144725544218,108.985272210353
-405.819891083469,97.7499978014894
-729.430234179046,167.450714612065
-69.8660239433229,135.143396326544
-192.46731426625,80.3734908598999
-40.33650190341,99.9093615617603
-135.740137297675,49.4486879151518
-501.170798482613,129.448790684692
88.0199723741825,167.515588669019
-133.034979094955,78.5820288519026
-226.351542229968,101.106206130902
-220.124585362195,127.265449216771
-410.649945048611,92.6169949232717
-355.706943922894,71.7110047537062
-187.540506289246,59.1968716283736
-115.734390104641,48.2145885000646
-448.390797826567,82.9737490100924
-245.801834446946,130.391949971239
168.145835699688,132.822713775247
-668.04106519364,93.403844496439
-371.202330111766,91.4424362632708
-639.992054164446,142.752802876726
-10.6079475476981,132.939597229037
379.637670843942,212.79863834515
-413.226222198922,93.2748274895421
-665.09330216753,52.3862371286596
-281.394857705891,101.511993672117
-412.880757481551,115.722323604467
-229.916089665523,81.2594901444681
-270.308662731215,173.097146767366
-468.057516471003,187.202152334089
-183.279153893138,191.599695826935
-882.317650825004,101.459335432766
-92.5599574341049,56.9276805401896
-520.853520357479,164.593242834861
-798.635102353175,161.430557946296
-204.547361660778,86.139569285544
-1012.94362150354,173.88534705701
-505.716770242354,236.228688647235
-46.2248331372284,174.959454579301
-61.8307475566544,125.038416848309
-1211.10667075608,207.512474867777
-254.389020010083,101.197953643379
-449.589062892621,102.193933356146
-613.271597696017,79.337807044154
-311.962602581189,100.149401498551
-21.1068249092059,89.9114283537056
-301.166693849442,123.778386638223
-269.877631948951,128.368123009779
-839.840813601826,123.688273508242
9.29607930513157,78.2510146665736
-428.649072525426,186.050771914692
-301.503645978984,147.414791255505
-479.526008163272,140.491259450719
-408.465477648329,159.84126168325
-168.352138759081,114.20734368181
-457.194764675951,151.551912642026
-237.305938270278,137.220024260372
-287.473854292548,80.3443351802562
-266.408632062146,159.241516273898
-317.62450214001,170.148325805156
-82.1325620521238,169.947623311818
15.1055062832165,158.983725253551
-273.736093201151,67.6465541850921
-140.235468645813,93.4409108843829
-442.751587544015,65.2750684042367
-79.586621395807,129.147339754942
-572.562867319284,108.620045843099
-25.9353460130806,112.554607453849
-165.755012420283,38.0511460661946
-284.739554213906,99.3313693473829
-218.326931309202,161.530034239942
-339.161614762222,164.412002619174
-474.788036533304,99.2393046629004
-41.5085127834463,58.8065628873301
-256.68173811608,88.4782390077598
-421.429274591566,118.301686969891
-403.425402074936,135.968350289979
-398.228667103536,138.63336052862
-650.36672719743,136.602116834067
-412.327418141038,125.971686715948
-295.685790148658,145.005091454281
-148.330766679161,60.6192256982322
-290.428311390962,11.855033781334
-300.576394051343,94.2350525903312
-171.93579104046,16.3089175803179
-250.544127217159,75.6661493430893
-245.410446889349,99.1331624133454
-96.6675947077892,46.7244867569461
-507.118236809283,115.673496570784
-347.642710413155,154.380912729401
-98.1894189309764,102.670356826384
-271.578007775912,77.3613281076468
-194.996865854155,29.955578089513
-364.695688355096,88.3701591525787
-423.0471559164,105.801244165399
-249.505946272327,47.5782145980047
-469.586040981867,47.8077835154254
-337.244708999759,141.392542110174
-332.063305998658,113.896545456038
-220.701294121411,35.8065726244095
-99.6974941826047,60.5272618894087
-280.236878681526,52.6790490481653
-40.0374747924507,46.5332535764464
16.7872308031656,39.9637499756209
-344.138569793136,54.8042276799097
-38.49480055301,77.0602489658013
-354.222898096021,71.6975554551755
-193.866897708896,59.0731783369411
-93.8893449084935,35.1493475003554
-262.199505723631,19.800203838764
-193.627792504238,68.7825603536476
-120.042352607692,58.4868590757978
-382.11730460207,74.3910037710957
-356.648238392052,26.3395890612665
-430.658985278802,68.4958722370211
-163.206584560117,33.4302532263391
-352.966263605122,83.2554227451619
-300.566029554961,27.2747926197408
-210.332705171095,62.8226039062574
-175.123569650605,80.2429858865507
-106.489550322745,63.3773725326319
-181.436894373182,86.9109207906004
-367.48774454699,124.45808942142
-27.7893499661077,45.8939371827873
-804.753649173625,118.925735339013
-254.599155600619,100.079009081237
-413.703459052485,86.7404861421091
-474.193343161827,105.487601166125
-191.849500116477,86.303544145223
-235.510971503682,71.5705883408009
-245.180228268222,70.5300024485186
-117.680546574651,41.4670970782317
-174.592441883637,26.4207988939052
-171.78325376111,50.7263144488097
-92.820941290498,82.8416680709051
-263.700645513029,34.5213389831188
-367.527745020048,118.375129712513
-300.315807116966,96.5621574444958
-193.430896964906,64.9305333013399
303.939448234307,121.265286247923
-106.940712375581,66.6243155457778
-46.4699191387626,120.116213150191
-234.464523060698,100.588373014543
-525.202402958792,50.3791467568499
-419.080106846985,65.4834442973661
-367.990551145973,28.9249435437669
-476.256822900046,163.70670289456
-276.301259661759,127.75854948644
-186.652988812042,79.7755115640903
-337.290588970674,113.816366812622
-150.171806726066,125.680194184824
-259.675664903931,90.4259951444928
-597.057203779521,111.942351142308
-341.754054222882,159.116932553734
-166.365461793124,179.366278357455
-429.739254855293,178.882911381552
-193.551113652065,97.407673233196
-364.105130410244,155.383108647773
-657.604762763881,104.245630343947
-382.000378770666,105.569069565587
-399.620911031205,107.919902990936
-505.592014138412,130.286125545317
-184.390537390407,107.217534069758
-712.829377310714,68.253101684204
-264.180751839551,100.543448545766
-361.008331920399,55.2180789840277
-285.300196243217,45.7411181947391
-190.525387115405,47.5926164585399
-346.554727741492,42.4058163102891
-212.195374638417,128.276887441989
-245.659030624985,102.805118384276
-159.086241195473,53.5711308322898
-258.350146059034,65.6500833498721
1.93928347807014,110.760282113246
-248.374855213639,91.3839575401071
-317.085058799117,76.4360794837994
-166.530442098025,83.4153019240766
-198.678187446727,65.5692298140348
-281.568413131958,190.450671098104
-97.4079692922678,56.6339340497943
-197.919330900782,102.01043231575
-454.437757664302,141.58207137337
-1055.29880239383,124.988267007226
339.33811028293,105.804186486439
-307.686137296609,97.8660644818738
-913.677706353614,81.594332800596
-267.63096156613,96.8258938943763
-477.225404349985,111.006824210122
-356.843048317853,149.490160388006
-149.675722954969,123.17498560992
-272.930354900287,105.787892162407
-1007.17741510105,97.1432310728269
-716.642564962938,116.352404660371
-187.718842438044,-2.51373644764135
-119.98050573506,78.569310193634
-459.702430025522,49.0124033006869
-426.764794455157,73.2389028876314
-223.046904815084,38.0048191017268
-81.1659026724192,84.6234903769764
-47.2896423208877,118.78630015059
-240.251431691548,82.3344522732805
-215.00312198211,109.211767412329
-303.525747787258,54.4504047730552
-216.811910339741,129.635350361445
-597.233100569269,30.9690258337214
-221.609080920647,64.7397412435166
-161.359843313198,78.2360258448025
-528.93641273331,77.7783184085229
-71.3952958404734,54.7040533863074
-379.691299774531,114.349624174982
-270.77767631851,48.1099613767146
-71.2283584723482,98.083402885306
-331.085783411318,88.993056773179
-409.70390462218,128.343095067336
-523.811958813618,93.4628412501625
-78.9573685415089,39.3472404809436
-173.449446473092,45.6714353596908
-221.445694125257,50.0299326624586
-455.099290688187,71.704139246518
-87.2442927958182,46.3925945529627
-165.499901369709,96.7847333290301
-250.853288307837,54.482227111228
-226.624147254042,130.184739210134
-526.103423278386,105.774606850144
-570.466455779184,181.071220488724
-62.1467352045293,131.574532126135
-306.594415133412,174.931174318888
-129.373886384667,114.894423912105
93.3618313438201,70.7314536209415
-280.749673107741,98.2917980451618
-616.20374308899,105.763665295926
-371.452103918578,148.91326058893
-188.093873701371,105.209905237949
-303.132404751002,238.526018905308
-106.936360496322,144.047263717119
-488.490698003763,100.287342540799
-511.330013864368,113.550650187084
-712.230249045497,67.2456930455228
-439.538604279165,46.4876959587564
-608.10663799746,98.1264257263101
-3.74359850642213,53.1629246501252
-408.788097302138,83.5825335414265
-182.312871447211,91.6343946217094
-304.47531867581,117.371768628094
-457.507526212012,191.566440279043
-616.912966055053,26.4758729412351
-66.3248750567436,84.6044915332022
-691.57648722225,123.590779979364
-397.069349144549,12.6038237719986
-370.913242397874,158.312724017975
-286.346951401836,164.34769255147
-168.952042874982,152.045334529379
-363.348062176738,136.971723189868
-214.227541074011,127.237787467646
17.6808286452288,79.2153611473914
-466.802526925763,111.491685254907
-378.695395964256,93.6937068954921
-307.413380744532,139.950071619969
-516.594474506879,121.2259123283
-312.445410319851,186.963792472238
-1015.92074627751,173.266956700538
-461.108418606455,53.3487546177494
-1021.45795371033,148.118581451796
-580.956131204614,142.162213083095
-607.646718637072,110.821356079134
-316.5735148323,163.253153773156
-288.763597440891,135.552129333708
-585.6792556972,112.726233923429
-831.014041509503,75.2430787074263
-432.135395684614,148.791213274075
-338.277066671179,55.046765092196
-107.327503941044,150.48277718811
-513.959966064169,128.454407417812
-267.987634530247,38.6132521899708
-376.964264958864,96.3578729768378
-472.466067042275,31.066146450692
-133.653678258823,118.698700940629
-649.299004549073,214.458413600674
-445.412218373327,126.322372117429
-453.270253054347,159.648202697019
-338.319394136226,88.9532147819773
-138.876726736773,114.782737618305
-204.958286617462,96.466773765962
-216.671142815896,73.6775976302233
-516.742355675087,75.6366292267485
-444.661857083276,74.3158836341827
-246.678200586779,100.633499208245
-396.291582895297,113.846687096775
-43.3102070357418,122.591335678415
-212.78231042156,151.549004145687
-353.258444748528,55.5708820135987
-278.999080090245,118.187685478406
-55.9062754402257,55.660969610668
-285.767648109286,67.292295812309
-318.616559024813,58.696871292399
-73.8646869424556,49.9238797961589
-304.557130111942,47.2629494777138
-108.713549787644,61.4081851779665
-120.945127560582,70.2194331086648
-295.386376163526,56.4391270707129
-189.157804145536,93.6049865166715
-526.279707827169,72.9949696648982
0.845732897721064,54.0829682678886
-342.355550434746,123.235978807425
-351.737374023738,117.82503740941
-324.27602820532,67.8033621354843
-247.577036064191,109.889593558899
-223.012772451351,86.1235710604305
-267.717855691779,68.4917683520907
-238.22842502861,4.50028194976767
-381.223593846697,40.6643748053684
-509.644587320247,136.693415338872
-43.6057588777967,136.906701109241
-95.3030523296475,111.743859824448
-203.077443184477,27.5094494814111
-14.3656117367791,108.289931090228
-168.469339843912,68.4752451616951
-364.375307014863,58.3419697641948
-190.504854917545,74.1392841418274
165.707332900703,43.2136850695824
-448.161572183562,80.2836288506733
-597.692415300524,91.8843421656693
-242.354443580016,75.1467449312331
-252.19999804713,91.0795461913513
-290.07017765475,83.0357169226627
-148.785264394959,74.9277232492423
-374.275185736682,86.4643492867908
-109.449033213146,17.9674895466014
-324.183988189267,121.111184156762
-264.698354157357,145.633748245484
-178.843734702721,73.6305739323143
-283.688313135688,98.3108120613542
-348.125803332812,44.7956716370827
-287.968299485354,112.987209482089
-248.619437912654,72.7107800478188
-611.006414765121,99.0012752013718
-65.8550921409333,79.8682134537157
-201.076394345189,154.734210167197
27.4263215788087,171.29680609866
-185.777681428794,127.779600629386
-291.543726964723,55.0806676591992
-136.946123184272,51.4373330381277
-295.162105936186,99.7067852231849
-542.420015018921,82.3516877300572
-132.266565600232,23.3822207345511
-297.618109948075,99.2366098101847
-486.608918291573,62.2454386230893
-158.594441888068,75.1083165697964
-222.472398214362,118.548794641931
-326.268319837253,100.099311683429
-93.5644850929311,36.9885463727987
-9.32625558521249,110.33236271434
70.7246381611258,69.6125588477407
-35.0034354746167,68.4719990610029
-268.362516220921,85.3226862843003
-119.876855642993,41.1395170984324
-246.426128474704,68.3250218629328
-302.544726209824,106.511674376292
-131.827842425409,98.4178859984095
-15.806858018128,83.7005084461562
-223.136755497631,38.8170821613676
-182.424806222669,45.2863194145903
-147.603284352263,86.310027414117
-69.2877143410151,78.7270770582909
-397.974773953902,95.986956605793
-287.299392784756,77.4675348177116
-64.4769238801673,55.7560515755758
9.13390899826481,34.1470664786757
-102.185775892656,50.9374204924898
-77.4111879486882,44.0722776003968
-172.877614100435,52.6638619435071
-115.964029566226,20.4751685022202
-91.5739440826364,60.7963060740913
-46.3841632084368,27.9559777227678
-222.390463784453,29.571617145757
-83.6096280914062,74.114617531839
-269.540287585598,46.0787307397404
-111.535903314063,37.1870364399074
-335.983546184259,39.1288240081485
-109.517804326708,25.8781456170836
-98.9682810237646,35.4370333387633
-237.100944651902,66.5752481452691
-136.529128951108,48.4206768550794
-211.878853491013,98.3666514992074
-130.460668663437,55.1117268330854
-227.96856182281,56.9163141154277
-313.509521398795,77.4286653203853
-333.661165914353,188.706043054655
-495.350999627321,115.949927946152
-546.429961465466,202.072576226405
-583.259856387718,114.132281065163
76.2063380491163,170.093544044314
-639.878702318196,148.559322959074
-339.105954454877,90.7019359757542
-80.8763001202315,205.951404041545
-58.4293882527854,178.767222041291
-430.392000347121,88.19810379509
-118.766937458771,143.504877237283
-422.700790052244,156.536408808934
-412.816189162371,191.982111271733
-611.484192166106,160.68065933264
-262.127590753997,123.469257406174
-555.329152216967,132.994919535923
-227.126492482435,123.004341224507
-155.58774173526,52.2270647062542
-336.46519905913,50.1885342494643
-251.427300484091,117.163293712641
39.8201719825447,40.1040078601509
-806.26555407388,140.594497010636
-405.225670512267,113.982379327647
-588.767389906614,60.9248646564483
-17.313278299669,112.15492570927
-370.53628969584,114.270277222276
-311.449499242764,92.4318311401148
-427.019512421481,133.983079172263
-356.903055384508,152.805145771307
-924.748091266301,75.3605260724016
-252.439251358423,167.371917434804
196.15266309047,109.272389761958
-291.485132696413,66.2915789807303
-314.939506778577,136.185772742792
-301.590174550904,127.589299371306
-536.777956654376,121.310413064115
-682.701247986512,88.6223260540282
-428.833888909896,64.5028101902603
-241.830273103362,43.4901998660898
-503.940983925939,138.645283309334
-256.311778708099,74.708452332954
-242.700657496517,119.359701945141
-291.974020244641,99.286769340848
-332.041418647859,111.691278090613
-408.450108767414,92.3202578023192
-667.293100776878,134.501471918935
-136.584884742463,124.183210294213
-327.035000901677,90.4219642053358
-314.9985302801,101.537918616377
-671.009999306436,46.8428809716279
-507.261247669812,65.0533523245103
-535.03914931609,50.9856927835426
-320.999129279895,73.1693974010996
-147.619518385589,82.4712450827355
-281.876189015842,67.0470248143829
-411.122420219705,132.761425917124
-251.901207078103,50.4752981296915
-158.26303311286,63.9705377592763
-109.964358095633,63.8772451268305
-48.3319835658913,85.8775177338866
-70.5474919657863,42.857610546157
-429.222926434246,18.396025549031
-72.8047075861323,38.0303097802462
-228.260233578563,26.3018242043036
-258.849431912349,56.1309091696749
-156.453496347676,70.1752388959576
-236.502496908011,29.9164671624167
-266.80220096829,66.8955621240748
-175.775168070279,40.8903331115289
-31.6664812817253,56.5568264431495
-173.523364059962,40.0837446682999
-183.996793600032,57.246015330551
-151.54126210729,56.4532751807565
-137.284687559189,48.8025138254889
-203.765093495342,46.8407914019335
-384.906738652906,44.9122866349207
-206.493288350512,90.364844796437
-234.042039084419,96.0207258529817
-142.588583007891,58.1413092990911
-228.359214501506,51.3567323621974
-311.232708094525,117.44075102346
-466.35329173319,57.9049459544767
-748.805421543046,126.448313605682
-225.175153220829,117.303257317602
-232.97514696818,71.4303483812109
-107.235845259449,62.9047873234304
-216.961993235662,26.3435152680613
-58.075253205272,37.5853097625368
25.3373466141275,27.9036394020077
-181.041171153251,36.1225946050399
-160.321210148264,3.36953155745869
-137.652241705408,36.3677249605535
-173.671287127159,73.6400232713495
-174.605449678536,51.3217669858004
-125.854592463847,58.5434618145737
-76.0413091332957,30.1234412904305
-119.528442926152,32.5777868410223
-174.024773286728,39.7340023597098
-152.436597984954,73.1019004419359
-80.4931110137477,50.9160960242152
-180.180669454072,47.5751637982648
-187.364685419343,80.6114568446355
-198.732392319209,36.2152345872746
-236.155990408552,55.3748539782064
-428.725477698266,113.044797183898
-140.928023021988,91.4059506950289
-310.233615290585,76.8423770893605
-272.830966986308,50.600228565163
-110.152078340534,44.8019560917455
-146.528489335935,79.3371395210779
-143.517918466867,86.5024542281099
-339.898165077015,160.425924817318
-221.060817121383,119.995300680024
-226.789119604971,58.9858696902011
-270.387541978067,44.0575406265853
-113.515614209507,151.323141516383
-90.8723116547044,104.257537585072
-139.579368464976,93.51343308785
-103.991879591726,83.6497658504522
-740.006802662454,158.810272550982
-677.618287658886,33.1464712589222
-633.895778982056,198.18626734154
-50.7957968721457,200.99862298675
-390.816996929729,151.497952811158
-821.146921652791,115.647094180094
-418.381280945752,182.277911085926
-290.401796757302,192.89206821128
-139.966291045333,77.919158308534
-311.442289976716,36.5114272308128
-206.664490494251,43.2105984835653
-76.3641382152273,49.2380579614328
-159.491994665324,5.85881189125575
-538.402224363119,63.248591486994
-254.582269020262,67.5296253473862
-290.063425552318,14.8628223107953
-362.092192415719,128.268062270188
-321.106566362223,40.3947195357468
-262.695022514052,105.667485761718
-212.22353726509,57.7941543754423
-60.3186606625777,83.8284196204331
-336.668697020608,51.6598940963268
-86.0634432329098,72.9235768744402
-166.898776913644,70.7704880907404
-228.327055735699,75.3454584364081
-31.7793223059907,20.6510290228707
-164.239915100159,86.6519514275424
-198.013708147584,43.7500718223164
-230.278444724157,46.8426417551527
-280.662914126951,54.459367280062
-164.337590378618,125.575536041979
-238.159329982882,122.678740370029
-152.985876433089,68.5680402546132
-281.430576197119,112.908187612396
-197.830146152359,127.106804108866
-298.027931086472,52.6104534124315
-486.04367702821,96.4142877895501
-417.350773552389,78.4766783167288
-566.613374091758,57.8281897620182
-211.20485778451,86.3329112065549
-522.322693480659,69.9359630132385
-582.003971271326,139.168539159495
-135.380751305609,214.242818837512
-414.818860479777,75.7703801772423
-210.795875728963,161.391527533749
-193.485927930393,159.189879643342
-643.467333985951,114.309410103422
-529.139752594259,85.1618861779316
-599.723214547059,94.4112340675802
-349.741000485606,25.18312615592
54.6262581242481,27.4754919419938
-390.419135748554,46.7755333414825
-252.146064369997,88.736922316486
-464.675560903088,64.1948365376011
-389.931082489711,81.1540681992628
-335.737520667899,104.549135015222
-330.354612709954,84.3396780230978
-90.773940969957,127.416875329523
-633.612898782027,135.872577084214
-263.90597299454,124.508788970626
-467.847832775703,163.98690916851
-98.5835666198327,90.9693503094495
-199.692433588614,117.462459935152
-155.276358108837,77.9436243167147
-476.391842946039,13.4211504060295
-330.446808655281,41.8478356497217
-519.842561039346,101.910656727967
-438.933228581922,34.3927028223443
-366.017218309629,90.2889326185505
-383.214182106982,151.37100712824
-845.895741790038,103.805645767985
-333.641078705812,96.6902915904066
-212.29844865136,131.758257979862
-220.499340955914,175.957229016232
-328.871779932124,94.1903654425259
38.9585330173795,92.136650497865
-533.812753997074,86.4822028240706
-291.509581713297,168.964411388006
-245.758070770549,69.9903882487852
-162.555484792734,141.737242285832
-151.551703607314,131.272250452384
-561.920148577403,159.296340481611
-518.997420739237,140.947486605807
-646.588513013703,115.960738355134
-474.20162211344,141.45952130323
-371.990245440233,132.315582779447
45.5166178606887,152.394216176581
-175.580721931357,121.021877283511
59.4056065752957,60.6910771658368
-183.592997577594,42.623098183336
-216.821383611335,68.6200493948963
-172.270181600128,70.6434002633323
-262.92719939028,45.6745319974143
-167.183649398139,65.371177610592
-120.193213084873,80.2786721391376
21.1027917944375,52.82501748504
-20.385582898889,22.4428877197497
-8.32205254153087,46.8123568496085
-273.940792132256,55.2999336050634
-252.725126815698,84.7989417937642
-188.725247826951,69.7649019792152
-241.723943900182,50.2890557543142
-145.301297446873,59.6718964852826
76.6009294150572,45.9226196299278
-314.776128357233,99.6227329461543
-107.491010986862,62.2529586804812
-112.789499584513,71.2985621817643
-82.7309846262287,28.0118227440107
-28.0583580647872,14.4356805096322
-100.901673598093,47.9255269255407
-229.074060857529,35.8612530065002
-157.236758378873,25.4785000731354
0.365378655827953,28.7436686623987
-117.039836038668,22.5167386825924
-231.119949672075,46.8248759985763
-241.190324612908,29.4831075349939
-154.163002285437,24.6466025084628
-9.02098241390195,44.4398046449496
-132.520730886506,38.6441693380475
-41.3851090523631,19.6080653162717
-80.3659550548182,29.292955752695
-97.1635294235093,14.038859895496
-150.849143010746,22.1914560989098
6.18293738698412,53.0602413992892
-222.562395097415,51.6257521905645
-88.7788222558884,53.8389838175863
-51.3943598727565,36.4914159929613
-51.7255695647109,13.9134996438661
-69.3472777988318,4.26803216063854
-58.6397542226459,30.0290318082261
-117.90745142155,22.9350723884781
-45.7236114747502,25.2404713764336
-141.431550974386,30.2728038427595
-156.309101868246,45.7223750496123
-78.4373939142752,15.3443537405547
-149.572303897905,27.3355132159486
-71.7101242330973,53.9466079378476
-84.1682385971508,45.9234218473066
-43.92872125125,18.0926538115455
-154.872253543341,44.839642661027
10.8327946291247,48.5861942476913
-187.854833887599,38.777359884989
-249.228810497458,103.526975919522
-250.124322953518,118.330270709207
-297.743406877089,117.322077253251
-275.487162071019,160.873471952909
-761.027154701747,-29.9103248421743
-482.214278599247,151.308008248903
-281.965193858807,109.704143054274
-318.987798450777,127.535690969884
-572.793056835428,151.153977277208
-198.659349025605,79.8251626832316
-270.990698225069,92.8851498143013
-251.890065132015,127.50377429127
-331.785401443034,104.500669455374
-414.499640216527,55.1336636363558
-202.432806840225,146.508325256538
-422.45730715894,202.236244537256
-234.029697605991,58.3407232269819
-423.467286125669,112.370051687663
-156.191937645657,95.7714720333825
-304.329860842401,121.105192931951
-352.221639699739,162.266624227675
-778.395354198263,85.2366923701431
-368.982562015008,69.4529476353273
-64.5606846868468,54.4639308881237
-413.816330860878,71.1550215050229
-246.867714299529,106.171327974026
-210.690590075945,97.6775230562489
-449.471485623348,106.666934166584
-507.871256852188,24.7672639074808
-744.110487611962,184.912035424897
-88.5517142217541,160.750236531156
-51.4995419008106,85.5459414743746
-451.698762594933,107.885358696214
-399.275196983172,85.5276902408368
-400.011417095724,34.9006983151303
-160.679839735789,114.620750819289
-165.42260848562,94.9132813972974
-251.669832750718,109.226062561625
-177.688458172139,173.514092527505
-107.552278517353,188.010471323738
-323.3500347269,190.596964465207
-180.614288439567,155.39608349105
-399.582942839625,55.7285590685788
302.881590840683,37.6004889887408
-240.320750334358,123.565180602469
12.9807694768206,120.257004086612
-362.0486360082,98.4877596728402
-518.147011944093,156.488832573505
-165.245735029239,131.68390971022
-230.132267861547,177.895174601072
-949.98974245516,126.380590738787
-275.2547670856,111.707861844814
-450.527869264944,95.3083286042529
-29.5086222877599,41.3319152525364
-236.115553555897,82.2049184496645
-397.718457756826,93.4814303479798
-441.848610987501,134.340165708913
-456.585626566375,66.5307778601637
-345.095839253539,95.2617001137041
-689.59424659246,127.202524534994
-423.355636043272,155.679366896118
-312.436205115038,151.869331892794
-282.41519035479,34.836166314999
-211.773682930376,87.9519458903815
-337.897331793749,103.18169321437
-179.343110865535,78.6859877921233
-176.883780198899,130.971354217902
-157.763883589301,19.161612643933
-3.37631645035981,46.8122951394544
-339.647543219238,69.8449609734671
-154.581705132921,67.2859362995769
116.643136331157,126.604627310378
-782.133317381064,65.253393046034
-543.313253268832,101.033811468486
-299.250620029256,96.371200586218
-676.936099037943,105.785998903099
-110.789155232167,111.498015726014
-526.920821440726,164.739203681238
-245.227453143176,149.669688791342
-117.160045001551,120.056152515237
-43.6525666884845,153.406905504729
-126.9965415919,57.9496713455737
-534.109863461847,106.365500332824
-573.116606273572,120.432229386759
-182.050048986493,146.882837126708
-279.905747123586,101.973957351365
-387.380918317212,112.389709401716
-380.90471959913,73.9267795678243
-428.886743955241,117.573660783972
-546.958637297794,141.929694556347
-233.107064532553,58.8809967760899
-417.873418721196,76.5005363417258
-68.7865414773805,74.2468420686637
-330.38350980448,69.3951782108634
-240.855083316776,44.3035338865011
-88.0063970713527,58.8588285432725
-364.180906327063,90.0086858991126
65.6285018513081,52.6071039386843
-272.822998432253,105.180795495864
-337.282769163545,76.9277801278513
-241.160511725226,139.286314231576
-246.777104427485,36.6846832659639
-247.877926925856,48.572605676949
-208.846570687601,39.6160307008249
-92.0847569261095,68.7783092427126
-36.072344291395,42.6514411810931
-453.976962232002,35.2357755995763
-185.976971099342,95.3219423242395
-300.716201226445,112.454023617029
-214.756813830769,76.9099288769939
-191.383590589379,160.017964938423
-411.585892670279,36.1653797376348
-125.37464634933,46.3877798603335
-393.033807110492,90.0436388949165
-275.658349840523,142.120955559178
-266.980329697199,110.240641785
-189.8907047291,171.465100748188
-373.063929510274,139.74730631135
-382.240366286882,78.9289628662373
-77.9190020287951,144.513846533664
-76.6960868836613,138.152116288693
-403.1040522642,142.925919094392
-203.376616185164,117.479020971572
-270.939756031294,121.75015092548
-223.089749078455,49.4776647714607
-37.1202822418418,53.3309331989785
-132.522235577533,56.1319146729074
-364.543929141488,69.0003001521109
-136.41466638822,55.9147145033676
-253.634640277931,64.7486640707211
-113.634168768345,47.8733587288966
-192.508754950264,58.8990588303714
-334.973531288517,53.2439853711112
-297.318965260187,53.1166248329391
-385.159158978437,50.536269557022
-169.013399243398,26.5207282855336
-225.26644816414,68.2665888342599
-558.275648995015,15.1820221988019
179.835247688556,61.728738220896
-267.466628662733,97.3771960545891
-297.708214868457,105.707463477716
-99.1489775017471,38.7987241637602
-481.115188131662,94.04022606324
-128.50842749358,53.5104313152406
-342.016300497235,52.8323793565796
-222.453312350612,65.8665741563455
-167.975178004584,68.4941505342431
-109.644000882829,41.111792041298
-94.9283356910455,30.1635453380004
-89.3198882943025,26.674407505845
-132.189507154326,40.4433022329322
-217.708301609564,109.735777293565
-228.634902148275,23.5848330948538
-336.025992808536,49.985549920355
-176.664728512653,94.3141350199294
-138.024713540421,49.0283940322988
-407.180540881265,52.120625364405
-88.3448905550322,36.6662425298709
-233.675648577264,37.283683359914
-88.7901455547471,59.6313312011844
-58.8625541304355,37.3941892410294
38.3084402563472,12.7645192172495
-34.5067427438553,49.0960293651733
-176.368623675589,10.3752450697493
-142.159781644674,42.5799059258861
-29.7316679045325,65.9031517498588
-109.050628193634,7.39543966666679
-82.8311678629689,37.0596257449652
-76.0709453311256,35.0322215696506
-58.2846771593395,29.4754148522043
-127.062170268648,14.2320978192147
-139.565256914095,42.29939825363
-139.034208497003,40.4040217559668
-141.270328558516,37.1537421999965
-175.743977049227,48.0515264036417
-128.333023817439,42.6972208455845
-179.786883580789,40.372012358217
-292.18059620561,49.3237942002452
-76.0678678220065,32.1354438824055
-111.882998260495,15.5148705293032
-35.7608719041891,20.5710384353879
-177.912017300056,31.2365332576446
-127.184155906325,44.8869530735537
-193.522467718751,46.1839324949397
-198.921469174791,45.4755813417287
-138.726291982435,66.2166672186286
-125.672082489837,14.3072578918363
-166.004670148353,36.622230033885
-132.218127279426,41.3238605197985
-187.187451995997,59.5453003778821
-82.7626593275054,57.4818723458739
-116.687171476544,69.2132087160426
-256.789757860206,31.3384795971069
-203.334315186978,69.4410793313436
-477.972242034331,114.857289617354
-314.347258712627,122.602115563073
-99.9654025986965,90.2187815814978
-499.984732771354,95.1869753480132
-298.284355944954,125.203700931641
-472.090393690753,147.801562416167
-744.862036545426,248.91802172194
-387.817838187097,50.9336780548037
-520.016930425052,70.7041151270987
-516.844022971665,87.3218713580609
-290.378366894511,131.228886891169
-81.545343348902,111.047838206257
-527.32111838508,122.000266567629
-528.679693690647,232.600077938201
-505.701603475378,105.33100511122
88.2233731406177,159.590629832615
-61.0898644933368,136.547599016194
-264.122033689451,243.410145992868
-321.567270413678,188.838322187097
-314.382687539966,100.841226575722
-42.4678574200661,73.1047144254117
-361.036899986124,102.694784254447
-233.292009445746,71.2763295790651
-203.851844725617,93.8756469263808
-466.916754690305,105.972453453782
-485.377562303715,88.1296873466927
-452.41912130627,108.509028418193
-427.566649269029,79.7294714348536
-231.364810896208,145.864971703086
-396.843983248778,198.062802652988
-257.280673148416,109.283198230958
-246.345531419371,144.135153574236
-502.707732314477,93.5844957578302
-276.070927823665,76.9566397437156
-20.8022715545958,110.829777521722
-355.686038931091,104.569451213516
-600.990127726982,97.7587692989327
-230.429353496416,112.105748611109
-215.296892136015,45.0739190122931
-206.37813523256,38.200676944638
-239.827192418452,71.6346035348688
-433.083762963026,24.619284109096
-883.008060730193,42.7442233664915
-469.129215738278,100.091899443702
-307.459256250761,104.843773611414
-429.044517817118,104.860222334974
-241.183459468099,87.9418930405009
-275.275402388419,140.806870772911
-456.899557609664,140.091378950674
-662.688357800536,124.217215188692
-1101.49579346717,171.756233150569
-481.421437731682,68.3405558581289
-873.597147534936,224.90131691331
-1282.33878631363,87.6322596530954
-610.257190687744,177.763571631251
-289.77132477297,97.6534857804363
-130.072987666164,105.43976865655
-267.475657871479,75.6248038299673
-295.261777985346,122.146628050003
-288.500134616363,147.944273936009
-305.019838011343,44.783888580816
-160.027923333721,71.227084095488
-99.3107346389734,63.1029662793771
-17.8529495211114,61.5962884177734
-406.822421096425,51.9674028575973
-383.972053042075,113.355521690304
-247.447611140615,159.23835567999
-363.490801717511,87.1725626267471
-248.194764247732,158.169848496356
-358.303495343531,151.521530539147
-450.883814739358,79.8751597349542
-385.259553647236,137.605839221818
-250.396625971858,119.781569431158
-388.666419413647,63.6740023942548
-376.114809638791,106.152001450864
-61.4136162822178,51.0338937418273
-159.668146083073,137.795700625298
-223.198851646972,125.174623709143
-1137.22893500931,140.975511578074
-394.407763292722,107.213087973636
-309.253017487208,114.04748329283
-204.229845294831,64.2944851237553
-213.824198451039,11.9650602201291
-406.701237390145,62.0824552597405
-101.514562370896,99.5672206288873
-343.049632334383,106.18057841828
-245.843750944545,35.76717743263
-416.752246487584,145.371061917394
-539.174967125,71.4779838372269
-378.924098884338,18.763639184137
-27.7123307119618,52.4966184575751
-171.169321917987,76.4099022671235
65.6002809037018,52.2445989107218
-61.046622617645,34.350396638416
-242.64658383753,29.0197265426541
-214.915025745493,65.0948845406565
-166.247500471654,37.6054483833723
-234.528838226674,40.2552836268733
-116.716556293803,64.1369652740614
-228.714394041508,47.9016251974826
-158.717533422969,35.8071097064749
-248.545639438424,122.748383548067
-420.496796246181,89.2651551967429
-221.863556359843,109.140818423184
-590.638707447222,84.8553451618936
-213.643188494803,99.794666982998
-66.6402179226134,63.590135550221
-171.996100293691,54.4236932215281
-463.850507288294,155.087522990565
-312.399963038333,140.873147604586
-327.949844796531,65.8531467576977
-309.916502259934,196.836833132606
39.1864122172265,84.40335522026
-396.277777591546,67.2415986155247
-92.8140753775806,121.412189856084
-286.834560681877,143.235926355776
-120.95947311238,34.4574661881852
-54.4646346203808,67.0850385432132
-130.18412861379,97.9994420899311
-197.641017162367,67.0451109485875
-177.226347471587,103.812955346759
-109.435147795812,67.0918230231036
-123.945283577923,32.5549794090039
-77.236261277114,13.1714002110166
-131.715297536139,29.035720276964
5.91498668078202,35.0717215535005
-41.8078400417544,15.6361222251689
-100.57996362204,12.5368455440184
-4.75965285456186,15.2157176999899
-139.651706894707,25.1995779359113
-80.1727662978392,35.2184256130568
-97.4642379769648,36.0726957018778
-34.0349776487419,21.698317625749
-180.455737140772,21.9167987618493
-142.160166603979,62.5644714505939
-78.4663451137021,50.609819577945
-228.046463498875,67.1936766062354
-289.571413142834,83.6162357537978
-217.670157107372,122.899505314024
-59.2481091662485,142.91925572748
-564.11983052289,142.167378126564
-545.786764819824,146.315426799149
-103.189768582553,127.581430453305
-258.117521136544,79.3981671593756
-36.4966086118729,65.977365391358
38.9523605781433,30.640872123302
-245.161993666201,48.6387562197197
-234.452751513953,33.7543724857969
-35.6770570912195,63.9919214523543
-68.007995697204,77.638796059895
-231.39988404476,77.7401074777681
-127.021939983879,55.0287332152839
-211.416448905225,27.0296640288689
-126.365967790858,29.7411991621047
-75.1951512760716,67.2275744251383
-137.778820275948,21.9843520483118
-261.516891077088,46.2964173742766
-378.162736791171,56.4038053805853
-282.542109057511,56.1909530499597
-259.951743661775,59.4154823832068
-147.455405287297,41.2720278633642
-507.469367770522,83.7929118937245
-166.253860446252,50.175403292058
-257.884637324685,75.1604892696487
-186.147581526242,77.8759397028261
-186.076828471814,58.4105722162931
-297.598385702062,117.875200776005
-634.059380397674,77.5779190684552
-234.861617674964,135.146168381478
-295.366591225145,57.296776717194
-228.10105792441,93.2940259037423
-286.090214485012,119.798539954158
-385.174892858733,96.9166910668682
-501.395097465778,109.915525337863
-428.234382747884,106.093973442898
-524.978928348708,140.554438388353
119.235234545034,186.178834777944
-504.891449134171,130.381769138345
-600.182264093455,173.39251654048
-678.647649769118,152.659799551839
-266.203064189072,212.746114813045
-185.601201112975,47.8632298137818
-495.740514947611,207.023519755538
-346.508223154742,109.779780009922
-80.2787106240285,124.690417730468
-4.2922886913293,85.4898401201644
-208.572543560993,70.1998015051213
-306.07155854044,108.287904193223
-433.540284363771,79.6589421431163
-449.856885719972,123.660798013036
-218.059917627543,192.861447737145
-237.815069464297,72.3343514468361
-291.199029087235,61.2777918314969
-480.91841641413,98.6138093888439
-41.5525318662585,107.539886653554
-496.654366313363,74.6753624362699
-394.392749657927,64.4011162798279
-498.840468868011,142.239819160546
-57.5119227176838,159.862342614389
-329.853855719746,70.2204549572095
-287.112091814823,180.296752573748
-267.299453641201,99.5775198337797
-290.995493476854,87.4362403486157
-459.685122194001,122.965169234551
-200.985487031277,55.7833879754544
-156.114898112817,87.0378955310553
-139.687298550172,65.0445175623427
-196.758367428971,60.3002179489849
-303.592522252904,63.9892922451545
-192.178124843118,27.1426906555716
-99.5089967172753,35.7928717362083
-97.0370185965439,88.2267127661908
-260.981357965376,35.2802931576225
-156.337619315369,43.0805244790536
-170.22210030628,53.1103303973505
-286.524237311592,26.4905599409685
-170.385656641854,82.0004197491871
-523.884222048742,113.551752071609
-207.991015237153,38.3873126274848
-87.2979578162922,78.021058235674
45.4528922917088,33.4581577079734
-211.163213306318,31.0078998514364
-333.961272424931,67.5946891544372
-168.105947504548,35.374158728926
-190.232122301561,41.0550973682184
-238.390043844411,29.0700675674307
-270.1033952258,98.5655521910376
-544.79829473768,110.292419643876
-509.522504361896,77.7489261667288
-181.439685102818,41.1593617870458
-185.291799884268,46.9961274073303
-190.230518242553,63.0477648438141
-157.579846981069,33.8394289378484
-124.786923162421,30.5398725703417
-124.047005361557,53.9384207891708
-215.867785851202,34.6304047734848
-78.1259710951053,33.7205774495087
-95.2428364142834,63.725516652863
-369.894097435143,59.823295165872
-246.137897057849,87.9565982136519
-202.890400311066,45.0507232815798
-95.224919805245,49.3702109122096
-252.626798686993,50.2230697175255
-452.245864188531,78.9875185236742
-270.353277231757,77.7937290567497
-421.271186692422,110.24927377136
-443.902089257623,136.4040597821
-332.532038358464,189.868376603277
-437.822889567629,64.6173687411065
-281.321306279002,37.18558405769
-320.222373432029,160.465921589843
-333.241806289407,77.6594951104998
-472.034540919318,96.9154016833345
-176.75043822483,133.158304653829
-12.0901194838245,85.9321532732865
-338.481252599311,70.4329775792139
-37.4668477492123,40.8395741619588
-252.889149119033,53.3477201853966
-57.1946515945983,57.3030259975349
-104.553922334075,127.611436706589
-325.07960391485,168.381403227955
-432.274935737558,115.14828161661
-824.51496673387,113.517339403039
-674.074823165342,126.058044974896
-196.699246600328,150.63845515938
-526.946467673055,39.9658409208932
-140.173438539117,171.514821646473
-559.911125267892,160.669773614834
-532.863382341806,119.614203380377
182.745651762309,98.7451121232734
-200.559798369271,62.3747768885805
-109.340774247874,31.8181392994884
-191.957671070064,148.236542092316
-643.7080660051,156.344992342347
-328.578577588807,115.401662297052
-145.928548764656,70.9447857071355
-181.980897488487,43.3164287864365
-79.1765436816495,70.4734431219258
-517.282392537782,90.3858007054514
-310.016148586972,132.369632156488
-118.768433285637,83.2946390102152
-296.113057928356,128.00285423809
-530.563063751091,69.2566093349524
44.8239510105814,176.95388172321
-259.968243977455,62.5954211860517
4.48051820918045,22.6258019579573
-703.93308857434,114.992684524135
-90.650927814655,129.741509297208
-126.960698445648,120.138266152113
-392.057806060504,102.925614083928
-279.836208728113,109.277001498878
37.771731270087,92.1817516260489
-125.574825139862,56.202076589514
-217.156981838431,105.987429201472
-387.56304513252,84.3769081678001
-416.78044956876,77.6451788058912
-387.098706539851,79.0955055548329
-273.981370876398,96.9406525268569
-310.040633862489,89.5358574615384
-451.279105182679,113.613924452045
-105.844598383876,67.6886579462443
-85.0643327195721,120.587696320945
-600.905488542216,107.895599642099
-603.505105369921,97.7132907368032
-575.271458757379,133.211339339519
-499.775863995994,99.3558371237013
-300.280038772777,95.3102177619876
-430.577026075764,89.8461133008241
-654.773951748648,175.74064388327
-356.930673067662,132.365587699431
-338.322294415797,180.734634582375
-286.51142095172,98.8707056707644
-420.125057840105,143.401931619581
-608.162352390165,84.6419341810679
-306.980130627086,107.467548960733
-406.709587907433,160.109703336508
-503.890884649998,67.2307079768943
-301.821728092924,83.5826073557682
-290.003728002906,52.6627277738298
-150.192783942301,44.2019474623521
-77.8835891246636,69.9609818177705
-23.7270591644847,44.2870031705679
-141.010653614212,97.9254407691551
-65.1851475173462,30.7756725565268
-227.116514355461,50.6958066819789
-469.746431816431,78.9508059390937
10.9890787751938,72.2290568441822
112.189849453182,58.2803469331993
-56.9413874280435,55.0550915795848
-323.40887448164,130.887460228143
-178.518699649605,103.384298279983
-423.416394538144,93.8698173314915
-213.18628002944,67.7038539026398
-60.37811646712,60.0055512723484
-352.864884342824,84.7290185182064
-83.8000925006199,90.3436719056917
257.007379192224,56.5066231690871
-38.1091463197608,48.369947531959
-387.299144923083,48.1977809224918
-298.982053370793,95.1459839298986
-119.698998439018,169.679639340944
-542.382195090031,99.7384758872322
-215.154512831563,112.4922108264
-264.115728168166,103.190525057129
-42.1153382365446,96.1765400964359
-214.377494930508,37.4394800645823
-247.900844429867,38.5637659878412
-21.5886423241609,76.6512047631913
-651.410567156505,84.8343279972687
-146.133374683312,122.043596307933
-333.369608672168,189.882441060625
-125.998231167403,134.833419145376
-164.576606793173,169.543926931336
-313.545585640864,149.729475053115
-464.609359082968,228.099450743262
-408.672346952895,77.1632892276539
-189.564628872067,85.8768609001709
221.264537509371,119.092698522436
-364.58704484372,89.1185505544418
-311.366147416091,156.245612830651
-354.126880355921,113.853746870562
-43.064320699581,95.9290810157545
-691.276963246972,193.482245111329
-863.278071429697,170.69424701947
-378.042095550598,92.3095731059002
-295.196878794828,61.0575947080069
-213.805888949675,151.408460427956
-351.021268222248,150.930514489592
-440.940526007093,154.233900529194
-434.21828804515,108.431065594312
-49.4296384743357,74.6624244172735
-473.232019722935,104.478300717929
-200.250367533998,110.295397962851
-118.503978954308,84.2584789755892
-252.864507228311,119.06746633556
-486.999807747867,189.058702927548
-732.067348305485,90.9739539089205
-151.746094600967,25.6261488803575
-640.981703402795,126.792488038554
-557.181213891577,77.9461534086877
53.3959408118553,54.6990770678676
-686.81882036625,215.842847570799
-430.075512266194,124.168808253353
-395.858670403832,141.294499522941
-479.323175285812,145.64018453451
-348.109872754634,121.80180633736
-150.217254941461,114.077744115493
-593.775275294662,162.680977106274
-360.386222098386,216.940431693765
-315.202954695102,115.230549557076
-203.973092105705,86.2157304566354
-382.431684299168,106.210103544785
-66.1914852627087,94.9769964910665
-382.349489195069,1.97616728416324
-465.227511999372,62.6019401642188
-687.998315902381,65.3481666982407
-169.031520175413,111.494054691699
-56.8719788029921,128.629504371987
-322.003222280371,208.600442654628
-183.593524217853,107.987357698534
-582.244395113215,92.9124483728956
-311.174923507555,24.0634856384349
-282.964130179847,68.8289081051189
-206.688113010649,65.2015697717434
-159.483355196207,53.6647172887824
-462.536061167135,84.1800154456432
-426.50376877642,43.6508015493455
-210.64915082707,117.617831960233
-309.925575540636,106.237999651326
-207.876117085652,46.6919543400872
-147.884370310005,28.8050987399911
-450.088403252623,45.4323867807543
61.3457250255797,58.7759810135176
-394.684430602179,103.044726094144
-324.755216405189,78.3271813735082
43.9915868213866,51.250522173068
-395.425841617573,86.678318736318
-355.124348244317,115.499873446737
-176.129685117472,61.5343385443048
-402.158648634084,54.819971505096
334.774069137129,157.484404945237
-198.346635131733,115.179974162675
-872.16783031977,80.3167175769286
-101.390672215866,89.3959150736628
-813.633913807775,129.854992937673
-428.991740646612,109.125397178737
-47.2815459817466,74.6120716197493
-41.5356127410196,95.584492670896
-94.7171152544033,128.48581314223
-327.511091006285,102.25063548013
-165.3588712856,103.073598102172
-349.451245287128,51.8410938338493
-149.268395841696,85.1629463218269
-141.41616857372,64.779198735574
-272.706834375713,88.5989828038291
-952.754910856878,59.0696927227418
-177.463094504317,51.3091498194408
-143.029728087677,94.3364924476555
-296.329288324923,92.1704145282856
-413.183470947901,128.183371929606
-168.330866280012,69.9678103707265
-372.104028255882,105.422370027896
-287.41359299059,154.633736633987
-274.856142357972,84.0830090485688
-337.930830704352,111.101117115519
-183.928693635913,67.4159310309078
-288.206723167852,89.5022627053913
-384.915435485367,30.5156022069568
-557.416682322844,88.4873076540971
-436.096163608709,31.9218375079436
-264.247205452586,125.275544922271
-252.470501803618,141.880309343964
-188.546171144422,131.663601406886
-474.155207409873,142.252736705042
-232.625921164057,132.409531851503
-157.707082296198,26.3654992410447
-101.800912380255,77.118938625179
-270.986300554061,19.7719194991223
-110.06437738052,156.609588776431
-2.22053829202196,125.627256596483
-593.22354232458,73.1141743966291
-374.451793451368,73.3320041325205
-295.57280916028,95.8843062064589
1.85462198092137,46.7029995573102
-18.2777310562815,117.359761463245
-418.150224222336,111.05369503593
2.91278109078121,97.7933390661346
-539.553988537802,146.153734720865
-122.797042563938,99.9023292153433
-341.178880666843,188.381913105282
-1086.18224025454,137.595274678315
-318.997573401721,137.519935718636
-271.637892016093,128.804679684457
-167.065426037108,177.971409938866
-138.471904548438,52.864697703204
-378.58651845223,88.3131946307549
-198.986651913649,111.612991849193
-271.727096466188,133.710603524763
144.329659614678,153.359176801794
-325.462692568933,197.190118092898
-464.430129736182,144.621788114702
-468.997214836796,130.932716631462
-776.685152888516,199.638286519927
-534.443361798517,73.0983515666885
-361.066706431429,76.1495982818888
-207.930558806607,35.5536742386903
-375.512746197383,101.557561276481
-163.037785998236,91.7186824757082
-301.955113958695,69.9038626578404
-388.520049201543,115.353896758053
-579.40705327571,93.1175211719783
-143.701488765248,79.62592490924
-327.250322485255,73.2974077582476
-424.83123717882,81.6168386075842
-228.263646328764,65.7585757113993
-69.0606467027246,146.613414399384
-169.600615061165,65.7801610801253
43.519042178501,127.902663325235
-263.638766271222,45.370038412133
-255.851436444907,79.046591680366
-290.860019729633,115.182355835614
-117.378581617631,91.3538327161514
-260.82118320142,103.403963976347
-167.139572297077,43.6660484248277
-111.122640033718,76.3353131717595
-692.231623641055,114.038448905088
-659.654213254486,108.139590998588
-556.793467437596,120.753167830699
-523.23161145678,173.081976383663
-431.011107950584,123.201594351354
-858.658026680961,88.6335519303248
-262.308045160753,84.5367827026639
-451.420090968852,102.410158486164
119.443566091359,75.4973211031756
-72.2518989896926,69.2527248016122
-277.730306081256,89.2286269932956
-297.62087617931,103.911793681254
-287.925730080162,84.0184415740368
-454.365566471679,38.7000203408752
-994.74203441295,132.618147368743
-367.137902592469,9.24535327000558
-288.774176220914,184.932835141604
-388.701369844828,188.605099116641
-15.4079768851261,103.572417224867
-300.705723576014,142.671901126669
-265.806482972315,169.558821812061
-248.48736919224,146.272565445048
-344.971786656955,19.5146346542024
-292.183583162157,113.717762534157
-442.786844870978,99.6956680111962
-84.8498547395975,11.6682652215968
-436.960000694846,58.6589666841028
-101.505479253246,100.765688813335
-303.890589499526,194.166803697728
-493.452149664299,195.849302797084
-934.475977468568,266.999387371485
-312.745566178113,161.684925864691
-372.159013342258,131.228208273213
-350.56952010603,55.6455497971037
-205.30849641301,107.290652838703
-725.75223712009,94.6349819464958
-384.2000904714,126.015690763074
-510.304064561959,72.5026371969725
-526.399287116459,116.339608784365
-332.789211003488,50.7057127856206
-140.144815178253,41.1251580389871
-509.294725206186,61.8346720628178
-122.336980085249,120.228351090525
-164.059328847594,81.8104341996368
-363.592629106322,173.741069706521
-220.895957023771,95.5596575902673
-186.825420841695,152.03382417678
-902.191537105493,99.5997554993519
-563.278041885748,125.055270973018
146.873539485745,91.0520838750817
-215.325922875345,140.399982480929
-311.827368229162,98.1921952341618
29.7154919331369,121.51882838404
-452.03457758608,126.470733578866
-349.441087198938,139.347846780074
-250.517991517423,72.8900355690494
-138.407723092518,-4.75100633621332
-102.933630332656,53.5319388590287
-235.407156141566,16.445696829498
-55.8491187702748,56.8135679655825
-126.242858723213,59.9801255908969
-132.057812226732,29.9332847640108
-29.4626267556014,20.4724488167558
-87.4315041535501,39.0494507894182
-158.501409355442,30.2659345218271
-8.68047471560567,21.5008177412674
-105.478507543841,5.03729019920866
-124.865377478338,26.0387267497426
-51.6591265769093,18.0883335043181
-85.676334821299,24.0155749052647
-52.0774624280239,20.1098008202243
-28.7904822908185,6.63426428553066
-45.6699834944448,29.5602789501427
-107.88117264137,15.7851385330869
-159.555236437111,25.4445395696603
-62.14608178669,16.9528615250456
-109.729680406788,27.4233631978859
30.6166474391648,20.7251189896706
-41.600066076634,23.5130407612814
-94.1042673896227,29.5971270670634
-62.3463454553639,27.7507444197254
-56.6707405234338,22.3796864566731
-113.668357380244,14.7083615682131
-41.7932916473364,18.2695928199682
-61.5131309530552,24.2764040387701
-18.4113340690674,22.9989888637792
-56.2538614121149,23.7351991425166
-26.5632123537071,21.0827619849588
-67.113811389594,19.6733886104194
-85.6184850141872,14.0486668665981
-35.0031341815775,12.3310225587047
-20.5282428278588,15.4122318962181
-68.4385764178878,14.4174046544504
-93.031916284257,16.9243279698712
-35.0539001989528,12.2933168991294
-8.07913597464358,19.5014871361127
-150.172810910502,6.24516515628784
-78.5063504097634,23.5970048786221
-91.7664516483928,15.1829527215605
-50.1179768936636,17.2796312899154
-94.5897064448982,15.649651890606
-45.6533668625052,-0.29946915229084
-81.5731575392638,20.1145800916565
-47.364033093836,10.8824409470108
-117.028248396302,28.0160874983267
-129.250239614572,23.0727716093388
-95.4206906145009,20.238639426243
-73.235926089721,20.091942668987
-123.920195925457,25.600967325252
-120.191508978678,14.1946454646823
-90.9680198919878,30.0424996245711
-22.6938830491417,19.9378947913428
-151.743171216058,37.2881882583752
-43.3278510419041,21.4978813922789
-162.385291307492,52.316517601641
-168.320753065462,30.2101035911401
-41.7954167038552,24.4986346518563
-109.818003797525,57.9666846576511
-165.312190589379,28.1995893087878
-88.0917330219236,28.1082389787189
-130.40276145258,55.6987396590412
-99.3316705858124,27.1737532973057
-127.436196771366,28.00565353813
-137.113662917043,21.3292135262564
-96.317825932043,40.6092440900757
-187.588705850656,23.0669730420705
-66.8487314667,22.257137372635
-61.756667006066,20.196453577606
-57.6781987844151,33.5142287768831
-11.4678272750753,29.7540950999537
-80.0547930597131,23.1308606670063
-14.3963623667805,11.5941062849161
-138.581789661795,24.9567958599291
-120.063995943457,30.1120331231505
-135.968442228957,41.0151694369561
-117.703292970484,32.4280771780759
-108.404601805742,7.56442238255113
-132.536331551106,29.958124656463
-173.76861579479,22.8731247061078
-103.90778325322,22.6912763783475
-90.9670226791604,27.8878170775715
-123.442793010305,23.4890060585749
-75.2678340942148,37.1824947065616
-196.900463667735,40.4702918292023
-87.0465183962951,22.3702158502238
-131.2583706351,24.0428246234078
-161.955587127246,42.5973719603498
-127.781604528253,67.227342103819
-203.675059787551,65.8248868860301
-211.896289967757,36.7003283352387
-66.8010685934132,84.4115969050836
-256.441490079,74.9390553379744
-88.2284986555896,50.2237976856559
-215.094337689763,120.637421982872
-169.566783635632,44.3623766501805
-271.138215801067,1.61030575995392
-358.711317543628,95.179071744642
-159.704762522379,48.9332142364146
-65.8219958216359,88.885014909145
-233.389571368898,107.74430537202
-175.80478344304,130.744976881826
-104.389367870598,140.796496852996
-838.240115137603,36.7877636746853
-365.629762138851,114.88059132405
-310.865151723352,92.124601170799
-328.567848463532,191.26742804388
-1481.43291447821,149.66502669343
388.23691136924,186.684326445938
-674.921622579549,67.6256047613278
-221.681341287098,179.536267562908
-319.525268090976,172.402424397907
-645.83194499102,137.75643837238
-461.11454590016,112.600455837935
-267.988558169498,152.712098259712
-730.096853190465,136.149687917496
-591.207881046893,200.811654864199
-433.358415182345,153.851089892378
-257.025294344669,98.2823385639203
-280.807645908251,110.429611038169
-203.668088832391,43.2322537879008
-143.805472982298,71.2316276753263
-575.772098049082,88.6604206595948
-195.046708329377,80.2430303984074
-39.7020059663587,57.263491891179
-179.555308029114,85.6758117369827
-362.848860635961,95.9573450624248
-55.3524023999198,38.5058338014933
-96.2401247506205,30.9643152255157
-131.517635076889,34.5290064570872
-121.743029929508,19.2330817947586
-43.2228898334361,70.2894317882328
-190.57703257208,78.7847182116948
-124.371812261743,70.2303740286443
-44.7933841313643,39.1012466421525
-351.770169751253,94.8190782320889
-377.600745144548,139.556055897279
-324.390432012966,112.543001175058
30.0591405538726,74.9576651861134
65.8105676892301,36.3550486071254
-101.565562388605,52.7107171185489
-89.4582964239362,61.2250574868958
-196.572683480706,42.764861787844
-124.740105287754,45.1826744914943
-143.86720960011,42.7915493507026
-126.494315508913,95.2810781322987
-262.046120147104,75.7935122631025
-168.52846115777,112.592920223848
-143.112943079157,129.259364945176
-234.389216273856,94.6800615709508
225.515206176002,67.1065137726109
-358.92772030762,80.8452897530806
-508.420922293604,27.458297962803
-347.997292023036,145.561024929673
-249.508894828223,73.1868935280872
-75.6064374165435,92.2588183599582
-478.298820150878,121.585325732345
-293.16541398532,192.718917982682
-247.593776588168,104.199094368674
-484.146076078672,107.335334434611
-28.4948264934646,57.3280536499224
-143.641985206188,148.745103656577
-590.703093423916,115.046304320731
-337.220855710846,32.4543817168451
-386.122477725425,101.845150860259
-428.854653957009,82.1051686153805
-171.923332284088,107.705208009986
-354.066874043245,61.2293215646496
-36.0819626878656,70.4995550016356
-150.998153865411,97.2180033868062
-199.643398218963,57.4488993070263
-192.942511512454,67.776061305136
-280.76245700026,84.3125816605461
-264.076951428666,45.0196592223219
-108.166356722999,28.8684383827349
-91.1309582901158,65.967712156671
-543.997521647863,13.8912271257432
-474.963277821633,50.4448683064256
-308.31761561348,63.3290969276168
-294.78859482277,92.0180165840284
-74.0081988356833,63.9993471319758
-110.081583664782,59.1911156459282
-204.840078410023,80.4983089379675
-147.927406489034,92.2726580913586
-231.10814255428,57.0946612238404
-269.447946821416,77.8449811772298
-514.312640481425,107.819089650773
-56.9573348986305,151.528917885989
-103.118884038762,149.869448083147
-211.383172830479,163.976546226681
-139.999105546856,142.852520376182
-181.447824812931,96.933375695924
-137.523269908392,125.800775632801
-141.328822806623,184.313974149423
-702.392265159069,149.252061797844
-75.9084665461851,186.33071518084
-299.869596700679,78.0297866174151
-550.715076203283,112.403783738497
-1189.61032274235,140.278243552137
-544.510145737804,183.320542969341
-527.493714411416,139.287820374026
-125.283797342207,81.9283922977338
-99.8453621261287,77.0007868459888
-42.0867022769962,107.031140122039
-252.347410118629,140.856434869842
-257.328611835899,90.3547627497082
-200.256017346139,64.5344121876115
-391.446607633596,82.1089599264342
-166.987146329469,125.574847815005
-243.293415955093,139.089090776382
-180.808505228488,107.797501033625
-241.292403271931,46.5536462320306
-399.778431945218,108.155534989266
-134.510762066333,69.795124526453
-217.551854101657,120.968928921691
-319.571344490498,57.9208474912884
-513.147613616005,118.360276056235
-223.445427778395,130.035176282263
-317.803152723282,138.918754800587
-257.021753963825,85.0828158083168
-140.162187184083,74.0484510025162
-358.160820905323,106.719037534058
-162.305319945008,139.837274446945
-161.951385598055,162.198853669783
-196.747270388347,42.9498854956764
94.5852903818159,54.9713606312289
-96.4054893911571,62.3398033009507
-151.484259227108,63.8835507483163
-199.348814963087,76.9042469561682
-223.185492171338,67.6115373006905
-114.937130747086,45.6210012824813
-136.486804091044,36.9904049520264
-155.553363875853,79.9556223448308
-150.814057882788,3.65895410246958
52.2547259429994,68.4763615320408
-71.0040578545013,36.7514129597694
-38.4446400359229,46.7995970307384
-285.933512399075,39.7070075093943
-259.898625287373,51.3493744443404
-290.296699601517,89.501814662126
-577.765664862236,108.444785106753
-388.955956369753,84.7387474198622
-424.332566124795,181.216382251034
-283.388228318559,86.1810978363646
-124.29310076269,93.5237245480239
-155.309545706637,52.3017476759924
-251.220491400207,20.0942516815849
-259.221069996769,29.6896868581825
-94.5881920707179,40.3222870762402
-152.125857154839,16.9806047934253
-495.7492657619,81.1977447206568
-99.1543186606941,50.6700016574905
-244.870573100055,45.016866927399
-131.072682931612,38.5088009213341
-525.773441761645,69.3113947788079
-76.9820166645513,49.2333521454475
-216.203120922407,76.6220379669103
-271.803620725455,92.4892566829221
36.7748534131915,71.0063386059992
-175.747998576389,118.170006762317
-216.408470654322,106.039365341137
-207.10795541315,53.8181628310776
-461.307459790958,146.222644195224
-265.470656434292,113.624432800323
-317.418018323777,84.5803753861819
-353.622219596007,125.602207579439
-235.05900303327,59.16711669488
-448.728129777817,89.2922916942916
-421.889526285013,84.1173377697705
-10.9208350831432,105.781816572788
-595.044669527837,116.884647897677
-614.656676222934,44.7540787587641
-292.690741543818,166.844867230757
-551.825479711901,190.628576377494
-134.183436863939,156.639072131977
-630.736516483927,110.949829125282
-570.559446694984,103.903111319971
-611.325215809098,158.901102210621
-751.389954340797,184.701440424382
-804.563751336625,96.4812973347216
-97.2242307392735,155.755569505272
-480.640292991679,83.8097081396991
-199.459692018994,89.9238039327174
-88.4309824763368,63.5614118212325
-293.037170278403,105.587389290027
-560.212355762811,146.867936229857
-673.332262520038,113.572045895373
-425.228327823192,259.465053965861
-585.506900919536,160.062991033352
-157.333717716119,109.252050214141
-261.516846641767,92.453634914993
-153.625659919049,14.0781304115371
-111.810146191077,93.8229677423369
-189.690544253514,76.4918901613564
-323.999908003956,141.6092266837
-548.355095685249,92.2461719652201
-169.364414448559,121.49406877259
-408.620317931156,79.4290429252014
-66.0058871562724,41.8531207095075
-486.786151504399,99.0943398656236
-67.9141935280713,111.51696900995
-293.492296241078,79.397388368845
-231.146583064488,126.662046012418
-200.743069017219,99.9143073138985
-215.597622761496,80.5319013741973
-234.759108035432,43.0573935477987
-182.93827600489,54.6697088185465
5.51359754487567,52.3089028970571
-229.661497352063,73.207416008634
-183.088605317978,27.1939274304896
-32.664032151486,68.189149449674
-95.8906526679639,40.1463589025655
-140.483082441307,70.4307909132403
-80.76811628016,52.775428213703
-34.8926044167019,50.7384350120847
-156.569540157769,40.1107648727775
-20.9713337651046,167.353414741112
-325.059005405354,87.9059409280162
-213.090598849434,137.620300784271
-386.513445694138,63.2457654305617
-371.306123366223,107.763236244266
-163.799196143751,73.4086242685153
-284.074124599207,63.1111118241606
-167.355108002404,40.1379538660658
-194.590477846701,36.7829983919437
-362.232161937689,108.738845515785
-167.93816711417,109.797432320396
-18.8510474983341,71.3815843746561
-282.914900177188,94.973417247289
-219.12185141223,129.494343917286
-475.520065811608,61.3366083810542
-533.869816312217,55.1243733665906
-119.32725676884,78.7227943135367
-497.1810835785,139.13153536871
-157.990382276941,105.914681102546
-407.089574894489,72.8781035930147
-332.164621746895,137.903714393065
-89.3211122917128,182.547977134149
-293.488261947074,52.7052559322183
-283.053274577804,73.7999067364826
-331.728009357437,79.1027722433355
-498.732267525127,77.5595434606366
-342.443576438265,135.770604596975
-262.108183554563,27.9875075075688
-144.319802400329,48.1683666228419
-70.9385032675491,62.5991427082481
-93.3840532943723,47.8109963422539
-259.182650100614,86.7454155280866
-302.090125727889,84.3979756585322
-484.62718751765,120.410140847356
-672.602605932843,39.2971223331115
-136.211792622868,87.8639817369403
-368.256888563177,97.9535050169507
-1461.53670131546,149.302097950538
-49.1724390777817,138.520640205184
-222.574518575304,123.068723597957
-344.992378720446,117.102894257518
-119.015725911784,116.397859029174
-195.214750857769,104.390480333939
-257.077155420797,65.2962121654418
-190.732503248262,122.531214772236
-408.549330001832,89.0953590308491
-335.487552988474,121.280514585851
-307.942451086346,152.5586686769
-173.910937069631,117.667104285298
-982.495038969086,159.32854590052
-240.749870511165,72.0569090130884
-230.280532072058,176.73890450364
-393.654228624742,214.466630200652
-899.422540601605,37.4301664855448
-29.0556929000159,94.3725533795368
-449.321535270632,128.310738727305
-340.038361885876,102.65927828764
-455.655028367742,15.5016140677617
-453.180981653248,132.918550911829
-335.322615689656,89.818465955439
-243.974624582974,72.9570412282774
-193.040445122653,52.519040400628
-64.6011926593637,106.371191438155
-162.35979290375,69.9065621446389
-39.3192078104621,85.2666312842921
-205.949948333247,29.2883690501258
-48.9446078715773,57.1210268318537
-301.156129365554,96.7867296404875
-78.746842314984,40.0082089233765
-333.4996769953,76.4040226112484
-246.173241502767,103.774649062791
-69.6290077330923,87.0201764229278
-0.0046135974189383,24.0885793218185
-85.2956311867747,17.3569629060221
-115.732858375064,58.3133390862931
-147.149256479694,50.8100736806082
-102.728093615224,40.4684426373242
-78.4738016958727,46.4717107818069
-158.51969519569,37.4113976077133
11.9048506508116,33.0318883125401
-237.390944840881,50.0506500147167
-241.789638216273,34.5593812596999
-51.8217487404472,54.0440723585416
-45.4184354055178,49.9103258692558
66.6152445191692,151.526881211234
-255.65492583641,154.483101524864
-472.815622295228,38.7678633137548
-316.194442280015,133.05530624522
-315.586464860942,139.179405794029
-184.819682599395,132.1014184589
-308.455429712159,159.73601046453
-440.645965287946,201.052299096889
-427.820913328662,213.563856353584
-349.139185071021,175.745080984743
-232.179228359499,-9.88647669601778
-235.81881640706,116.593050757045
-82.7185364286415,134.125053408359
-259.675515428651,108.238535726632
-100.455146136679,74.0998916966491
-287.478785240186,100.094422593887
-113.670617087715,108.955748880013
-209.732261080178,154.61533902026
-471.858864770635,159.032069709938
-47.1589905533183,92.7577034725691
20.6762966230744,103.354292683885
-245.058458630352,49.3713428913034
-121.876907315269,74.9839720504242
-132.34672505645,107.981262855421
-309.697494511456,65.1705957864178
-161.330606664676,66.7695465691359
-628.2862272066,79.0793037596036
-482.173519752403,85.9334022268595
-415.185767522838,67.3087167023878
-321.077340747783,101.297390641337
-182.907566789392,65.8657909897956
-99.8075304610684,12.2790438317897
-556.314797827976,184.443196329867
-525.200822240786,138.10058096633
-101.939049020672,70.9239572485967
-43.3272179337509,185.211985063499
-521.174836552134,85.739302386879
-366.623934132978,143.88353148941
-355.401069389161,18.810163698945
-326.704528683476,110.704231742566
-707.968817535184,108.09414485516
-366.523685527395,7.98553150727821
-454.17552165837,112.111406726261
-562.143769421546,78.4653946447088
-353.097098538216,155.771305303046
-69.736282056605,45.0350473632498
-173.208437612862,89.1999064066476
-467.227127570615,60.0524131239799
-350.702872820541,53.188082405919
-569.59997614754,19.3198282285593
-289.790936526828,89.2028342395593
-193.254878357126,74.209725884507
-413.497099642205,62.7902972744923
-474.615487887946,130.708365348568
-116.48023807304,108.203857503409
-170.26948692021,72.6536677837794
-460.804025739373,105.982239873008
-169.047812564866,68.4675448440612
-53.0502779946983,58.3560522604967
-223.161684353974,50.8902294924483
-267.113149509722,81.4284963284008
-299.904184225888,59.8576789499202
-257.967177012652,49.6232289250183
-150.833588275185,30.1761559404404
-194.212471221181,48.390104597871
-229.47157629901,64.5498745644582
-285.696205398788,28.8840631443309
-93.1948585367354,41.3333960288146
-160.766646892669,55.7084720266721
-196.765833643572,50.8351765546686
-250.244914177914,122.194253272886
-103.401065242391,67.476246659855
-79.2039173169906,45.4615494475438
-285.50332180546,64.8262227030064
15.9872403241461,53.4440744430613
-220.210929374702,110.590693717113
-288.532556572858,106.015028681687
-682.623510292236,150.942514825569
-255.645538776713,113.806597197719
-184.61860606799,114.428538490515
-357.462186715642,236.410267377403
-584.50729039908,116.111103699906
-350.945159880241,159.960319135338
-206.751113250881,94.5295210718468
-277.723171677586,70.5309119448939
-732.800978963438,82.0192728955735
-105.221138572386,138.315649572505
-369.854446918369,112.622075398802
-130.883810846572,76.0532667689986
-102.541615170801,59.2281411685399
-386.401624541933,77.8667964721972
-404.244146480771,98.2586431401578
-170.845957065409,65.0340433770616
-186.543083352692,52.3646171127257
-168.451690316127,40.979461177114
-159.913645511275,49.4146393255796
-167.110208821883,42.5902904556569
-195.601199529643,40.0427279205987
-48.2680563626345,55.344799307728
-64.28968168344,62.4860028113253
-118.083253098914,39.3279943304115
-121.636591907962,37.4850655251648
-118.27907659737,22.6655076038187
-187.091608050265,36.174411041633
-102.651961319039,26.3360248205317
-183.868236694194,64.4424240867666
-238.953761132623,73.9431880955381
-80.4421924443686,23.7963044127682
-86.2145149789576,41.5799510017969
-122.974700605137,38.4711532006913
-119.468512585547,63.4636264394358
-133.022263680527,68.0249916205939
-148.933024017155,38.6605068593562
-307.020036341506,99.8123509327592
-498.316446818426,72.8628630110179
-297.55845100357,64.321897273272
-289.324861021174,27.9031392556353
-393.833788617107,130.765329547008
-213.412589994943,87.5598438603629
-217.05792451802,82.7153709926351
-109.691228755284,80.7100768203672
-258.921209508175,97.6965311006352
-271.640387033985,60.6999631410145
-264.943422960554,124.567089107077
-134.296027508681,86.8979868405731
-173.060070484076,52.2717971456295
-547.478316608031,68.1956701732415
-363.260234594716,92.4505632206856
-238.368825106183,84.4245790426976
-270.391961593168,106.734712889593
-159.107363335468,24.0336802713427
-214.033188705274,92.5726925034251
-489.578369430223,62.030473644365
-54.8622629696329,55.8430321511951
-572.472417904733,105.986627493825
-759.155356151867,98.1516906978795
-406.610675672648,213.38762071653
-391.605964115515,214.792229353916
-315.462090891386,133.150667374633
-77.4804512092378,127.503159327825
-566.10979705691,220.809712885821
-296.922603711544,192.860272960737
-751.685810829134,142.907859518557
-909.922775496168,172.40995933504
-490.691925305495,127.913824696792
-555.01921255725,92.6513896769029
-906.853181230144,196.159173154199
-88.8564637546938,17.9711922045644
-305.355662174814,126.876506267705
-70.7047173560422,91.6962561397522
-318.57005260422,135.517150891916
-230.630059708739,170.145174226025
-1083.29019616783,234.725704293567
36.7446006481041,131.375436352624
-372.851897615226,151.015891080082
-180.909391338806,52.2137978635583
-273.032014787212,45.5294302643015
-444.768226300832,56.3533677077976
-237.562605823769,112.69419139727
-186.204147814104,103.166116708793
-267.555221347138,60.8896329203708
-370.444205931417,81.8648277068205
-203.817110059506,45.623190642802
-62.0351611958176,71.8470756952447
-541.43929688599,51.9071191039111
-279.077357589063,52.2777103147819
-39.4349685151974,53.5878384536481
-251.739029169396,48.42450966654
-416.004951553768,74.623754821223
-127.96266497744,28.4388514632592
-118.409583292552,11.3788898422918
-121.590887949977,52.3038424288607
-97.9415018628497,34.2064272935968
-126.169344713198,49.8512989307928
-16.5633609645593,42.0572818948494
-66.4822936460841,81.120469417634
-125.851708675269,46.2701580304347
-85.5107221287763,36.2526636143157
-107.71300193396,25.2858999586024
-231.060900128752,51.1139839786338
-348.957354549664,48.1249323581942
-349.892548576812,59.7315992559015
-197.893238313314,98.051638466437
-28.7873781588787,102.86008174764
-361.445985549741,82.8384722527408
-219.861838104793,57.6112395831587
-181.005590191729,107.117338856047
-151.311175039204,73.1466294250567
-522.920520301661,130.094599997698
-56.7973532000178,32.6435542498511
-358.615059648597,209.024421564271
-275.158314501547,190.279429585309
-329.355884456236,123.538174314832
-354.632096379632,103.75691849097
-269.068319078855,130.601444032349
-370.529959343869,89.03991752601
-392.530680958953,118.622100173794
-420.749617344787,69.1506287871453
-304.966068420075,169.469096864719
-260.142877995964,159.351369124066
-427.12284764598,165.358514827822
-598.928490963444,150.890433093242
-439.740526383379,112.38487679034
-165.365006070911,144.105288990944
-532.366268292662,218.420858283658
-499.753927369573,177.726093991419
-422.323694700914,131.719472859142
-755.915729812696,111.75253869572
-492.452939331895,191.632432395483
-69.4497275878821,178.247185224755
-699.736131022975,76.9378621308533
-534.680715278606,129.835425150537
-514.071269056352,75.0589893211782
-490.309472645546,118.184160452882
-316.654259788709,167.541722449881
-567.662940832783,112.336894160369
-199.587091392437,132.186110496434
-476.104383657097,158.769224151711
-344.921987217793,170.173279980409
-629.342720491593,39.5829959462644
-194.482578256648,78.3658444567554
-90.2106921338709,110.079957801645
-34.5583408751651,178.21174236653
-448.913195490786,96.71302286425
-217.671024283627,166.272680027905
-191.278004088366,74.6481850012788
-140.229649481349,71.5006769910106
-381.087477246183,180.406152764479
-932.78240324973,173.800991946031
-350.475519224252,158.794891811631
-666.567103050329,101.426879648759
-592.27536344876,34.8940351294659
-640.492799723816,87.2954864128405
-395.543657446451,59.0995848216553
-282.159082965431,109.509966997393
-266.093595127066,119.592233850461
254.950406571137,137.687985412929
-305.468168865351,77.7146473116009
