Pagel's Directional Test for MSSB and RDM
--------------------
Both Independent or Dependent

Pagel's binary character correlation test:

Assumes "ARD" substitution model for both characters

Independent model rate matrix:
          0|0       0|1       1|0       1|1
0|0 -0.047987  0.010073  0.037914  0.000000
0|1  0.045850 -0.083764  0.000000  0.037914
1|0  0.077329  0.000000 -0.087403  0.010073
1|1  0.000000  0.077329  0.045850 -0.123180

Dependent (x & y) model rate matrix:
          0|0       0|1       1|0       1|1
0|0 -0.065463  0.008241  0.057221  0.000000
0|1  0.000000 -0.095449  0.000000  0.095449
1|0  0.192484  0.000000 -0.210595  0.018111
1|1  0.000000  0.036190  0.098573 -0.134763

Model fit:
            log-likelihood      AIC
independent      -409.6101 827.2201
dependent        -398.6271 813.2541

Hypothesis test result:
  likelihood-ratio:  21.966 
  p-value:  0.000203567 

Model fitting method used was fitMk 

R thinks both model optimizations converged.

--------------------
Dependent MSSB

Pagel's binary character correlation test:

Assumes "ARD" substitution model for both characters

Independent model rate matrix:
          0|0       0|1       1|0       1|1
0|0 -0.047987  0.010073  0.037914  0.000000
0|1  0.045850 -0.083764  0.000000  0.037914
1|0  0.077329  0.000000 -0.087403  0.010073
1|1  0.000000  0.077329  0.045850 -0.123180

Dependent (x only) model rate matrix:
          0|0       0|1       1|0       1|1
0|0 -0.044887  0.009897  0.034991  0.000000
0|1  0.046226 -0.165914  0.000000  0.119688
1|0  0.103903  0.000000 -0.113800  0.009897
1|1  0.000000  0.087666  0.046226 -0.133892

Model fit:
            log-likelihood      AIC
independent      -409.6101 827.2201
dependent        -401.5635 815.1269

Hypothesis test result:
  likelihood-ratio:  16.0932 
  p-value:  0.000320186 

Model fitting method used was fitMk 

R thinks both model optimizations converged.

--------------------
Dependent RDM

Pagel's binary character correlation test:

Assumes "ARD" substitution model for both characters

Independent model rate matrix:
          0|0       0|1       1|0       1|1
0|0 -0.047987  0.010073  0.037914  0.000000
0|1  0.045850 -0.083764  0.000000  0.037914
1|0  0.077329  0.000000 -0.087403  0.010073
1|1  0.000000  0.077329  0.045850 -0.123180

Dependent (y only) model rate matrix:
          0|0       0|1       1|0       1|1
0|0 -0.040878  0.004355  0.036523  0.000000
0|1  0.081635 -0.118158  0.000000  0.036523
1|0  0.079930  0.000000 -0.111924  0.031994
1|1  0.000000  0.079930  0.023592 -0.103522

Model fit:
            log-likelihood      AIC
independent      -409.6101 827.2201
dependent        -403.3359 818.6719

Hypothesis test result:
  likelihood-ratio:  12.5483 
  p-value:  0.00188442 

Model fitting method used was fitMk 

R thinks both model optimizations converged.

--------------------
AIC
        independent       dependent SSB       dependent RDM dependent SSB & RDM 
           827.2201            815.1269            818.6719            813.2541 
Weights
        independent       dependent SSB       dependent RDM dependent SSB & RDM 
         0.00063547          0.26859725          0.04563790          0.68512939 
