Pagel's Directional Test for MSSB and RDM
--------------------
Both Independent or Dependent

Pagel's binary character correlation test:

Assumes "ARD" substitution model for both characters

Independent model rate matrix:
          0|0       0|1       1|0       1|1
0|0 -0.046751  0.009244  0.037507  0.000000
0|1  0.045491 -0.082997  0.000000  0.037507
1|0  0.078576  0.000000 -0.087820  0.009244
1|1  0.000000  0.078576  0.045491 -0.124067

Dependent (x & y) model rate matrix:
          0|0       0|1       1|0       1|1
0|0 -0.065551  0.009231  0.056320  0.000000
0|1  0.000000 -0.100671  0.000000  0.100671
1|0  0.189201  0.000000 -0.199689  0.010487
1|1  0.000000  0.038481  0.096178 -0.134659

Model fit:
            log-likelihood      AIC
independent      -405.5140 819.0281
dependent        -395.4758 806.9515

Hypothesis test result:
  likelihood-ratio:  20.0766 
  p-value:  0.000482316 

Model fitting method used was fitMk 

R thinks both model optimizations converged.

--------------------
Dependent MSSB

Pagel's binary character correlation test:

Assumes "ARD" substitution model for both characters

Independent model rate matrix:
          0|0       0|1       1|0       1|1
0|0 -0.046751  0.009244  0.037507  0.000000
0|1  0.045491 -0.082997  0.000000  0.037507
1|0  0.078576  0.000000 -0.087820  0.009244
1|1  0.000000  0.078576  0.045491 -0.124067

Dependent (x only) model rate matrix:
          0|0       0|1       1|0       1|1
0|0 -0.042225  0.009102  0.033123  0.000000
0|1  0.045595 -0.201236  0.000000  0.155641
1|0  0.101554  0.000000 -0.110656  0.009102
1|1  0.000000  0.121425  0.045595 -0.167020

Model fit:
            log-likelihood      AIC
independent      -405.5140 819.0281
dependent        -397.0507 806.1014

Hypothesis test result:
  likelihood-ratio:  16.9267 
  p-value:  0.000211068 

Model fitting method used was fitMk 

R thinks both model optimizations converged.

--------------------
Dependent RDM

Pagel's binary character correlation test:

Assumes "ARD" substitution model for both characters

Independent model rate matrix:
          0|0       0|1       1|0       1|1
0|0 -0.046751  0.009244  0.037507  0.000000
0|1  0.045491 -0.082997  0.000000  0.037507
1|0  0.078576  0.000000 -0.087820  0.009244
1|1  0.000000  0.078576  0.045491 -0.124067

Dependent (y only) model rate matrix:
          0|0       0|1       1|0       1|1
0|0 -0.038711  0.004105  0.034606  0.000000
0|1  0.076867 -0.111474  0.000000  0.034606
1|0  0.077925  0.000000 -0.109784  0.031858
1|1  0.000000  0.077925  0.026201 -0.104126

Model fit:
            log-likelihood      AIC
independent      -405.5140 819.0281
dependent        -400.1655 812.3310

Hypothesis test result:
  likelihood-ratio:  10.6971 
  p-value:  0.00475503 

Model fitting method used was fitMk 

R thinks both model optimizations converged.

--------------------
AIC
        independent       dependent SSB       dependent RDM dependent SSB & RDM 
           819.0281            806.1014            812.3310            806.9515 
Weights
        independent       dependent SSB       dependent RDM dependent SSB & RDM 
         0.00091758          0.58834404          0.02611564          0.38462274 
