Pagel's Directional Test for MSSB and RDM
--------------------
Both Independent or Dependent

Pagel's binary character correlation test:

Assumes "ARD" substitution model for both characters

Independent model rate matrix:
          0|0       0|1       1|0       1|1
0|0 -0.046492  0.009019  0.037473  0.000000
0|1  0.042669 -0.080142  0.000000  0.037473
1|0  0.077620  0.000000 -0.086639  0.009019
1|1  0.000000  0.077620  0.042669 -0.120289

Dependent (x & y) model rate matrix:
          0|0       0|1       1|0       1|1
0|0 -0.059851  0.008914  0.050937  0.000000
0|1  0.000000 -0.088329  0.000000  0.088329
1|0  0.178750  0.000000 -0.188947  0.010197
1|1  0.000000  0.027746  0.091973 -0.119718

Model fit:
            log-likelihood      AIC
independent      -408.7246 825.4493
dependent        -396.3859 808.7719

Hypothesis test result:
  likelihood-ratio:  24.6774 
  p-value:  5.84089e-05 

Model fitting method used was fitMk 

R thinks both model optimizations converged.

--------------------
Dependent MSSB

Pagel's binary character correlation test:

Assumes "ARD" substitution model for both characters

Independent model rate matrix:
          0|0       0|1       1|0       1|1
0|0 -0.046492  0.009019  0.037473  0.000000
0|1  0.042669 -0.080142  0.000000  0.037473
1|0  0.077620  0.000000 -0.086639  0.009019
1|1  0.000000  0.077620  0.042669 -0.120289

Dependent (x only) model rate matrix:
          0|0       0|1       1|0       1|1
0|0 -0.039187  0.009018  0.030169  0.000000
0|1  0.042073 -1.244972  0.000000  1.202899
1|0  0.093799  0.000000 -0.102816  0.009018
1|1  0.000000  0.978349  0.042073 -1.020422

Model fit:
            log-likelihood      AIC
independent      -408.7246 825.4493
dependent        -397.8818 807.7636

Hypothesis test result:
  likelihood-ratio:  21.6857 
  p-value:  1.95442e-05 

Model fitting method used was fitMk 

R thinks both model optimizations converged.

--------------------
Dependent RDM

Pagel's binary character correlation test:

Assumes "ARD" substitution model for both characters

Independent model rate matrix:
          0|0       0|1       1|0       1|1
0|0 -0.046492  0.009019  0.037473  0.000000
0|1  0.042669 -0.080142  0.000000  0.037473
1|0  0.077620  0.000000 -0.086639  0.009019
1|1  0.000000  0.077620  0.042669 -0.120289

Dependent (y only) model rate matrix:
          0|0       0|1       1|0       1|1
0|0 -0.039203  0.002969  0.036234  0.000000
0|1  0.073611 -0.109845  0.000000  0.036234
1|0  0.080401  0.000000 -0.114160  0.033759
1|1  0.000000  0.080401  0.019254 -0.099655

Model fit:
            log-likelihood      AIC
independent      -408.7246 825.4493
dependent        -401.9581 815.9161

Hypothesis test result:
  likelihood-ratio:  13.5332 
  p-value:  0.00115162 

Model fitting method used was fitMk 

R thinks both model optimizations converged.

--------------------
AIC
        independent       dependent SSB       dependent RDM dependent SSB & RDM 
           825.4493            807.7636            815.9161            808.7719 
Weights
        independent       dependent SSB       dependent RDM dependent SSB & RDM 
         0.00008908          0.61684528          0.01046848          0.37259716 
