Pagel's Directional Test for FSSB and HAR
--------------------
Both Independent or Dependent

Pagel's binary character correlation test:

Assumes "ARD" substitution model for both characters

Independent model rate matrix:
          0|0       0|1       1|0       1|1
0|0 -0.047645  0.024716  0.022928  0.000000
0|1  0.137437 -0.160365  0.000000  0.022928
1|0  0.074471  0.000000 -0.099188  0.024716
1|1  0.000000  0.074471  0.137437 -0.211908

Dependent (x & y) model rate matrix:
          0|0       0|1       1|0       1|1
0|0 -0.029305  0.016828  0.012477  0.000000
0|1  0.185326 -0.386131  0.000000  0.200805
1|0  0.024868  0.000000 -0.069002  0.044133
1|1  0.000000  0.395328  0.056606 -0.451933

Model fit:
            log-likelihood      AIC
independent      -376.1378 760.2757
dependent        -365.0672 746.1344

Hypothesis test result:
  likelihood-ratio:  22.1412 
  p-value:  0.000187854 

Model fitting method used was fitMk 

R thinks both model optimizations converged.

--------------------
Dependent FSSB

Pagel's binary character correlation test:

Assumes "ARD" substitution model for both characters

Independent model rate matrix:
          0|0       0|1       1|0       1|1
0|0 -0.047645  0.024716  0.022928  0.000000
0|1  0.137437 -0.160365  0.000000  0.022928
1|0  0.074471  0.000000 -0.099188  0.024716
1|1  0.000000  0.074471  0.137437 -0.211908

Dependent (x only) model rate matrix:
          0|0       0|1       1|0       1|1
0|0 -0.031891  0.021290  0.010601  0.000000
0|1  0.125328 -0.247094  0.000000  0.121766
1|0  0.056016  0.000000 -0.077306  0.021290
1|1  0.000000  0.172188  0.125328 -0.297515

Model fit:
            log-likelihood      AIC
independent      -376.1378 760.2757
dependent        -368.5337 749.0673

Hypothesis test result:
  likelihood-ratio:  15.2083 
  p-value:  0.000498367 

Model fitting method used was fitMk 

R thinks one or both likelihood optimizations did not converge.

--------------------
Dependent HAR

Pagel's binary character correlation test:

Assumes "ARD" substitution model for both characters

Independent model rate matrix:
          0|0       0|1       1|0       1|1
0|0 -0.047645  0.024716  0.022928  0.000000
0|1  0.137437 -0.160365  0.000000  0.022928
1|0  0.074471  0.000000 -0.099188  0.024716
1|1  0.000000  0.074471  0.137437 -0.211908

Dependent (y only) model rate matrix:
          0|0       0|1       1|0       1|1
0|0 -0.051293  0.028228  0.023065  0.000000
0|1  0.211134 -0.234199  0.000000  0.023065
1|0  0.075764  0.000000 -0.103025  0.027261
1|1  0.000000  0.075764  0.052429 -0.128193

Model fit:
            log-likelihood      AIC
independent      -376.1378 760.2757
dependent        -371.9238 755.8477

Hypothesis test result:
  likelihood-ratio:  8.428 
  p-value:  0.0147871 

Model fitting method used was fitMk 

R thinks both model optimizations converged.

--------------------
AIC
        independent       dependent SSB       dependent HAR dependent SSB & HAR 
           760.2757            749.0673            755.8477            746.1344 
Weights
        independent       dependent SSB       dependent HAR dependent SSB & HAR 
         0.00068559          0.18617793          0.00627473          0.80686175 
