Pagel's Directional Test for FSSB and HAR
--------------------
Both Independent or Dependent

Pagel's binary character correlation test:

Assumes "ARD" substitution model for both characters

Independent model rate matrix:
          0|0       0|1       1|0       1|1
0|0 -0.064871  0.026625  0.038246  0.000000
0|1  0.143415 -0.181661  0.000000  0.038246
1|0  0.120656  0.000000 -0.147281  0.026625
1|1  0.000000  0.120656  0.143415 -0.264071

Dependent (x & y) model rate matrix:
          0|0       0|1       1|0       1|1
0|0 -0.026777  0.013989  0.012788  0.000000
0|1  0.169225 -0.970929  0.000000  0.801704
1|0  0.025865  0.000000 -0.076322  0.050457
1|1  0.000000  1.371400  0.072572 -1.443972

Model fit:
            log-likelihood      AIC
independent      -384.4277 776.8553
dependent        -369.3742 754.7484

Hypothesis test result:
  likelihood-ratio:  30.107 
  p-value:  4.65504e-06 

Model fitting method used was fitMk 

R thinks one or both likelihood optimizations did not converge.

--------------------
Dependent FSSB

Pagel's binary character correlation test:

Assumes "ARD" substitution model for both characters

Independent model rate matrix:
          0|0       0|1       1|0       1|1
0|0 -0.064871  0.026625  0.038246  0.000000
0|1  0.143415 -0.181661  0.000000  0.038246
1|0  0.120656  0.000000 -0.147281  0.026625
1|1  0.000000  0.120656  0.143415 -0.264071

Dependent (x only) model rate matrix:
          0|0       0|1       1|0       1|1
0|0 -0.033231  0.021429  0.011802  0.000000
0|1  0.127144 -0.290626  0.000000  0.163482
1|0  0.061993  0.000000 -0.083422  0.021429
1|1  0.000000  0.247654  0.127144 -0.374798

Model fit:
            log-likelihood      AIC
independent      -384.4277 776.8553
dependent        -374.6518 761.3036

Hypothesis test result:
  likelihood-ratio:  19.5518 
  p-value:  5.6805e-05 

Model fitting method used was fitMk 

R thinks one or both likelihood optimizations did not converge.

--------------------
Dependent HAR

Pagel's binary character correlation test:

Assumes "ARD" substitution model for both characters

Independent model rate matrix:
          0|0       0|1       1|0       1|1
0|0 -0.064871  0.026625  0.038246  0.000000
0|1  0.143415 -0.181661  0.000000  0.038246
1|0  0.120656  0.000000 -0.147281  0.026625
1|1  0.000000  0.120656  0.143415 -0.264071

Dependent (y only) model rate matrix:
          0|0       0|1       1|0       1|1
0|0 -0.067897  0.034335  0.033562  0.000000
0|1  0.256969 -0.290531  0.000000  0.033562
1|0  0.109619  0.000000 -0.140681  0.031061
1|1  0.000000  0.109619  0.045051 -0.154670

Model fit:
            log-likelihood      AIC
independent      -384.4277 776.8553
dependent        -379.9587 771.9173

Hypothesis test result:
  likelihood-ratio:  8.93804 
  p-value:  0.0114586 

Model fitting method used was fitMk 

R thinks both model optimizations converged.

--------------------
AIC
        independent       dependent SSB       dependent HAR dependent SSB & HAR 
           776.8553            761.3036            771.9173            754.7484 
Weights
        independent       dependent SSB       dependent HAR dependent SSB & HAR 
         0.00001525          0.03634062          0.00018016          0.96346397 
